#Subj:	1001
#Run:	1
#Age:	22
#Gender:	female
#07-Dec-2012
#Subj:	1001
#Run:	1
#Age:	27
#Gender:	female
#07-Dec-2012
Func	Run	Trial	Block	Null	trialStartTime	Mag	ScoreInc	Freq	EV	RT	Emotion	Image
CEVR	   1	   1	  18	   0	1.054580e+02	 162	   0	2.275923e-01	3.677241e+01	 610	fear	fear_6.png	
CEVR	   1	   2	  18	   0	1.131568e+02	  83	   0	4.292343e-01	3.571230e+01	3283	fear	fear_13.png	
CEVR	   1	   3	  18	   0	1.201663e+02	 102	 102	3.640708e-01	  37	2743	fear	fear_3.png	
CEVR	   1	   4	  18	   0	1.262451e+02	 136	 136	2.787944e-01	3.783638e+01	1655	fear	fear_12.png	
CEVR	   1	   5	  18	   0	1.332579e+02	 157	   0	2.322453e-01	3.653551e+01	 724	fear	fear_11.png	
CEVR	   1	   6	  18	   0	1.411077e+02	 139	 139	2.656955e-01	3.700000e+01	1426	fear	fear_9.png	
CEVR	   1	   7	  18	   0	1.480471e+02	 124	 124	2.971547e-01	3.670285e+01	1942	fear	fear_19.png	
CEVR	   1	   8	  18	   0	1.551033e+02	 140	   0	2.569954e-01	3.597202e+01	1261	fear	fear_17.png	
CEVR	   1	   9	  18	   0	1.620552e+02	 132	   0	2.762961e-01	3.644741e+01	1613	fear	fear_4.png	
CEVR	   1	  10	  18	   0	1.693523e+02	 119	   0	3.244801e-01	3.862240e+01	2309	fear	fear_2.png	
CEVR	   1	  11	  18	   0	1.770919e+02	 114	   0	3.307791e-01	3.766156e+01	2385	fear	fear_14.png	
CEVR	   1	  12	  18	   0	1.831115e+02	 140	   0	2.617748e-01	3.673823e+01	1353	fear	fear_16.png	
CEVR	   1	  13	  18	   0	1.911628e+02	  79	   0	4.476322e-01	3.520947e+01	3407	fear	fear_8.png	
CEVR	   1	  14	  18	   0	1.977128e+02	 165	   0	2.198269e-01	3.634052e+01	 409	fear	fear_1.png	
CEVR	   1	  15	  18	   0	2.051957e+02	 152	   0	2.475153e-01	3.774255e+01	1068	fear	fear_10.png	
CEVR	   1	  16	  18	   0	2.126241e+02	 108	   0	3.516155e-01	3.805485e+01	2617	fear	fear_20.png	
CEVR	   1	  17	  18	   0	2.188278e+02	 141	 141	2.594670e-01	3.648107e+01	1309	fear	fear_18.png	
CEVR	   1	  18	  18	   0	2.255304e+02	 139	   0	2.701857e-01	3.754037e+01	1507	fear	fear_5.png	
CEVR	   1	  19	  18	   0	2.325441e+02	 131	   0	2.834318e-01	  37	1731	fear	fear_7.png	
CEVR	   1	  20	  18	   0	2.396961e+02	 135	   0	2.666804e-01	3.593328e+01	1444	fear	fear_15.png	
CEVR	   1	  21	  18	   0	2.469547e+02	 102	   0	3.720195e-01	3.811606e+01	2819	fear	fear_5.png	
CEVR	   1	  22	  18	   0	2.527552e+02	 139	 139	2.595711e-01	3.596172e+01	1311	fear	fear_13.png	
CEVR	   1	  23	  18	   0	2.596634e+02	 139	 139	2.595711e-01	3.596172e+01	1311	fear	fear_10.png	
CEVR	   1	  24	  18	   0	2.662925e+02	 140	   0	2.625177e-01	3.673748e+01	1367	fear	fear_6.png	
CEVR	   1	  25	  18	   0	2.739250e+02	  97	   0	3.883058e-01	3.777661e+01	2965	fear	fear_16.png	
CEVR	   1	  26	  18	   0	2.806932e+02	 148	   0	2.427366e-01	3.602905e+01	 965	fear	fear_4.png	
CEVR	   1	  27	  18	   0	2.877740e+02	 117	 117	3.053525e-01	3.577859e+01	2059	fear	fear_12.png	
CEVR	   1	  28	  18	   0	2.949069e+02	 148	 148	2.427366e-01	3.602905e+01	 965	fear	fear_1.png	
CEVR	   1	  29	  18	   0	3.019131e+02	 134	 134	2.702985e-01	3.618910e+01	1509	fear	fear_20.png	
CEVR	   1	  30	  18	   0	3.090316e+02	 106	 106	3.410587e-01	3.631788e+01	2503	fear	fear_19.png	
CEVR	   1	  31	  18	   0	3.165931e+02	  91	  91	3.949375e-01	3.581519e+01	3021	fear	fear_2.png	
CEVR	   1	  32	  18	   0	3.238480e+02	  86	   0	4.490291e-01	3.879612e+01	3416	fear	fear_17.png	
CEVR	   1	  33	  18	   0	3.306670e+02	 149	 149	2.506290e-01	3.725063e+01	1133	fear	fear_14.png	
CEVR	   1	  34	  18	   0	3.365957e+02	 144	 144	2.517986e-01	3.624460e+01	1157	fear	fear_9.png	
CEVR	   1	  35	  18	   0	3.436628e+02	 137	   0	2.773019e-01	3.810921e+01	1630	fear	fear_3.png	
CEVR	   1	  36	  18	   0	3.513605e+02	 128	   0	2.917324e-01	3.729173e+01	1861	fear	fear_8.png	
CEVR	   1	  37	  18	   0	3.584643e+02	 103	   0	3.486807e-01	3.595396e+01	2586	fear	fear_15.png	
CEVR	   1	  38	  18	   0	3.651767e+02	 147	 147	2.603015e-01	3.830151e+01	1325	fear	fear_7.png	
CEVR	   1	  39	  18	   0	3.713392e+02	 143	   0	2.544204e-01	3.649116e+01	1210	fear	fear_11.png	
CEVR	   1	  40	  18	   0	3.785378e+02	 110	   0	3.235882e-01	3.570565e+01	2298	fear	fear_18.png	
IEV	   1	  41	  17	   0	3.930389e+02	  26	   0	8.451927e-01	2.236850e+01	1292	scram	scram_10.png	
IEV	   1	  42	  17	   0	4.017209e+02	  46	  46	7.282615e-01	3.338078e+01	2208	scram	scram_20.png	
IEV	   1	  43	  17	   0	4.093541e+02	  48	  48	7.033686e-01	3.386735e+01	2358	scram	scram_9.png	
IEV	   1	  44	  17	   0	4.157848e+02	  22	  22	8.565465e-01	1.926792e+01	1160	scram	scram_11.png	
IEV	   1	  45	  17	   0	4.231804e+02	  83	  83	5.672458e-01	4.682166e+01	3081	scram	scram_2.png	
IEV	   1	  46	  17	   0	4.308566e+02	 114	 114	4.489372e-01	5.113710e+01	3653	scram	scram_5.png	
IEV	   1	  47	  17	   0	4.382925e+02	 132	   0	3.958370e-01	5.232952e+01	3908	scram	scram_1.png	
IEV	   1	  48	  17	   0	4.457389e+02	  94	  94	5.108699e-01	4.795615e+01	3356	scram	scram_14.png	
IEV	   1	  49	  17	   0	4.534286e+02	 111	   0	4.451761e-01	4.950609e+01	3671	scram	scram_13.png	
IEV	   1	  50	  17	   0	4.600605e+02	  28	  28	8.385916e-01	2.313377e+01	1362	scram	scram_7.png	
IEV	   1	  51	  17	   0	4.669025e+02	  37	  37	7.918166e-01	2.952897e+01	1773	scram	scram_6.png	
IEV	   1	  52	  17	   0	4.735104e+02	  43	  43	7.437439e-01	3.214334e+01	2110	scram	scram_12.png	
IEV	   1	  53	  17	   0	4.813214e+02	  46	  46	7.121559e-01	3.248206e+01	2306	scram	scram_17.png	
IEV	   1	  54	  17	   0	4.877262e+02	  20	  20	8.745272e-01	1.766062e+01	 904	scram	scram_16.png	
IEV	   1	  55	  17	   0	4.948159e+02	  57	   0	6.817770e-01	3.887525e+01	2482	scram	scram_15.png	
IEV	   1	  56	  17	   0	5.014298e+02	  35	  35	8.217770e-01	2.908132e+01	1524	scram	scram_3.png	
IEV	   1	  57	  17	   0	5.086346e+02	  41	   0	7.457492e-01	3.048792e+01	2097	scram	scram_4.png	
IEV	   1	  58	  17	   0	5.165703e+02	  60	   0	6.693955e-01	4.036656e+01	2551	scram	scram_18.png	
IEV	   1	  59	  17	   0	5.229305e+02	  31	  31	8.340349e-01	2.614884e+01	1408	scram	scram_19.png	
IEV	   1	  60	  17	   0	5.297926e+02	  27	  27	8.591620e-01	2.322402e+01	1127	scram	scram_8.png	
IEV	   1	  61	  17	   0	5.372336e+02	  26	  26	8.382022e-01	2.150166e+01	1366	scram	scram_16.png	
IEV	   1	  62	  17	   0	5.440626e+02	  24	  24	8.828926e-01	2.077467e+01	 749	scram	scram_14.png	
IEV	   1	  63	  17	   0	5.518014e+02	  14	  14	8.975158e-01	1.274471e+01	 287	scram	scram_13.png	
IEV	   1	  64	  17	   0	5.595982e+02	  27	  27	8.703298e-01	2.349212e+01	 971	scram	scram_12.png	
IEV	   1	  65	  17	   0	5.662566e+02	  25	  25	8.689407e-01	2.194239e+01	 992	scram	scram_17.png	
IEV	   1	  66	  17	   0	5.731203e+02	  26	  26	8.796102e-01	2.304320e+01	 814	scram	scram_8.png	
IEV	   1	  67	  17	   0	5.795012e+02	  21	  21	8.883149e-01	1.898979e+01	 624	scram	scram_4.png	
IEV	   1	  68	  17	   0	5.882264e+02	  89	   0	5.366763e-01	4.777392e+01	3231	scram	scram_5.png	
IEV	   1	  69	  17	   0	5.953194e+02	  19	  19	8.677903e-01	1.689194e+01	1009	scram	scram_3.png	
IEV	   1	  70	  17	   0	6.019926e+02	  24	  24	8.519042e-01	2.070837e+01	1216	scram	scram_20.png	
IEV	   1	  71	  17	   0	6.084215e+02	  31	  31	8.206691e-01	2.508871e+01	1534	scram	scram_9.png	
IEV	   1	  72	  17	   0	6.142826e+02	  20	  20	8.678586e-01	1.775015e+01	1008	scram	scram_10.png	
IEV	   1	  73	  17	   0	6.211357e+02	  18	   0	8.695404e-01	1.577349e+01	 983	scram	scram_7.png	
IEV	   1	  74	  17	   0	6.283581e+02	  59	   0	6.730102e-01	3.945961e+01	2531	scram	scram_2.png	
IEV	   1	  75	  17	   0	6.346905e+02	  37	   0	7.688887e-01	2.848384e+01	1941	scram	scram_18.png	
IEV	   1	  76	  17	   0	6.418897e+02	  23	  23	8.844821e-01	2.051962e+01	 715	scram	scram_15.png	
IEV	   1	  77	  17	   0	6.481436e+02	  20	  20	8.811145e-01	1.752885e+01	 785	scram	scram_19.png	
IEV	   1	  78	  17	   0	6.543357e+02	  23	  23	8.865375e-01	2.018059e+01	 668	scram	scram_11.png	
IEV	   1	  79	  17	   0	6.601205e+02	  20	  20	8.654197e-01	1.722329e+01	1043	scram	scram_1.png	
IEV	   1	  80	  17	   0	6.674260e+02	  22	  22	8.860282e-01	1.937959e+01	 680	scram	scram_6.png	
DEV	   1	  81	  16	   0	6.822685e+02	  74	  74	7.054880e-01	5.200649e+01	 739	happy	happy_8.png	
DEV	   1	  82	  16	   0	6.893376e+02	  75	   0	6.006672e-01	4.479773e+01	1216	happy	happy_2.png	
DEV	   1	  83	  16	   0	6.959212e+02	  79	   0	4.137798e-01	3.248858e+01	2439	happy	happy_4.png	
DEV	   1	  84	  16	   0	7.024015e+02	  76	   0	6.824860e-01	5.212547e+01	 837	happy	happy_10.png	
DEV	   1	  85	  16	   0	7.111579e+02	  82	   0	3.649086e-01	2.991754e+01	2936	happy	happy_17.png	
DEV	   1	  86	  16	   0	7.198700e+02	  81	  81	5.698215e-01	4.637045e+01	1375	happy	happy_16.png	
DEV	   1	  87	  16	   0	7.257990e+02	  69	   0	7.090731e-01	4.865110e+01	 724	happy	happy_5.png	
DEV	   1	  88	  16	   0	7.319884e+02	  78	  78	5.547236e-01	4.313794e+01	1457	happy	happy_6.png	
DEV	   1	  89	  16	   0	7.384078e+02	  81	  81	5.821806e-01	4.719092e+01	1310	happy	happy_19.png	
DEV	   1	  90	  16	   0	7.446526e+02	  76	  76	6.524620e-01	4.972138e+01	 970	happy	happy_12.png	
DEV	   1	  91	  16	   0	7.514345e+02	  75	  75	5.864422e-01	4.395316e+01	1288	happy	happy_7.png	
DEV	   1	  92	  16	   0	7.586385e+02	  69	  69	6.708086e-01	4.608610e+01	 888	happy	happy_15.png	
DEV	   1	  93	  16	   0	7.653561e+02	  74	   0	5.459635e-01	4.039549e+01	1506	happy	happy_20.png	
DEV	   1	  94	  16	   0	7.727442e+02	  71	   0	7.209011e-01	5.137292e+01	 675	happy	happy_13.png	
DEV	   1	  95	  16	   0	7.793317e+02	  72	  72	7.978216e-01	5.726190e+01	 372	happy	happy_1.png	
DEV	   1	  96	  16	   0	7.865743e+02	  79	   0	3.625433e-01	2.866281e+01	2963	happy	happy_11.png	
DEV	   1	  97	  16	   0	7.937777e+02	  71	   0	6.908503e-01	4.914631e+01	 801	happy	happy_9.png	
DEV	   1	  98	  16	   0	8.007777e+02	  75	  75	5.170718e-01	3.864167e+01	1676	happy	happy_18.png	
DEV	   1	  99	  16	   0	8.073529e+02	  74	   0	4.960598e-01	3.684553e+01	1809	happy	happy_14.png	
DEV	   1	 100	  16	   0	8.137819e+02	  71	  71	6.629126e-01	4.701397e+01	 923	happy	happy_3.png	
DEV	   1	 101	  16	   0	8.223823e+02	  82	  82	4.226869e-01	3.477094e+01	2360	happy	happy_14.png	
DEV	   1	 102	  16	   0	8.303648e+02	  78	  78	5.925147e-01	4.609271e+01	1257	happy	happy_2.png	
DEV	   1	 103	  16	   0	8.379499e+02	  79	  79	4.918098e-01	3.904349e+01	1837	happy	happy_15.png	
DEV	   1	 104	  16	   0	8.460859e+02	  84	   0	4.299354e-01	3.613908e+01	2298	happy	happy_17.png	
DEV	   1	 105	  16	   0	8.526551e+02	  76	   0	6.456655e-01	4.932220e+01	1001	happy	happy_12.png	
DEV	   1	 106	  16	   0	8.596221e+02	  69	  69	7.891444e-01	5.451094e+01	 405	happy	happy_9.png	
DEV	   1	 107	  16	   0	8.675472e+02	  83	   0	3.684581e-01	3.053625e+01	2896	happy	happy_5.png	
DEV	   1	 108	  16	   0	8.734055e+02	  68	  68	7.802776e-01	5.335465e+01	 439	happy	happy_13.png	
DEV	   1	 109	  16	   0	8.792777e+02	  74	  74	6.445765e-01	4.796878e+01	1006	happy	happy_1.png	
DEV	   1	 110	  16	   0	8.852118e+02	  78	   0	6.159368e-01	4.815433e+01	1141	happy	happy_7.png	
DEV	   1	 111	  16	   0	8.920362e+02	  74	   0	4.807171e-01	3.541861e+01	1912	happy	happy_16.png	
DEV	   1	 112	  16	   0	9.000508e+02	  73	   0	5.302101e-01	3.891402e+01	1597	happy	happy_20.png	
DEV	   1	 113	  16	   0	9.069901e+02	  85	  85	4.494989e-01	3.798966e+01	2140	happy	happy_4.png	
DEV	   1	 114	  16	   0	9.149998e+02	  87	  87	3.356321e-01	2.916994e+01	3288	happy	happy_3.png	
DEV	   1	 115	  16	   0	9.220266e+02	  83	   0	4.056481e-01	3.356848e+01	2514	happy	happy_11.png	
DEV	   1	 116	  16	   0	9.276952e+02	  72	   0	7.388489e-01	5.298771e+01	 602	happy	happy_19.png	
DEV	   1	 117	  16	   0	9.357750e+02	  85	   0	4.020609e-01	3.411807e+01	2548	happy	happy_6.png	
DEV	   1	 118	  16	   0	9.419783e+02	  70	  70	6.737659e-01	4.690765e+01	 875	happy	happy_10.png	
DEV	   1	 119	  16	   0	9.487044e+02	  75	  75	5.123727e-01	3.835266e+01	1705	happy	happy_18.png	
DEV	   1	 120	  16	   0	9.565209e+02	  73	   0	5.536404e-01	4.030088e+01	1463	happy	happy_8.png	
CEVR	   1	 121	  15	   0	9.900831e+02	 116	   0	3.290978e-01	3.831639e+01	2365	scram	scram_18.png	
CEVR	   1	 122	  15	   0	9.983075e+02	 128	   0	2.863144e-01	3.671369e+01	1777	scram	scram_19.png	
CEVR	   1	 123	  15	   0	1.004874e+03	 162	   0	2.348993e-01	3.793960e+01	 787	scram	scram_9.png	
CEVR	   1	 124	  15	   0	1.011608e+03	 118	   0	3.263609e-01	3.863180e+01	2332	scram	scram_17.png	
CEVR	   1	 125	  15	   0	1.018528e+03	 130	   0	2.812772e-01	3.643745e+01	1696	scram	scram_5.png	
CEVR	   1	 126	  15	   0	1.025068e+03	 156	   0	2.328299e-01	3.630151e+01	 738	scram	scram_16.png	
CEVR	   1	 127	  15	   0	1.033398e+03	  87	   0	4.341267e-01	3.786825e+01	3317	scram	scram_8.png	
CEVR	   1	 128	  15	   0	1.041219e+03	 144	   0	2.548711e-01	3.674513e+01	1219	scram	scram_12.png	
CEVR	   1	 129	  15	   0	1.047428e+03	 164	   0	2.301404e-01	3.769042e+01	 673	scram	scram_14.png	
CEVR	   1	 130	  15	   0	1.053564e+03	 166	   0	2.247094e-01	3.722471e+01	 537	scram	scram_15.png	
CEVR	   1	 131	  15	   0	1.060111e+03	 167	 167	2.215569e-01	3.700000e+01	 455	scram	scram_20.png	
CEVR	   1	 132	  15	   0	1.067676e+03	 174	   0	2.152951e-01	3.743059e+01	 285	scram	scram_3.png	
CEVR	   1	 133	  15	   0	1.073509e+03	 164	   0	2.240484e-01	3.677595e+01	 520	scram	scram_11.png	
CEVR	   1	 134	  15	   0	1.079685e+03	 155	   0	2.359264e-01	3.652815e+01	 811	scram	scram_1.png	
CEVR	   1	 135	  15	   0	1.086497e+03	 132	   0	2.801211e-01	3.700000e+01	1677	scram	scram_7.png	
CEVR	   1	 136	  15	   0	1.093184e+03	 159	 159	2.286774e-01	3.631397e+01	 637	scram	scram_10.png	
CEVR	   1	 137	  15	   0	1.099366e+03	 160	   0	2.277524e-01	3.654450e+01	 614	scram	scram_4.png	
CEVR	   1	 138	  15	   0	1.106593e+03	 166	   0	2.273126e-01	3.768194e+01	 603	scram	scram_2.png	
CEVR	   1	 139	  15	   0	1.113135e+03	 160	   0	2.245146e-01	3.587743e+01	 532	scram	scram_6.png	
CEVR	   1	 140	  15	   0	1.119305e+03	 167	   0	2.270337e-01	3.790813e+01	 596	scram	scram_13.png	
CEVR	   1	 141	  15	   0	1.125951e+03	 160	   0	2.247874e-01	3.587606e+01	 539	scram	scram_10.png	
CEVR	   1	 142	  15	   0	1.131694e+03	 161	   0	2.328718e-01	3.746574e+01	 739	scram	scram_19.png	
CEVR	   1	 143	  15	   0	1.138168e+03	 177	   0	2.055556e-01	3.638333e+01	   0	scram	scram_17.png	
CEVR	   1	 144	  15	   0	1.145292e+03	 182	   0	2.055556e-01	3.741111e+01	   0	scram	scram_8.png	
CEVR	   1	 145	  15	   0	1.151637e+03	 181	   0	2.055556e-01	3.720556e+01	   0	scram	scram_16.png	
CEVR	   1	 146	  15	   0	1.157403e+03	 172	   0	2.118783e-01	3.636437e+01	 188	scram	scram_20.png	
CEVR	   1	 147	  15	   0	1.163048e+03	 173	   0	2.170270e-01	3.765108e+01	 333	scram	scram_5.png	
CEVR	   1	 148	  15	   0	1.169935e+03	 164	 164	2.205757e-01	3.611770e+01	 429	scram	scram_6.png	
CEVR	   1	 149	  15	   0	1.177765e+03	 141	   0	2.551724e-01	3.597931e+01	1225	scram	scram_1.png	
CEVR	   1	 150	  15	   0	1.184998e+03	 151	   0	2.406169e-01	3.627815e+01	 918	scram	scram_3.png	
CEVR	   1	 151	  15	   0	1.191187e+03	 147	 147	2.452652e-01	3.601894e+01	1020	scram	scram_12.png	
CEVR	   1	 152	  15	   0	1.196871e+03	 158	   0	2.362708e-01	3.723627e+01	 819	scram	scram_4.png	
CEVR	   1	 153	  15	   0	1.203591e+03	 164	 164	2.226616e-01	3.655468e+01	 484	scram	scram_15.png	
CEVR	   1	 154	  15	   0	1.212720e+03	 107	 107	3.386506e-01	3.632270e+01	2476	scram	scram_9.png	
CEVR	   1	 155	  15	   0	1.220502e+03	  81	   0	4.543860e-01	  37	3450	scram	scram_14.png	
CEVR	   1	 156	  15	   0	1.226431e+03	 161	 161	2.315808e-01	3.723158e+01	 708	scram	scram_7.png	
CEVR	   1	 157	  15	   0	1.232466e+03	 159	 159	2.318296e-01	3.676817e+01	 714	scram	scram_18.png	
CEVR	   1	 158	  15	   0	1.239362e+03	 127	   0	2.904239e-01	3.700000e+01	1841	scram	scram_2.png	
CEVR	   1	 159	  15	   0	1.245037e+03	 157	   0	2.438336e-01	3.821917e+01	 989	scram	scram_11.png	
CEVR	   1	 160	  15	   0	1.253819e+03	 113	   0	3.262787e-01	  37	2331	scram	scram_13.png	
IEV	   1	 161	  14	   0	1.264455e+03	  13	   0	9.000000e-01	1.144028e+01	   0	fear	fear_6.png	
IEV	   1	 162	  14	   0	1.271780e+03	  21	   0	8.977881e-01	1.897103e+01	 270	fear	fear_19.png	
IEV	   1	 163	  14	   0	1.279951e+03	  38	  38	7.956849e-01	2.996665e+01	1743	fear	fear_1.png	
IEV	   1	 164	  14	   0	1.286194e+03	  29	   0	8.214455e-01	2.418584e+01	1527	fear	fear_16.png	
IEV	   1	 165	  14	   0	1.293632e+03	  59	   0	6.392012e-01	3.777311e+01	2714	fear	fear_17.png	
IEV	   1	 166	  14	   0	1.300321e+03	  22	  22	8.789689e-01	1.962307e+01	 826	fear	fear_8.png	
IEV	   1	 167	  14	   0	1.308724e+03	  78	   0	5.636055e-01	4.418639e+01	3099	fear	fear_13.png	
IEV	   1	 168	  14	   0	1.316026e+03	  25	  25	8.763494e-01	2.176964e+01	 873	fear	fear_10.png	
IEV	   1	 169	  14	   0	1.321619e+03	  22	   0	8.791302e-01	1.959841e+01	 823	fear	fear_4.png	
IEV	   1	 170	  14	   0	1.329031e+03	  35	  35	7.988552e-01	2.807505e+01	1718	fear	fear_2.png	
IEV	   1	 171	  14	   0	1.336443e+03	  28	  28	8.489603e-01	2.361673e+01	1250	fear	fear_18.png	
IEV	   1	 172	  14	   0	1.343714e+03	  36	  36	8.144317e-01	2.899110e+01	1589	fear	fear_5.png	
IEV	   1	 173	  14	   0	1.349940e+03	  27	  27	8.457398e-01	2.314955e+01	1286	fear	fear_20.png	
IEV	   1	 174	  14	   0	1.358250e+03	  36	  36	8.217770e-01	2.990310e+01	1524	fear	fear_9.png	
IEV	   1	 175	  14	   0	1.364608e+03	  35	  35	8.186546e-01	2.857336e+01	1552	fear	fear_11.png	
IEV	   1	 176	  14	   0	1.371139e+03	  30	  30	8.610084e-01	2.557265e+01	1103	fear	fear_3.png	
IEV	   1	 177	  14	   0	1.380403e+03	  41	  41	7.587194e-01	3.089759e+01	2011	fear	fear_14.png	
IEV	   1	 178	  14	   0	1.386854e+03	  21	  21	8.721903e-01	1.800302e+01	 942	fear	fear_7.png	
IEV	   1	 179	  14	   0	1.395012e+03	  64	  64	6.467268e-01	4.114386e+01	2674	fear	fear_15.png	
IEV	   1	 180	  14	   0	1.400727e+03	  21	  21	8.864534e-01	1.842178e+01	 670	fear	fear_12.png	
IEV	   1	 181	  14	   0	1.407656e+03	  20	  20	8.619889e-01	1.682988e+01	1090	fear	fear_18.png	
IEV	   1	 182	  14	   0	1.414298e+03	  30	  30	8.326137e-01	2.463697e+01	1422	fear	fear_10.png	
IEV	   1	 183	  14	   0	1.421383e+03	  46	   0	7.437439e-01	3.437457e+01	2110	fear	fear_11.png	
IEV	   1	 184	  14	   0	1.428814e+03	  29	  29	8.218874e-01	2.413894e+01	1523	fear	fear_8.png	
IEV	   1	 185	  14	   0	1.436207e+03	  19	  19	8.712364e-01	1.639810e+01	 957	fear	fear_16.png	
IEV	   1	 186	  14	   0	1.442623e+03	  20	  20	8.633974e-01	1.750100e+01	1071	fear	fear_20.png	
IEV	   1	 187	  14	   0	1.448926e+03	  20	  20	8.785351e-01	1.793206e+01	 834	fear	fear_6.png	
IEV	   1	 188	  14	   0	1.458972e+03	  31	  31	8.250521e-01	2.545048e+01	1494	fear	fear_5.png	
IEV	   1	 189	  14	   0	1.465610e+03	  47	  47	7.492685e-01	3.543597e+01	2074	fear	fear_17.png	
IEV	   1	 190	  14	   0	1.473029e+03	  46	   0	7.258360e-01	3.357031e+01	2223	fear	fear_15.png	
IEV	   1	 191	  14	   0	1.478926e+03	  16	   0	8.791302e-01	1.432362e+01	 823	fear	fear_1.png	
IEV	   1	 192	  14	   0	1.485752e+03	  46	  46	7.149929e-01	3.297398e+01	2289	fear	fear_13.png	
IEV	   1	 193	  14	   0	1.492794e+03	  40	  40	7.728566e-01	3.121845e+01	1913	fear	fear_19.png	
IEV	   1	 194	  14	   0	1.499373e+03	  25	  25	8.529206e-01	2.143494e+01	1204	fear	fear_2.png	
IEV	   1	 195	  14	   0	1.505360e+03	  24	  24	8.803445e-01	2.117195e+01	 800	fear	fear_3.png	
IEV	   1	 196	  14	   0	1.511661e+03	  20	   0	8.659154e-01	1.715453e+01	1036	fear	fear_4.png	
IEV	   1	 197	  14	   0	1.518358e+03	  26	  26	8.669642e-01	2.220992e+01	1021	fear	fear_7.png	
IEV	   1	 198	  14	   0	1.524128e+03	  20	  20	8.815683e-01	1.745657e+01	 776	fear	fear_14.png	
IEV	   1	 199	  14	   0	1.530665e+03	  23	  23	8.619889e-01	1.941585e+01	1090	fear	fear_9.png	
IEV	   1	 200	  14	   0	1.538631e+03	  32	  32	8.035803e-01	2.601403e+01	1680	fear	fear_12.png	
CEVR	   1	 201	  13	   0	1.563092e+03	 178	   0	2.055556e-01	3.658889e+01	   0	happy	happy_3.png	
CEVR	   1	 202	  13	   0	1.569604e+03	 171	 171	2.216327e-01	3.788653e+01	 457	happy	happy_2.png	
CEVR	   1	 203	  13	   0	1.576543e+03	 158	   0	2.399481e-01	3.795979e+01	 903	happy	happy_17.png	
CEVR	   1	 204	  13	   0	1.583003e+03	 153	   0	2.334595e-01	3.583270e+01	 753	happy	happy_7.png	
CEVR	   1	 205	  13	   0	1.589483e+03	 160	   0	2.346440e-01	3.746929e+01	 781	happy	happy_6.png	
CEVR	   1	 206	  13	   0	1.597049e+03	 124	   0	2.987313e-01	  37	1965	happy	happy_9.png	
CEVR	   1	 207	  13	   0	1.604105e+03	 167	 167	2.273126e-01	3.790925e+01	 603	happy	happy_12.png	
CEVR	   1	 208	  13	   0	1.611052e+03	 134	 134	2.712042e-01	3.645759e+01	1525	happy	happy_19.png	
CEVR	   1	 209	  13	   0	1.618056e+03	 136	   0	2.658592e-01	3.620242e+01	1429	happy	happy_5.png	
CEVR	   1	 210	  13	   0	1.625124e+03	 131	   0	2.872034e-01	3.757441e+01	1791	happy	happy_15.png	
CEVR	   1	 211	  13	   0	1.631954e+03	 141	 141	2.640163e-01	3.726402e+01	1395	happy	happy_8.png	
CEVR	   1	 212	  13	   0	1.638718e+03	 140	   0	2.729764e-01	3.809191e+01	1556	happy	happy_10.png	
CEVR	   1	 213	  13	   0	1.646174e+03	 154	   0	2.364865e-01	3.652703e+01	 824	happy	happy_11.png	
CEVR	   1	 214	  13	   0	1.651857e+03	 185	   0	2.055556e-01	3.802778e+01	   0	happy	happy_4.png	
CEVR	   1	 215	  13	   0	1.657811e+03	 162	   0	2.323287e-01	3.769699e+01	 726	happy	happy_16.png	
CEVR	   1	 216	  13	   0	1.664177e+03	 141	   0	2.620927e-01	3.700000e+01	1359	happy	happy_18.png	
CEVR	   1	 217	  13	   0	1.670249e+03	 139	   0	2.622519e-01	3.647550e+01	1362	happy	happy_14.png	
CEVR	   1	 218	  13	   0	1.677185e+03	 113	   0	3.276822e-01	3.700000e+01	2348	happy	happy_1.png	
CEVR	   1	 219	  13	   0	1.683634e+03	 152	 152	2.404382e-01	3.651912e+01	 914	happy	happy_13.png	
CEVR	   1	 220	  13	   0	1.691010e+03	 135	   0	2.742482e-01	  37	1578	happy	happy_20.png	
CEVR	   1	 221	  13	   0	1.697573e+03	 128	   0	2.971547e-01	3.789146e+01	1942	happy	happy_3.png	
CEVR	   1	 222	  13	   0	1.704945e+03	 154	 154	2.429188e-01	3.748584e+01	 969	happy	happy_10.png	
CEVR	   1	 223	  13	   0	1.712679e+03	  86	   0	4.059561e-01	3.497022e+01	3110	happy	happy_6.png	
CEVR	   1	 224	  13	   0	1.719625e+03	 158	   0	2.319126e-01	3.653617e+01	 716	happy	happy_9.png	
CEVR	   1	 225	  13	   0	1.726840e+03	 127	 127	3.044194e-01	3.852210e+01	2046	happy	happy_19.png	
CEVR	   1	 226	  13	   0	1.732586e+03	 181	   0	2.081659e-01	3.762450e+01	  79	happy	happy_4.png	
CEVR	   1	 227	  13	   0	1.739924e+03	 156	   0	2.393715e-01	3.723937e+01	 890	happy	happy_18.png	
CEVR	   1	 228	  13	   0	1.747114e+03	 132	   0	2.879698e-01	3.815188e+01	1803	happy	happy_20.png	
CEVR	   1	 229	  13	   0	1.753548e+03	 145	   0	2.578654e-01	3.751573e+01	1278	happy	happy_17.png	
CEVR	   1	 230	  13	   0	1.760278e+03	 149	   0	2.410199e-01	3.579490e+01	 927	happy	happy_7.png	
CEVR	   1	 231	  13	   0	1.768950e+03	  91	   0	4.122891e-01	3.741229e+01	3159	happy	happy_11.png	
CEVR	   1	 232	  13	   0	1.775853e+03	 153	   0	2.407511e-01	3.675925e+01	 921	happy	happy_14.png	
CEVR	   1	 233	  13	   0	1.781675e+03	 159	   0	2.379203e-01	3.771376e+01	 857	happy	happy_16.png	
CEVR	   1	 234	  13	   0	1.788209e+03	 137	   0	2.676726e-01	3.673233e+01	1462	happy	happy_8.png	
CEVR	   1	 235	  13	   0	1.795747e+03	 149	   0	2.560301e-01	3.802412e+01	1242	happy	happy_12.png	
CEVR	   1	 236	  13	   0	1.803191e+03	 116	 116	3.246428e-01	3.764929e+01	2311	happy	happy_5.png	
CEVR	   1	 237	  13	   0	1.810362e+03	 150	 150	2.499517e-01	3.749990e+01	1119	happy	happy_2.png	
CEVR	   1	 238	  13	   0	1.817547e+03	 145	   0	2.534743e-01	3.674653e+01	1191	happy	happy_15.png	
CEVR	   1	 239	  13	   0	1.823649e+03	 121	   0	3.167034e-01	3.826681e+01	2211	happy	happy_13.png	
CEVR	   1	 240	  13	   0	1.829503e+03	 142	   0	2.603538e-01	3.700000e+01	1326	happy	happy_1.png	
DEV	   1	 241	  12	   0	1.860240e+03	  65	   0	9.000000e-01	5.805972e+01	   0	scram	scram_11.png	
DEV	   1	 242	  12	   0	1.867010e+03	  82	   0	5.368798e-01	4.414352e+01	1558	scram	scram_7.png	
DEV	   1	 243	  12	   0	1.874886e+03	  78	  78	4.736949e-01	3.688405e+01	1961	scram	scram_13.png	
DEV	   1	 244	  12	   0	1.881325e+03	  73	   0	5.858587e-01	4.274655e+01	1291	scram	scram_10.png	
DEV	   1	 245	  12	   0	1.887087e+03	  75	   0	7.566699e-01	5.686815e+01	 531	scram	scram_2.png	
DEV	   1	 246	  12	   0	1.894227e+03	  79	   0	4.907566e-01	3.897340e+01	1844	scram	scram_18.png	
DEV	   1	 247	  12	   0	1.902458e+03	  74	   0	5.226655e-01	3.846170e+01	1642	scram	scram_15.png	
DEV	   1	 248	  12	   0	1.909133e+03	  80	  80	4.461678e-01	3.551796e+01	2166	scram	scram_1.png	
DEV	   1	 249	  12	   0	1.917736e+03	  87	   0	3.258265e-01	2.841829e+01	3413	scram	scram_9.png	
DEV	   1	 250	  12	   0	1.925690e+03	  81	  81	5.620197e-01	4.528618e+01	1417	scram	scram_17.png	
DEV	   1	 251	  12	   0	1.934111e+03	  86	   0	3.076555e-01	2.638977e+01	3649	scram	scram_6.png	
DEV	   1	 252	  12	   0	1.940172e+03	  71	  71	6.408889e-01	4.519434e+01	1023	scram	scram_5.png	
DEV	   1	 253	  12	   0	1.946386e+03	  71	   0	6.834104e-01	4.876121e+01	 833	scram	scram_14.png	
DEV	   1	 254	  12	   0	1.954526e+03	  82	   0	3.045073e-01	2.493027e+01	3690	scram	scram_8.png	
DEV	   1	 255	  12	   0	1.960817e+03	  73	  73	7.810569e-01	5.729262e+01	 436	scram	scram_20.png	
DEV	   1	 256	  12	   0	1.967631e+03	  72	  72	7.420854e-01	5.314535e+01	 589	scram	scram_4.png	
DEV	   1	 257	  12	   0	1.976462e+03	  88	   0	2.797279e-01	2.449523e+01	4007	scram	scram_3.png	
DEV	   1	 258	  12	   0	1.982558e+03	  71	  71	7.894063e-01	5.610070e+01	 404	scram	scram_16.png	
DEV	   1	 259	  12	   0	1.989203e+03	  75	   0	6.259504e-01	4.689399e+01	1093	scram	scram_12.png	
DEV	   1	 260	  12	   0	1.995607e+03	  83	   0	4.660204e-01	3.871192e+01	2016	scram	scram_19.png	
DEV	   1	 261	  12	   0	2.003072e+03	  70	   0	6.331567e-01	4.414686e+01	1059	scram	scram_4.png	
DEV	   1	 262	  12	   0	2.010900e+03	  80	   0	4.105991e-01	3.268720e+01	2468	scram	scram_11.png	
DEV	   1	 263	  12	   0	2.017504e+03	  70	   0	6.529032e-01	4.582976e+01	 968	scram	scram_8.png	
DEV	   1	 264	  12	   0	2.024997e+03	  74	  74	5.662742e-01	4.216949e+01	1394	scram	scram_3.png	
DEV	   1	 265	  12	   0	2.033914e+03	  75	  75	5.280139e-01	3.983867e+01	1610	scram	scram_17.png	
DEV	   1	 266	  12	   0	2.039948e+03	  77	   0	5.509454e-01	4.234655e+01	1478	scram	scram_5.png	
DEV	   1	 267	  12	   0	2.045893e+03	  73	  73	6.703548e-01	4.874478e+01	 890	scram	scram_16.png	
DEV	   1	 268	  12	   0	2.053064e+03	  78	   0	4.912076e-01	3.851221e+01	1841	scram	scram_14.png	
DEV	   1	 269	  12	   0	2.060216e+03	  87	   0	3.512158e-01	3.070224e+01	3096	scram	scram_6.png	
DEV	   1	 270	  12	   0	2.066923e+03	  72	   0	6.822551e-01	4.938325e+01	 838	scram	scram_13.png	
DEV	   1	 271	  12	   0	2.073148e+03	  73	  73	5.578085e-01	4.054465e+01	1440	scram	scram_18.png	
DEV	   1	 272	  12	   0	2.082537e+03	  77	  77	3.866308e-01	2.989362e+01	2701	scram	scram_2.png	
DEV	   1	 273	  12	   0	2.089739e+03	  71	  71	6.811017e-01	4.864077e+01	 843	scram	scram_1.png	
DEV	   1	 274	  12	   0	2.096752e+03	  68	  68	6.838731e-01	4.673367e+01	 831	scram	scram_9.png	
DEV	   1	 275	  12	   0	2.103491e+03	  75	  75	4.862848e-01	3.624386e+01	1874	scram	scram_7.png	
DEV	   1	 276	  12	   0	2.110078e+03	  76	   0	6.087537e-01	4.648989e+01	1176	scram	scram_12.png	
DEV	   1	 277	  12	   0	2.117627e+03	  86	   0	4.105991e-01	3.515080e+01	2468	scram	scram_20.png	
DEV	   1	 278	  12	   0	2.124186e+03	  76	  76	7.589540e-01	5.774307e+01	 522	scram	scram_19.png	
DEV	   1	 279	  12	   0	2.129901e+03	  76	  76	5.986661e-01	4.527832e+01	1226	scram	scram_10.png	
DEV	   1	 280	  12	   0	2.135951e+03	  71	  71	7.143616e-01	5.104581e+01	 702	scram	scram_15.png	
IEV	   1	 281	  11	   0	2.146658e+03	  13	   0	9.000000e-01	1.144028e+01	   0	happy	happy_1.png	
IEV	   1	 282	  11	   0	2.153085e+03	  18	  18	8.772604e-01	1.549500e+01	 857	happy	happy_3.png	
IEV	   1	 283	  11	   0	2.159030e+03	  30	  30	8.460123e-01	2.565557e+01	1283	happy	happy_17.png	
IEV	   1	 284	  11	   0	2.165749e+03	  36	   0	7.973395e-01	2.901635e+01	1730	happy	happy_16.png	
IEV	   1	 285	  11	   0	2.173529e+03	  49	   0	7.376593e-01	3.632380e+01	2149	happy	happy_9.png	
IEV	   1	 286	  11	   0	2.180017e+03	  19	  19	8.757114e-01	1.660827e+01	 884	happy	happy_2.png	
IEV	   1	 287	  11	   0	2.186881e+03	  22	  22	8.925217e-01	2.001367e+01	 502	happy	happy_14.png	
IEV	   1	 288	  11	   0	2.193069e+03	  26	  26	8.554100e-01	2.197989e+01	1174	happy	happy_4.png	
IEV	   1	 289	  11	   0	2.200361e+03	  31	  31	8.406142e-01	2.626465e+01	1341	happy	happy_19.png	
IEV	   1	 290	  11	   0	2.207203e+03	  22	  22	8.585361e-01	1.901007e+01	1135	happy	happy_5.png	
IEV	   1	 291	  11	   0	2.213272e+03	  19	   0	8.840698e-01	1.705007e+01	 724	happy	happy_12.png	
IEV	   1	 292	  11	   0	2.219207e+03	  25	  25	8.636171e-01	2.178912e+01	1068	happy	happy_15.png	
IEV	   1	 293	  11	   0	2.227956e+03	 144	   0	3.735664e-01	5.387123e+01	4016	happy	happy_6.png	
IEV	   1	 294	  11	   0	2.234659e+03	  21	  21	8.801362e-01	1.856342e+01	 804	happy	happy_7.png	
IEV	   1	 295	  11	   0	2.242021e+03	  41	  41	7.438986e-01	3.064293e+01	2109	happy	happy_10.png	
IEV	   1	 296	  11	   0	2.248343e+03	  29	  29	8.501840e-01	2.432112e+01	1236	happy	happy_18.png	
IEV	   1	 297	  11	   0	2.255249e+03	  25	  25	8.764644e-01	2.175283e+01	 871	happy	happy_20.png	
IEV	   1	 298	  11	   0	2.263058e+03	  36	  36	7.865510e-01	2.843562e+01	1813	happy	happy_11.png	
IEV	   1	 299	  11	   0	2.269727e+03	  30	  30	8.223279e-01	2.491441e+01	1519	happy	happy_8.png	
IEV	   1	 300	  11	   0	2.276481e+03	  20	  20	8.929678e-01	1.814401e+01	 487	happy	happy_13.png	
IEV	   1	 301	  11	   0	2.282911e+03	  26	   0	8.654908e-01	2.240639e+01	1042	happy	happy_9.png	
IEV	   1	 302	  11	   0	2.288582e+03	  23	  23	8.836046e-01	2.066116e+01	 734	happy	happy_6.png	
IEV	   1	 303	  11	   0	2.294930e+03	  23	  23	8.465549e-01	1.966739e+01	1277	happy	happy_11.png	
IEV	   1	 304	  11	   0	2.301746e+03	  19	  19	8.955371e-01	1.674425e+01	 388	happy	happy_20.png	
IEV	   1	 305	  11	   0	2.310186e+03	  21	  21	8.606276e-01	1.787447e+01	1108	happy	happy_4.png	
IEV	   1	 306	  11	   0	2.316670e+03	  28	  28	8.571887e-01	2.432820e+01	1152	happy	happy_2.png	
IEV	   1	 307	  11	   0	2.323125e+03	  29	  29	8.620638e-01	2.457829e+01	1089	happy	happy_7.png	
IEV	   1	 308	  11	   0	2.330644e+03	  28	  28	8.530048e-01	2.398354e+01	1203	happy	happy_19.png	
IEV	   1	 309	  11	   0	2.337048e+03	  23	  23	8.552463e-01	1.943455e+01	1176	happy	happy_5.png	
IEV	   1	 310	  11	   0	2.343697e+03	  27	  27	8.259131e-01	2.205563e+01	1486	happy	happy_1.png	
IEV	   1	 311	  11	   0	2.351190e+03	  24	  24	8.692746e-01	2.102744e+01	 987	happy	happy_8.png	
IEV	   1	 312	  11	   0	2.357942e+03	  18	  18	8.754183e-01	1.577707e+01	 889	happy	happy_17.png	
IEV	   1	 313	  11	   0	2.363848e+03	  18	  18	8.690076e-01	1.585019e+01	 991	happy	happy_12.png	
IEV	   1	 314	  11	   0	2.372018e+03	  30	  30	8.469151e-01	2.555182e+01	1273	happy	happy_10.png	
IEV	   1	 315	  11	   0	2.378428e+03	  21	  21	8.804481e-01	1.851470e+01	 798	happy	happy_13.png	
IEV	   1	 316	  11	   0	2.384468e+03	  30	   0	8.055359e-01	2.420889e+01	1664	happy	happy_14.png	
IEV	   1	 317	  11	   0	2.391483e+03	  17	  17	8.800316e-01	1.505959e+01	 806	happy	happy_18.png	
IEV	   1	 318	  11	   0	2.400530e+03	  24	  24	8.396555e-01	2.049329e+01	1351	happy	happy_3.png	
IEV	   1	 319	  11	   0	2.407513e+03	  16	  16	8.799792e-01	1.418797e+01	 807	happy	happy_15.png	
IEV	   1	 320	  11	   0	2.414520e+03	  26	   0	8.711078e-01	2.251455e+01	 959	happy	happy_16.png	
DEV	   1	 321	  10	   0	2.441710e+03	  71	   0	9.000000e-01	6.345972e+01	   0	fear	fear_19.png	
DEV	   1	 322	  10	   0	2.449231e+03	  78	  78	4.387743e-01	3.414124e+01	2225	fear	fear_2.png	
DEV	   1	 323	  10	   0	2.456442e+03	  80	   0	4.302920e-01	3.444358e+01	2295	fear	fear_11.png	
DEV	   1	 324	  10	   0	2.463130e+03	  78	  78	6.128461e-01	4.796243e+01	1156	fear	fear_13.png	
DEV	   1	 325	  10	   0	2.470963e+03	  82	   0	4.474436e-01	3.649877e+01	2156	fear	fear_7.png	
DEV	   1	 326	  10	   0	2.478638e+03	  78	   0	4.037415e-01	3.141455e+01	2532	fear	fear_10.png	
DEV	   1	 327	  10	   0	2.485113e+03	  76	  76	6.272153e-01	4.759494e+01	1087	fear	fear_3.png	
DEV	   1	 328	  10	   0	2.491181e+03	  78	  78	6.640347e-01	5.172131e+01	 918	fear	fear_12.png	
DEV	   1	 329	  10	   0	2.497911e+03	  73	   0	7.057265e-01	5.131343e+01	 738	fear	fear_14.png	
DEV	   1	 330	  10	   0	2.504905e+03	  77	   0	5.349863e-01	4.133889e+01	1569	fear	fear_20.png	
DEV	   1	 331	  10	   0	2.512209e+03	  82	  82	4.203978e-01	3.461002e+01	2380	fear	fear_18.png	
DEV	   1	 332	  10	   0	2.518372e+03	  69	  69	7.336464e-01	5.053105e+01	 623	fear	fear_15.png	
DEV	   1	 333	  10	   0	2.526005e+03	  81	  81	5.276773e-01	4.298390e+01	1612	fear	fear_16.png	
DEV	   1	 334	  10	   0	2.534580e+03	  77	   0	4.108170e-01	3.146950e+01	2466	fear	fear_4.png	
DEV	   1	 335	  10	   0	2.541396e+03	  75	  75	5.631254e-01	4.198053e+01	1411	fear	fear_17.png	
DEV	   1	 336	  10	   0	2.547832e+03	  79	  79	5.954813e-01	4.687315e+01	1242	fear	fear_9.png	
DEV	   1	 337	  10	   0	2.554998e+03	  74	  74	6.163503e-01	4.571456e+01	1139	fear	fear_6.png	
DEV	   1	 338	  10	   0	2.562431e+03	  79	  79	3.396993e-01	2.676210e+01	3237	fear	fear_8.png	
DEV	   1	 339	  10	   0	2.570984e+03	  73	  73	5.567170e-01	4.048090e+01	1446	fear	fear_5.png	
DEV	   1	 340	  10	   0	2.577227e+03	  79	  79	4.123482e-01	3.239322e+01	2452	fear	fear_1.png	
DEV	   1	 341	  10	   0	2.582852e+03	  75	  75	5.984664e-01	4.466785e+01	1227	fear	fear_15.png	
DEV	   1	 342	  10	   0	2.588093e+03	  66	   0	9.000000e-01	5.895972e+01	   0	fear	fear_9.png	
DEV	   1	 343	  10	   0	2.594812e+03	  74	   0	5.634947e-01	4.143922e+01	1409	fear	fear_4.png	
DEV	   1	 344	  10	   0	2.602220e+03	  74	  74	5.008349e-01	3.713794e+01	1778	fear	fear_1.png	
DEV	   1	 345	  10	   0	2.609256e+03	  65	  65	7.776841e-01	5.091223e+01	 449	fear	fear_20.png	
DEV	   1	 346	  10	   0	2.616951e+03	  71	  71	5.737765e-01	4.089617e+01	1354	fear	fear_7.png	
DEV	   1	 347	  10	   0	2.624682e+03	  68	  68	7.343877e-01	4.983105e+01	 620	fear	fear_3.png	
DEV	   1	 348	  10	   0	2.630544e+03	  69	  69	7.177457e-01	4.978011e+01	 688	fear	fear_11.png	
DEV	   1	 349	  10	   0	2.636534e+03	  74	   0	7.019199e-01	5.181624e+01	 754	fear	fear_10.png	
DEV	   1	 350	  10	   0	2.643394e+03	  82	  82	5.164197e-01	4.221656e+01	1680	fear	fear_5.png	
DEV	   1	 351	  10	   0	2.649362e+03	  75	  75	6.223825e-01	4.668542e+01	1110	fear	fear_13.png	
DEV	   1	 352	  10	   0	2.655997e+03	  77	  77	5.605501e-01	4.294669e+01	1425	fear	fear_16.png	
DEV	   1	 353	  10	   0	2.664345e+03	  78	   0	3.535589e-01	2.769886e+01	3068	fear	fear_2.png	
DEV	   1	 354	  10	   0	2.671948e+03	  78	  78	3.982249e-01	3.105008e+01	2585	fear	fear_18.png	
DEV	   1	 355	  10	   0	2.678226e+03	  81	  81	5.787233e-01	4.696227e+01	1328	fear	fear_14.png	
DEV	   1	 356	  10	   0	2.684786e+03	  81	   0	5.876114e-01	4.754870e+01	1282	fear	fear_19.png	
DEV	   1	 357	  10	   0	2.691544e+03	  73	   0	5.152816e-01	3.750112e+01	1687	fear	fear_8.png	
DEV	   1	 358	  10	   0	2.698401e+03	  76	  76	6.511406e-01	4.964403e+01	 976	fear	fear_17.png	
DEV	   1	 359	  10	   0	2.706466e+03	  82	  82	3.916500e-01	3.218076e+01	2650	fear	fear_12.png	
DEV	   1	 360	  10	   0	2.713412e+03	  76	  76	6.934260e-01	5.274567e+01	 790	fear	fear_6.png	
