#Subj:	1000
#Run:	1
#Age:	30
#Gender:	male
#06-Dec-2012
Func	Run	Trial	Block	Null	trialStartTime	Mag	ScoreInc	Freq	EV	RT	Emotion	Image
DEV	   1	   1	   1	   0	1.786258e+02	  82	   0	4.417544e-01	3.610375e+01	2201	happy	happy_13.png	
DEV	   1	   2	   1	   0	1.853300e+02	  76	  76	6.753638e-01	5.104100e+01	 868	happy	happy_12.png	
DEV	   1	   3	   1	   0	1.910134e+02	  73	  73	7.722593e-01	5.610277e+01	 470	happy	happy_19.png	
DEV	   1	   4	   1	   0	1.975186e+02	  75	  75	7.090731e-01	5.290554e+01	 724	happy	happy_8.png	
DEV	   1	   5	   1	   0	2.045464e+02	  72	  72	6.687690e-01	4.799008e+01	 897	happy	happy_2.png	
DEV	   1	   6	   1	   0	2.111492e+02	  67	   0	7.645608e-01	5.114970e+01	 500	happy	happy_1.png	
DEV	   1	   7	   1	   0	2.171337e+02	  74	  74	7.209011e-01	5.353562e+01	 675	happy	happy_11.png	
DEV	   1	   8	   1	   0	2.232149e+02	  77	  77	7.206580e-01	5.568478e+01	 676	happy	happy_4.png	
DEV	   1	   9	   1	   0	2.291095e+02	  71	  71	7.167774e-01	5.116713e+01	 692	happy	happy_6.png	
DEV	   1	  10	   1	   0	2.357065e+02	  75	   0	7.131565e-01	5.383772e+01	 707	happy	happy_7.png	
DEV	   1	  11	   1	   0	2.421496e+02	  69	  69	7.423348e-01	5.093045e+01	 588	happy	happy_10.png	
DEV	   1	  12	   1	   0	2.488484e+02	  70	  70	7.627732e-01	5.336280e+01	 507	happy	happy_5.png	
DEV	   1	  13	   1	   0	2.561774e+02	  74	   0	7.133974e-01	5.313743e+01	 706	happy	happy_3.png	
DEV	   1	  14	   1	   0	2.616923e+02	  67	  67	8.063013e-01	5.440096e+01	 340	happy	happy_18.png	
DEV	   1	  15	   1	   0	2.686286e+02	  78	  78	5.730204e-01	4.486457e+01	1358	happy	happy_15.png	
DEV	   1	  16	   1	   0	2.752582e+02	  72	  72	5.713239e-01	4.132873e+01	1367	happy	happy_20.png	
DEV	   1	  17	   1	   0	2.814541e+02	  81	  81	5.856644e-01	4.742063e+01	1292	happy	happy_9.png	
DEV	   1	  18	   1	   0	2.884099e+02	  78	  78	5.611006e-01	4.354205e+01	1422	happy	happy_17.png	
DEV	   1	  19	   1	   0	2.961808e+02	  81	  81	5.228314e-01	4.213149e+01	1641	happy	happy_14.png	
DEV	   1	  20	   1	   0	3.035056e+02	  80	   0	4.230323e-01	3.394914e+01	2357	happy	happy_16.png	
DEV	   1	  21	   1	   0	3.105503e+02	  86	   0	3.602877e-01	3.103198e+01	2989	happy	happy_15.png	
DEV	   1	  22	   1	   0	3.169538e+02	  77	  77	5.447279e-01	4.195551e+01	1513	happy	happy_7.png	
DEV	   1	  23	   1	   0	3.229919e+02	  73	  73	5.337863e-01	3.912747e+01	1576	happy	happy_18.png	
DEV	   1	  24	   1	   0	3.295525e+02	  80	  80	5.600003e-01	4.459247e+01	1428	happy	happy_5.png	
DEV	   1	  25	   1	   0	3.357600e+02	  80	  80	5.449042e-01	4.360134e+01	1512	happy	happy_6.png	
DEV	   1	  26	   1	   0	3.430653e+02	  82	  82	4.980533e-01	4.095215e+01	1796	happy	happy_20.png	
DEV	   1	  27	   1	   0	3.499606e+02	  76	  76	4.843679e-01	3.660976e+01	1887	happy	happy_1.png	
DEV	   1	  28	   1	   0	3.566753e+02	  80	  80	4.778296e-01	3.810930e+01	1932	happy	happy_9.png	
DEV	   1	  29	   1	   0	3.645824e+02	  78	   0	4.705990e-01	3.668174e+01	1983	happy	happy_16.png	
DEV	   1	  30	   1	   0	3.704777e+02	  76	  76	6.261610e-01	4.753243e+01	1092	happy	happy_12.png	
DEV	   1	  31	   1	   0	3.768711e+02	  78	  78	6.721719e-01	5.220386e+01	 882	happy	happy_10.png	
DEV	   1	  32	   1	   0	3.830154e+02	  76	   0	6.934260e-01	5.274567e+01	 790	happy	happy_19.png	
DEV	   1	  33	   1	   0	3.897504e+02	  73	  73	6.537864e-01	4.783742e+01	 964	happy	happy_3.png	
DEV	   1	  34	   1	   0	3.970894e+02	  75	  75	4.708790e-01	3.528741e+01	1981	happy	happy_17.png	
DEV	   1	  35	   1	   0	4.044403e+02	  75	   0	6.050985e-01	4.566344e+01	1194	happy	happy_13.png	
DEV	   1	  36	   1	   0	4.107301e+02	  75	  75	7.694294e-01	5.750805e+01	 481	happy	happy_4.png	
DEV	   1	  37	   1	   0	4.179901e+02	  72	  72	7.536332e-01	5.445213e+01	 543	happy	happy_8.png	
DEV	   1	  38	   1	   0	4.240701e+02	  66	  66	7.748388e-01	5.079979e+01	 460	happy	happy_14.png	
DEV	   1	  39	   1	   0	4.300734e+02	  69	   0	7.150855e-01	4.965206e+01	 699	happy	happy_2.png	
DEV	   1	  40	   1	   0	4.357627e+02	  72	  72	6.551136e-01	4.725575e+01	 958	happy	happy_11.png	
IEV	   1	  41	   2	   0	4.493878e+02	  37	  37	7.705963e-01	2.833079e+01	1929	fear	fear_13.png	
IEV	   1	  42	   2	   0	4.558271e+02	  44	  44	7.343407e-01	3.216637e+01	2170	fear	fear_5.png	
IEV	   1	  43	   2	   0	4.637628e+02	  67	   0	6.300775e-01	4.216125e+01	2762	fear	fear_9.png	
IEV	   1	  44	   2	   0	4.701749e+02	  20	  20	8.841159e-01	1.792656e+01	 723	fear	fear_1.png	
IEV	   1	  45	   2	   0	4.767850e+02	  17	   0	8.847085e-01	1.517454e+01	 710	fear	fear_7.png	
IEV	   1	  46	   2	   0	4.841047e+02	  22	  22	8.584575e-01	1.902032e+01	1136	fear	fear_8.png	
IEV	   1	  47	   2	   0	4.910870e+02	  34	   0	8.068686e-01	2.730064e+01	1653	fear	fear_6.png	
IEV	   1	  48	   2	   0	4.977306e+02	  37	  37	7.629753e-01	2.824517e+01	1982	fear	fear_18.png	
IEV	   1	  49	   2	   0	5.046602e+02	  41	   0	7.381310e-01	3.038323e+01	2146	fear	fear_14.png	
IEV	   1	  50	   2	   0	5.109664e+02	  45	   0	7.119885e-01	3.178319e+01	2307	fear	fear_4.png	
IEV	   1	  51	   2	   0	5.178573e+02	  41	   0	7.789746e-01	3.224247e+01	1869	fear	fear_19.png	
IEV	   1	  52	   2	   0	5.258856e+02	  91	  91	5.048510e-01	4.571465e+01	3385	fear	fear_2.png	
IEV	   1	  53	   2	   0	5.334495e+02	 107	   0	4.572968e-01	4.897016e+01	3613	fear	fear_20.png	
IEV	   1	  54	   2	   0	5.421960e+02	  91	   0	5.127357e-01	4.684226e+01	3347	fear	fear_15.png	
IEV	   1	  55	   2	   0	5.483012e+02	  17	  17	8.853767e-01	1.506113e+01	 695	fear	fear_17.png	
IEV	   1	  56	   2	   0	5.577192e+02	  58	  58	6.457901e-01	3.732735e+01	2679	fear	fear_10.png	
IEV	   1	  57	   2	   0	5.643679e+02	  78	  78	5.892959e-01	4.568227e+01	2971	fear	fear_16.png	
IEV	   1	  58	   2	   0	5.709910e+02	  81	  81	5.556902e-01	4.517389e+01	3138	fear	fear_11.png	
IEV	   1	  59	   2	   0	5.779912e+02	  93	   0	5.257648e-01	4.881739e+01	3284	fear	fear_12.png	
IEV	   1	  60	   2	   0	5.863451e+02	  83	  83	5.432392e-01	4.528341e+01	3199	fear	fear_3.png	
IEV	   1	  61	   2	   0	5.947166e+02	  85	  85	5.383189e-01	4.554160e+01	3223	fear	fear_2.png	
IEV	   1	  62	   2	   0	6.026730e+02	  93	  93	5.009024e-01	4.641874e+01	3404	fear	fear_4.png	
IEV	   1	  63	   2	   0	6.101016e+02	 101	 101	4.727593e-01	4.779236e+01	3539	fear	fear_9.png	
IEV	   1	  64	   2	   0	6.182826e+02	 110	 110	4.512359e-01	4.969121e+01	3642	fear	fear_16.png	
IEV	   1	  65	   2	   0	6.252445e+02	 112	   0	4.593868e-01	5.163259e+01	3603	fear	fear_20.png	
IEV	   1	  66	   2	   0	6.335133e+02	 110	   0	4.556248e-01	4.995621e+01	3621	fear	fear_10.png	
IEV	   1	  67	   2	   0	6.421515e+02	  98	   0	4.852827e-01	4.767639e+01	3479	fear	fear_1.png	
IEV	   1	  68	   2	   0	6.495297e+02	  86	  86	5.342102e-01	4.575521e+01	3243	fear	fear_14.png	
IEV	   1	  69	   2	   0	6.565861e+02	 125	 125	4.205538e-01	5.265269e+01	3789	fear	fear_13.png	
IEV	   1	  70	   2	   0	6.652451e+02	 126	   0	4.032978e-01	5.084264e+01	3872	fear	fear_17.png	
IEV	   1	  71	   2	   0	6.728756e+02	  87	  87	5.168782e-01	4.508574e+01	3327	fear	fear_11.png	
IEV	   1	  72	   2	   0	6.803442e+02	 100	   0	4.981985e-01	5.004162e+01	3417	fear	fear_12.png	
IEV	   1	  73	   2	   0	6.877262e+02	  99	  99	4.942438e-01	4.872803e+01	3436	fear	fear_15.png	
IEV	   1	  74	   2	   0	6.955516e+02	  65	  65	6.148539e-01	3.998556e+01	2841	fear	fear_3.png	
IEV	   1	  75	   2	   0	7.039721e+02	  91	  91	5.290640e-01	4.813644e+01	3268	fear	fear_8.png	
IEV	   1	  76	   2	   0	7.116188e+02	  86	  86	5.162571e-01	4.460232e+01	3330	fear	fear_18.png	
IEV	   1	  77	   2	   0	7.194578e+02	  94	   0	5.119066e-01	4.790707e+01	3351	fear	fear_19.png	
IEV	   1	  78	   2	   0	7.290320e+02	 117	   0	4.378656e-01	5.113586e+01	3706	fear	fear_6.png	
IEV	   1	  79	   2	   0	7.366991e+02	 109	 109	4.585508e-01	4.983098e+01	3607	fear	fear_5.png	
IEV	   1	  80	   2	   0	7.441686e+02	 112	 112	4.560428e-01	5.085046e+01	3619	fear	fear_7.png	
CEVR	   1	  81	   3	   0	7.619688e+02	 128	 128	2.929202e-01	3.758584e+01	1879	scram	scram_4.png	
CEVR	   1	  82	   3	   0	7.696105e+02	 123	   0	2.985247e-01	3.670148e+01	1962	scram	scram_16.png	
CEVR	   1	  83	   3	   0	7.767336e+02	 134	 134	2.825660e-01	3.784770e+01	1717	scram	scram_14.png	
CEVR	   1	  84	   3	   0	7.848115e+02	 150	   0	2.535239e-01	3.801410e+01	1192	scram	scram_6.png	
CEVR	   1	  85	   3	   0	7.930145e+02	 135	   0	2.749469e-01	3.700000e+01	1590	scram	scram_20.png	
CEVR	   1	  86	   3	   0	8.005136e+02	 110	 110	3.330761e-01	3.666692e+01	2412	scram	scram_15.png	
CEVR	   1	  87	   3	   0	8.074956e+02	  99	   0	3.737374e-01	  37	2835	scram	scram_11.png	
CEVR	   1	  88	   3	   0	8.149829e+02	  90	   0	4.248688e-01	3.827461e+01	3252	scram	scram_10.png	
CEVR	   1	  89	   3	   0	8.206436e+02	 170	   0	2.186023e-01	3.721860e+01	 376	scram	scram_3.png	
CEVR	   1	  90	   3	   0	8.275310e+02	 159	   0	2.376583e-01	3.771297e+01	 851	scram	scram_12.png	
CEVR	   1	  91	   3	   0	8.341464e+02	 136	   0	2.695109e-01	3.673049e+01	1495	scram	scram_5.png	
CEVR	   1	  92	   3	   0	8.418824e+02	 140	   0	2.725168e-01	3.809007e+01	1548	scram	scram_7.png	
CEVR	   1	  93	   3	   0	8.489418e+02	 130	   0	2.868852e-01	3.728689e+01	1786	scram	scram_18.png	
CEVR	   1	  94	   3	   0	8.566908e+02	 130	   0	2.781955e-01	3.616541e+01	1645	scram	scram_1.png	
CEVR	   1	  95	   3	   0	8.635607e+02	 117	 117	3.153921e-01	  37	2194	scram	scram_8.png	
CEVR	   1	  96	   3	   0	8.716573e+02	 114	 114	3.343661e-01	3.800310e+01	2427	scram	scram_17.png	
CEVR	   1	  97	   3	   0	8.790617e+02	 106	 106	3.383852e-01	3.598484e+01	2473	scram	scram_19.png	
CEVR	   1	  98	   3	   0	8.869210e+02	 102	   0	3.516155e-01	3.594515e+01	2617	scram	scram_9.png	
CEVR	   1	  99	   3	   0	8.942073e+02	 103	   0	3.532460e-01	3.629351e+01	2634	scram	scram_2.png	
CEVR	   1	 100	   3	   0	9.016518e+02	 111	 111	3.289307e-01	3.667107e+01	2363	scram	scram_13.png	
CEVR	   1	 101	   3	   0	9.088717e+02	 118	   0	3.239930e-01	3.829597e+01	2303	scram	scram_13.png	
CEVR	   1	 102	   3	   0	9.153171e+02	 112	 112	3.287636e-01	3.667124e+01	2361	scram	scram_9.png	
CEVR	   1	 103	   3	   0	9.219893e+02	 131	   0	2.784347e-01	3.644313e+01	1649	scram	scram_18.png	
CEVR	   1	 104	   3	   0	9.284137e+02	 132	 132	2.826894e-01	3.728269e+01	1719	scram	scram_2.png	
CEVR	   1	 105	   3	   0	9.351723e+02	 130	   0	2.861878e-01	3.728619e+01	1775	scram	scram_19.png	
CEVR	   1	 106	   3	   0	9.411113e+02	 127	 127	2.841158e-01	3.614765e+01	1742	scram	scram_11.png	
CEVR	   1	 107	   3	   0	9.482337e+02	 129	   0	2.818281e-01	3.643634e+01	1705	scram	scram_4.png	
CEVR	   1	 108	   3	   0	9.547602e+02	 132	   0	2.775396e-01	3.672246e+01	1634	scram	scram_3.png	
CEVR	   1	 109	   3	   0	9.617052e+02	 127	 127	2.822581e-01	3.587097e+01	1712	scram	scram_7.png	
CEVR	   1	 110	   3	   0	9.687902e+02	 136	 136	2.777182e-01	3.783315e+01	1637	scram	scram_17.png	
CEVR	   1	 111	   3	   0	9.755985e+02	 136	   0	2.796976e-01	3.811879e+01	1670	scram	scram_5.png	
CEVR	   1	 112	   3	   0	9.824509e+02	 133	   0	2.781357e-01	3.700000e+01	1644	scram	scram_14.png	
CEVR	   1	 113	   3	   0	9.887492e+02	 130	   0	2.787944e-01	3.616362e+01	1655	scram	scram_12.png	
CEVR	   1	 114	   3	   0	9.959755e+02	 136	   0	2.827511e-01	3.841376e+01	1720	scram	scram_16.png	
CEVR	   1	 115	   3	   0	1.003388e+03	 129	 129	2.866313e-01	  37	1782	scram	scram_10.png	
CEVR	   1	 116	   3	   0	1.010246e+03	 135	   0	2.742482e-01	  37	1578	scram	scram_20.png	
CEVR	   1	 117	   3	   0	1.016505e+03	 131	   0	2.859351e-01	3.757187e+01	1771	scram	scram_8.png	
CEVR	   1	 118	   3	   0	1.024028e+03	 130	   0	2.818281e-01	3.671817e+01	1705	scram	scram_1.png	
CEVR	   1	 119	   3	   0	1.031049e+03	 109	   0	3.233458e-01	3.538327e+01	2295	scram	scram_6.png	
CEVR	   1	 120	   3	   0	1.038141e+03	 120	   0	3.196742e-01	3.827870e+01	2249	scram	scram_15.png	
DEV	   1	 121	   4	   0	1.048494e+03	  78	  78	3.709762e-01	2.886106e+01	2868	fear	fear_10.png	
DEV	   1	 122	   4	   0	1.055675e+03	  77	   0	4.646483e-01	3.582713e+01	2026	fear	fear_4.png	
DEV	   1	 123	   4	   0	1.063673e+03	  71	   0	6.367950e-01	4.497549e+01	1042	fear	fear_12.png	
DEV	   1	 124	   4	   0	1.070154e+03	  66	  66	7.847016e-01	5.196975e+01	 422	fear	fear_8.png	
DEV	   1	 125	   4	   0	1.077149e+03	  70	  70	8.039100e-01	5.591670e+01	 349	fear	fear_5.png	
DEV	   1	 126	   4	   0	1.084025e+03	  71	   0	8.315706e-01	5.864438e+01	 246	fear	fear_9.png	
DEV	   1	 127	   4	   0	1.090076e+03	  75	  75	7.506064e-01	5.655737e+01	 555	fear	fear_19.png	
DEV	   1	 128	   4	   0	1.096945e+03	  78	  78	5.662742e-01	4.443458e+01	1394	fear	fear_11.png	
DEV	   1	 129	   4	   0	1.103210e+03	  71	   0	5.685111e-01	4.059786e+01	1382	fear	fear_14.png	
DEV	   1	 130	   4	   0	1.109684e+03	  77	  77	5.288570e-01	4.094853e+01	1605	fear	fear_17.png	
DEV	   1	 131	   4	   0	1.117280e+03	  85	   0	3.931492e-01	3.346575e+01	2635	fear	fear_2.png	
DEV	   1	 132	   4	   0	1.124397e+03	  84	   0	3.197918e-01	2.699265e+01	3491	fear	fear_6.png	
DEV	   1	 133	   4	   0	1.131765e+03	  87	   0	2.971843e-01	2.588028e+01	3785	fear	fear_15.png	
DEV	   1	 134	   4	   0	1.138555e+03	  74	  74	5.579907e-01	4.111328e+01	1439	fear	fear_20.png	
DEV	   1	 135	   4	   0	1.144327e+03	  79	  79	6.046941e-01	4.805807e+01	1196	fear	fear_18.png	
DEV	   1	 136	   4	   0	1.150211e+03	  75	  75	6.398087e-01	4.769595e+01	1028	fear	fear_7.png	
DEV	   1	 137	   4	   0	1.155981e+03	  80	   0	6.059085e-01	4.874129e+01	1190	fear	fear_16.png	
DEV	   1	 138	   4	   0	1.163025e+03	  76	  76	5.752927e-01	4.385825e+01	1346	fear	fear_3.png	
DEV	   1	 139	   4	   0	1.170076e+03	  73	   0	5.406963e-01	3.953811e+01	1536	fear	fear_13.png	
DEV	   1	 140	   4	   0	1.177009e+03	  70	  70	6.081427e-01	4.280409e+01	1179	fear	fear_1.png	
DEV	   1	 141	   4	   0	1.182910e+03	  76	  76	5.942924e-01	4.501503e+01	1248	fear	fear_5.png	
DEV	   1	 142	   4	   0	1.190246e+03	  78	   0	6.192538e-01	4.835961e+01	1125	fear	fear_6.png	
DEV	   1	 143	   4	   0	1.198714e+03	  79	  79	5.372252e-01	4.255548e+01	1556	fear	fear_7.png	
DEV	   1	 144	   4	   0	1.206146e+03	  81	   0	4.853985e-01	3.910150e+01	1880	fear	fear_11.png	
DEV	   1	 145	   4	   0	1.213658e+03	  83	   0	5.206808e-01	4.302839e+01	1654	fear	fear_17.png	
DEV	   1	 146	   4	   0	1.219776e+03	  78	  78	6.278488e-01	4.888816e+01	1084	fear	fear_16.png	
DEV	   1	 147	   4	   0	1.225766e+03	  75	   0	6.014699e-01	4.484503e+01	1212	fear	fear_15.png	
DEV	   1	 148	   4	   0	1.232631e+03	  72	  72	5.681375e-01	4.114477e+01	1384	fear	fear_9.png	
DEV	   1	 149	   4	   0	1.238653e+03	  74	  74	5.495155e-01	4.060825e+01	1486	fear	fear_3.png	
DEV	   1	 150	   4	   0	1.247126e+03	  80	   0	5.295329e-01	4.258027e+01	1601	fear	fear_1.png	
DEV	   1	 151	   4	   0	1.254331e+03	  73	  73	5.568987e-01	4.049152e+01	1445	fear	fear_19.png	
DEV	   1	 152	   4	   0	1.261310e+03	  76	  76	6.030794e-01	4.554282e+01	1204	fear	fear_20.png	
DEV	   1	 153	   4	   0	1.268053e+03	  77	   0	6.190459e-01	4.772771e+01	1126	fear	fear_18.png	
DEV	   1	 154	   4	   0	1.274843e+03	  75	  75	5.600003e-01	4.179247e+01	1428	fear	fear_14.png	
DEV	   1	 155	   4	   0	1.282568e+03	  72	   0	5.529200e-01	3.970573e+01	1467	fear	fear_13.png	
DEV	   1	 156	   4	   0	1.289127e+03	  73	  73	5.715120e-01	4.191109e+01	1366	fear	fear_2.png	
DEV	   1	 157	   4	   0	1.295699e+03	  77	  77	5.086928e-01	3.914301e+01	1728	fear	fear_8.png	
DEV	   1	 158	   4	   0	1.304906e+03	  77	  77	5.496939e-01	4.226801e+01	1485	fear	fear_12.png	
DEV	   1	 159	   4	   0	1.312175e+03	  83	   0	5.075810e-01	4.211756e+01	1735	fear	fear_10.png	
DEV	   1	 160	   4	   0	1.318799e+03	  74	   0	5.139856e-01	3.793799e+01	1695	fear	fear_4.png	
IEV	   1	 161	   5	   0	1.466362e+03	  24	  24	8.553282e-01	2.027943e+01	1175	happy	happy_7.png	
IEV	   1	 162	   5	   0	1.472978e+03	  22	   0	8.762341e-01	1.915778e+01	 875	happy	happy_10.png	
IEV	   1	 163	   5	   0	1.479360e+03	  31	   0	8.202237e-01	2.513530e+01	1538	happy	happy_14.png	
IEV	   1	 164	   5	   0	1.487237e+03	  50	   0	6.961537e-01	3.510629e+01	2400	happy	happy_2.png	
IEV	   1	 165	   5	   0	1.493834e+03	  44	  44	7.563457e-01	3.336750e+01	2027	happy	happy_17.png	
IEV	   1	 166	   5	   0	1.501243e+03	  40	  40	7.797977e-01	3.139170e+01	1863	happy	happy_6.png	
IEV	   1	 167	   5	   0	1.508212e+03	  49	  49	7.006323e-01	3.407424e+01	2374	happy	happy_9.png	
IEV	   1	 168	   5	   0	1.515227e+03	  65	  65	6.541791e-01	4.263883e+01	2634	happy	happy_5.png	
IEV	   1	 169	   5	   0	1.523435e+03	  77	   0	5.536548e-01	4.251350e+01	3148	happy	happy_1.png	
IEV	   1	 170	   5	   0	1.531235e+03	 115	   0	4.522808e-01	5.190740e+01	3637	happy	happy_18.png	
IEV	   1	 171	   5	   0	1.538861e+03	 127	 127	4.006017e-01	5.095145e+01	3885	happy	happy_3.png	
IEV	   1	 172	   5	   0	1.547663e+03	 126	   0	4.097347e-01	5.180919e+01	3841	happy	happy_11.png	
IEV	   1	 173	   5	   0	1.556622e+03	 117	   0	4.251381e-01	4.993497e+01	3767	happy	happy_8.png	
IEV	   1	 174	   5	   0	1.564392e+03	 138	 138	3.840602e-01	5.313977e+01	3965	happy	happy_15.png	
IEV	   1	 175	   5	   0	1.571770e+03	 124	   0	4.072417e-01	5.068219e+01	3853	happy	happy_12.png	
IEV	   1	 176	   5	   0	1.579858e+03	 135	 135	3.890130e-01	5.257811e+01	3941	happy	happy_16.png	
IEV	   1	 177	   5	   0	1.588468e+03	 142	 142	3.770594e-01	5.337972e+01	3999	happy	happy_13.png	
IEV	   1	 178	   5	   0	1.595863e+03	 139	   0	3.789107e-01	5.255891e+01	3990	happy	happy_20.png	
IEV	   1	 179	   5	   0	1.603912e+03	 130	 130	3.956299e-01	5.154587e+01	3909	happy	happy_4.png	
IEV	   1	 180	   5	   0	1.613147e+03	 138	 138	3.850913e-01	5.310402e+01	3960	happy	happy_19.png	
IEV	   1	 181	   5	   0	1.621592e+03	 136	   0	3.935606e-01	5.359363e+01	3919	happy	happy_13.png	
IEV	   1	 182	   5	   0	1.629611e+03	 131	 131	4.024680e-01	5.288855e+01	3876	happy	happy_11.png	
IEV	   1	 183	   5	   0	1.637781e+03	 136	 136	3.896328e-01	5.294536e+01	3938	happy	happy_3.png	
IEV	   1	 184	   5	   0	1.645958e+03	 141	   0	3.848851e-01	5.426583e+01	3961	happy	happy_19.png	
IEV	   1	 185	   5	   0	1.654210e+03	 138	 138	3.904592e-01	5.369719e+01	3934	happy	happy_12.png	
IEV	   1	 186	   5	   0	1.662538e+03	 136	 136	3.888065e-01	5.297437e+01	3942	happy	happy_16.png	
IEV	   1	 187	   5	   0	1.670433e+03	 124	 124	4.143089e-01	5.121949e+01	3819	happy	happy_2.png	
IEV	   1	 188	   5	   0	1.677376e+03	 130	 130	3.939744e-01	5.121590e+01	3917	happy	happy_17.png	
IEV	   1	 189	   5	   0	1.685695e+03	 128	 128	4.045428e-01	5.160124e+01	3866	happy	happy_10.png	
IEV	   1	 190	   5	   0	1.694725e+03	 138	   0	3.850913e-01	5.310402e+01	3960	happy	happy_15.png	
IEV	   1	 191	   5	   0	1.701988e+03	 138	   0	3.869483e-01	5.342634e+01	3951	happy	happy_20.png	
IEV	   1	 192	   5	   0	1.709981e+03	 140	 140	3.795281e-01	5.329565e+01	3987	happy	happy_5.png	
IEV	   1	 193	   5	   0	1.718432e+03	 129	 129	3.929401e-01	5.086385e+01	3922	happy	happy_4.png	
IEV	   1	 194	   5	   0	1.725744e+03	 141	   0	3.762371e-01	5.303136e+01	4003	happy	happy_8.png	
IEV	   1	 195	   5	   0	1.734306e+03	 126	   0	4.078648e-01	5.147243e+01	3850	happy	happy_6.png	
IEV	   1	 196	   5	   0	1.742279e+03	 136	   0	3.923197e-01	5.324286e+01	3925	happy	happy_9.png	
IEV	   1	 197	   5	   0	1.751836e+03	 134	 134	3.916994e-01	5.248079e+01	3928	happy	happy_1.png	
IEV	   1	 198	   5	   0	1.760972e+03	 125	   0	4.028828e-01	5.045655e+01	3874	happy	happy_18.png	
IEV	   1	 199	   5	   0	1.770708e+03	 130	   0	4.091113e-01	5.306027e+01	3844	happy	happy_7.png	
IEV	   1	 200	   5	   0	1.779824e+03	 137	   0	3.766482e-01	5.151043e+01	4001	happy	happy_14.png	
DEV	   1	 201	   6	   0	1.834489e+03	  72	  72	6.228010e-01	4.484153e+01	1108	scram	scram_14.png	
DEV	   1	 202	   6	   0	1.840772e+03	  70	  70	7.503546e-01	5.279260e+01	 556	scram	scram_2.png	
DEV	   1	 203	   6	   0	1.847567e+03	  76	   0	5.681375e-01	4.341732e+01	1384	scram	scram_18.png	
DEV	   1	 204	   6	   0	1.854368e+03	  78	   0	4.927155e-01	3.861101e+01	1831	scram	scram_6.png	
DEV	   1	 205	   6	   0	1.862229e+03	  80	   0	4.685082e-01	3.748190e+01	1998	scram	scram_3.png	
DEV	   1	 206	   6	   0	1.868691e+03	  77	   0	4.346157e-01	3.343328e+01	2259	scram	scram_8.png	
DEV	   1	 207	   6	   0	1.876499e+03	  79	   0	3.994614e-01	3.153134e+01	2573	scram	scram_19.png	
DEV	   1	 208	   6	   0	1.884324e+03	  84	  84	3.698936e-01	3.100861e+01	2880	scram	scram_17.png	
DEV	   1	 209	   6	   0	1.892872e+03	  81	  81	3.465886e-01	2.792239e+01	3152	scram	scram_7.png	
DEV	   1	 210	   6	   0	1.901658e+03	  86	   0	3.124122e-01	2.675293e+01	3587	scram	scram_16.png	
DEV	   1	 211	   6	   0	1.909370e+03	  82	   0	2.928368e-01	2.407383e+01	3841	scram	scram_12.png	
DEV	   1	 212	   6	   0	1.915383e+03	  72	  72	7.787207e-01	5.640398e+01	 445	scram	scram_20.png	
DEV	   1	 213	   6	   0	1.922565e+03	  83	   0	3.608063e-01	2.998836e+01	2983	scram	scram_15.png	
DEV	   1	 214	   6	   0	1.930058e+03	  87	  87	3.417102e-01	2.963244e+01	3212	scram	scram_11.png	
DEV	   1	 215	   6	   0	1.938013e+03	  82	   0	3.486449e-01	2.876264e+01	3127	scram	scram_1.png	
DEV	   1	 216	   6	   0	1.945862e+03	  83	   0	3.327867e-01	2.762140e+01	3324	scram	scram_4.png	
DEV	   1	 217	   6	   0	1.953828e+03	  79	   0	3.821084e-01	3.036061e+01	2748	scram	scram_10.png	
DEV	   1	 218	   6	   0	1.962025e+03	  82	  82	3.577111e-01	2.940818e+01	3019	scram	scram_9.png	
DEV	   1	 219	   6	   0	1.969861e+03	  80	   0	3.315281e-01	2.653551e+01	3340	scram	scram_5.png	
DEV	   1	 220	   6	   0	1.978390e+03	  77	  77	5.334442e-01	4.124086e+01	1578	scram	scram_13.png	
DEV	   1	 221	   6	   0	1.985226e+03	  74	   0	5.872213e-01	4.341251e+01	1284	scram	scram_1.png	
DEV	   1	 222	   6	   0	1.992715e+03	  79	   0	3.593398e-01	2.844565e+01	3000	scram	scram_16.png	
DEV	   1	 223	   6	   0	2.000821e+03	  80	   0	3.465886e-01	2.757580e+01	3152	scram	scram_11.png	
DEV	   1	 224	   6	   0	2.008826e+03	  80	   0	3.707954e-01	2.959067e+01	2870	scram	scram_9.png	
DEV	   1	 225	   6	   0	2.015754e+03	  79	  79	3.536430e-01	2.805815e+01	3067	scram	scram_18.png	
DEV	   1	 226	   6	   0	2.023595e+03	  78	   0	3.505500e-01	2.749647e+01	3104	scram	scram_3.png	
DEV	   1	 227	   6	   0	2.031417e+03	  84	   0	3.548228e-01	2.991267e+01	3053	scram	scram_20.png	
DEV	   1	 228	   6	   0	2.038612e+03	  81	   0	3.693542e-01	2.986152e+01	2886	scram	scram_8.png	
DEV	   1	 229	   6	   0	2.046360e+03	  83	   0	3.522174e-01	2.936978e+01	3084	scram	scram_6.png	
DEV	   1	 230	   6	   0	2.053068e+03	  78	   0	5.585378e-01	4.337990e+01	1436	scram	scram_10.png	
DEV	   1	 231	   6	   0	2.059234e+03	  73	   0	5.756726e-01	4.215457e+01	1344	scram	scram_15.png	
DEV	   1	 232	   6	   0	2.065707e+03	  74	  74	5.361901e-01	3.980678e+01	1562	scram	scram_2.png	
DEV	   1	 233	   6	   0	2.072676e+03	  79	  79	5.055264e-01	3.995188e+01	1748	scram	scram_13.png	
DEV	   1	 234	   6	   0	2.080741e+03	  79	   0	4.762540e-01	3.752725e+01	1943	scram	scram_7.png	
DEV	   1	 235	   6	   0	2.086591e+03	  80	  80	5.450805e-01	4.361299e+01	1511	scram	scram_19.png	
DEV	   1	 236	   6	   0	2.092859e+03	  79	  79	5.377438e-01	4.258940e+01	1553	scram	scram_4.png	
DEV	   1	 237	   6	   0	2.099320e+03	  80	   0	5.401735e-01	4.328834e+01	1539	scram	scram_5.png	
DEV	   1	 238	   6	   0	2.105411e+03	  75	   0	5.297021e-01	3.994306e+01	1600	scram	scram_17.png	
DEV	   1	 239	   6	   0	2.112481e+03	  79	   0	5.066311e-01	4.002468e+01	1741	scram	scram_12.png	
DEV	   1	 240	   6	   0	2.119645e+03	  81	  81	5.295329e-01	4.310980e+01	1601	scram	scram_14.png	
CEVR	   1	 241	   7	   0	2.189566e+03	 121	 121	2.996991e-01	3.640060e+01	1979	fear	fear_1.png	
CEVR	   1	 242	   7	   0	2.196308e+03	 130	   0	2.941176e-01	3.817647e+01	1897	fear	fear_20.png	
CEVR	   1	 243	   7	   0	2.203170e+03	 119	   0	3.106260e-01	  37	2131	fear	fear_7.png	
CEVR	   1	 244	   7	   0	2.209552e+03	 124	   0	2.994912e-01	3.700000e+01	1976	fear	fear_10.png	
CEVR	   1	 245	   7	   0	2.216163e+03	 134	   0	2.770646e-01	  37	1626	fear	fear_14.png	
CEVR	   1	 246	   7	   0	2.222587e+03	 115	   0	3.207828e-01	  37	2263	fear	fear_8.png	
CEVR	   1	 247	   7	   0	2.230057e+03	  93	  93	3.857611e-01	3.584272e+01	2943	fear	fear_9.png	
CEVR	   1	 248	   7	   0	2.236894e+03	  88	  88	4.031756e-01	3.538730e+01	3088	fear	fear_16.png	
CEVR	   1	 249	   7	   0	2.245373e+03	  83	   0	4.400272e-01	3.655997e+01	3357	fear	fear_3.png	
CEVR	   1	 250	   7	   0	2.253147e+03	  78	   0	4.690330e-01	3.653097e+01	3539	fear	fear_15.png	
CEVR	   1	 251	   7	   0	2.260808e+03	 104	   0	3.598222e-01	3.735982e+01	2701	fear	fear_2.png	
CEVR	   1	 252	   7	   0	2.268324e+03	  97	   0	3.965095e-01	3.858604e+01	3034	fear	fear_12.png	
CEVR	   1	 253	   7	   0	2.275610e+03	 156	 156	2.321621e-01	3.630351e+01	 722	fear	fear_17.png	
CEVR	   1	 254	   7	   0	2.282369e+03	 173	 173	2.165552e-01	3.743311e+01	 320	fear	fear_18.png	
CEVR	   1	 255	   7	   0	2.288691e+03	 173	   0	2.139435e-01	  37	 247	fear	fear_19.png	
CEVR	   1	 256	   7	   0	2.294866e+03	 172	   0	2.196404e-01	3.787856e+01	 404	fear	fear_11.png	
CEVR	   1	 257	   7	   0	2.301735e+03	 165	   0	2.224322e-01	3.677757e+01	 478	fear	fear_13.png	
CEVR	   1	 258	   7	   0	2.308565e+03	 163	   0	2.296506e-01	3.745930e+01	 661	fear	fear_4.png	
CEVR	   1	 259	   7	   0	2.314583e+03	 165	 165	2.211407e-01	3.655772e+01	 444	fear	fear_5.png	
CEVR	   1	 260	   7	   0	2.321219e+03	 168	   0	2.222032e-01	3.722220e+01	 472	fear	fear_6.png	
CEVR	   1	 261	   7	   0	2.327951e+03	 158	   0	2.267951e-01	3.586602e+01	 590	fear	fear_11.png	
CEVR	   1	 262	   7	   0	2.335681e+03	 161	   0	2.255312e-01	3.632341e+01	 558	fear	fear_17.png	
CEVR	   1	 263	   7	   0	2.341864e+03	 160	   0	2.343043e-01	3.746861e+01	 773	fear	fear_16.png	
CEVR	   1	 264	   7	   0	2.348275e+03	 170	   0	2.202381e-01	3.744048e+01	 420	fear	fear_7.png	
CEVR	   1	 265	   7	   0	2.354388e+03	 164	   0	2.286774e-01	3.745735e+01	 637	fear	fear_10.png	
CEVR	   1	 266	   7	   0	2.360149e+03	 147	 147	2.499517e-01	3.675005e+01	1119	fear	fear_18.png	
CEVR	   1	 267	   7	   0	2.368739e+03	 141	   0	2.585863e-01	3.648283e+01	1292	fear	fear_14.png	
CEVR	   1	 268	   7	   0	2.375893e+03	 152	 152	2.401261e-01	3.651975e+01	 907	fear	fear_13.png	
CEVR	   1	 269	   7	   0	2.382422e+03	 153	   0	2.470431e-01	3.774113e+01	1058	fear	fear_4.png	
CEVR	   1	 270	   7	   0	2.388800e+03	 163	   0	2.333754e-01	3.793350e+01	 751	fear	fear_20.png	
CEVR	   1	 271	   7	   0	2.395154e+03	 145	   0	2.597272e-01	3.777918e+01	1314	fear	fear_2.png	
CEVR	   1	 272	   7	   0	2.401979e+03	 153	   0	2.463851e-01	3.773916e+01	1044	fear	fear_12.png	
CEVR	   1	 273	   7	   0	2.407874e+03	 162	 162	2.269541e-01	3.677305e+01	 594	fear	fear_9.png	
CEVR	   1	 274	   7	   0	2.414759e+03	 155	   0	2.426457e-01	3.772794e+01	 963	fear	fear_19.png	
CEVR	   1	 275	   7	   0	2.423063e+03	 169	   0	2.165190e-01	3.656696e+01	 319	fear	fear_1.png	
CEVR	   1	 276	   7	   0	2.428794e+03	 160	   0	2.294472e-01	3.677055e+01	 656	fear	fear_5.png	
CEVR	   1	 277	   7	   0	2.434978e+03	 161	 161	2.342619e-01	3.770279e+01	 772	fear	fear_3.png	
CEVR	   1	 278	   7	   0	2.441784e+03	 161	   0	2.355830e-01	3.794233e+01	 803	fear	fear_15.png	
CEVR	   1	 279	   7	   0	2.448801e+03	 143	   0	2.582253e-01	  37	1285	fear	fear_6.png	
CEVR	   1	 280	   7	   0	2.455493e+03	 142	 142	2.629976e-01	3.726300e+01	1376	fear	fear_8.png	
IEV	   1	 281	   8	   0	2.572233e+03	  29	  29	8.158133e-01	2.396037e+01	1577	scram	scram_12.png	
IEV	   1	 282	   8	   0	2.579123e+03	  43	   0	7.631210e-01	3.281094e+01	1981	scram	scram_2.png	
IEV	   1	 283	   8	   0	2.585650e+03	  57	  57	6.884862e-01	3.910849e+01	2444	scram	scram_14.png	
IEV	   1	 284	   8	   0	2.593167e+03	  64	  64	6.361710e-01	4.052084e+01	2730	scram	scram_6.png	
IEV	   1	 285	   8	   0	2.600524e+03	  76	  76	5.621876e-01	4.257770e+01	3106	scram	scram_11.png	
IEV	   1	 286	   8	   0	2.609144e+03	 104	   0	4.809017e-01	4.980776e+01	3500	scram	scram_10.png	
IEV	   1	 287	   8	   0	2.618856e+03	 122	   0	4.134769e-01	5.042542e+01	3823	scram	scram_15.png	
IEV	   1	 288	   8	   0	2.626392e+03	  51	  51	6.846116e-01	3.457610e+01	2466	scram	scram_7.png	
IEV	   1	 289	   8	   0	2.633508e+03	  64	  64	6.573233e-01	4.179134e+01	2617	scram	scram_1.png	
IEV	   1	 290	   8	   0	2.640521e+03	  22	  22	8.938417e-01	1.976347e+01	 456	scram	scram_16.png	
IEV	   1	 291	   8	   0	2.647271e+03	  18	  18	8.977881e-01	1.627766e+01	 270	scram	scram_3.png	
IEV	   1	 292	   8	   0	2.654228e+03	  29	   0	8.605512e-01	2.476907e+01	1109	scram	scram_5.png	
IEV	   1	 293	   8	   0	2.662759e+03	  50	   0	6.794636e-01	3.427435e+01	2495	scram	scram_4.png	
IEV	   1	 294	   8	   0	2.669863e+03	  53	   0	6.959807e-01	3.720697e+01	2401	scram	scram_18.png	
IEV	   1	 295	   8	   0	2.678005e+03	  59	  59	6.578767e-01	3.912566e+01	2614	scram	scram_19.png	
IEV	   1	 296	   8	   0	2.685208e+03	  62	  62	6.604535e-01	4.093704e+01	2600	scram	scram_20.png	
IEV	   1	 297	   8	   0	2.693727e+03	  61	   0	6.495302e-01	3.966981e+01	2659	scram	scram_8.png	
IEV	   1	 298	   8	   0	2.700538e+03	  54	   0	6.938998e-01	3.735353e+01	2413	scram	scram_13.png	
IEV	   1	 299	   8	   0	2.708527e+03	  60	  60	6.683071e-01	3.976832e+01	2557	scram	scram_9.png	
IEV	   1	 300	   8	   0	2.716771e+03	  53	  53	6.785714e-01	3.569742e+01	2500	scram	scram_17.png	
IEV	   1	 301	   8	   0	2.724075e+03	  48	  48	6.989144e-01	3.350456e+01	2384	scram	scram_10.png	
IEV	   1	 302	   8	   0	2.732153e+03	  64	   0	6.444767e-01	4.128353e+01	2686	scram	scram_12.png	
IEV	   1	 303	   8	   0	2.739330e+03	  54	   0	7.108147e-01	3.827354e+01	2314	scram	scram_19.png	
IEV	   1	 304	   8	   0	2.747286e+03	  61	  61	6.661248e-01	4.057658e+01	2569	scram	scram_2.png	
IEV	   1	 305	   8	   0	2.754487e+03	  62	  62	6.635695e-01	4.140313e+01	2583	scram	scram_18.png	
IEV	   1	 306	   8	   0	2.761458e+03	  52	  52	6.733705e-01	3.472223e+01	2529	scram	scram_8.png	
IEV	   1	 307	   8	   0	2.768675e+03	  57	  57	6.944208e-01	3.940017e+01	2410	scram	scram_5.png	
IEV	   1	 308	   8	   0	2.775834e+03	  59	  59	6.785714e-01	3.976885e+01	2500	scram	scram_1.png	
IEV	   1	 309	   8	   0	2.782595e+03	  57	  57	6.783928e-01	3.842382e+01	2501	scram	scram_11.png	
IEV	   1	 310	   8	   0	2.789734e+03	  56	  56	6.480364e-01	3.652600e+01	2667	scram	scram_16.png	
IEV	   1	 311	   8	   0	2.797371e+03	  53	  53	6.870804e-01	3.645474e+01	2452	scram	scram_3.png	
IEV	   1	 312	   8	   0	2.804926e+03	  55	  55	6.798201e-01	3.764707e+01	2493	scram	scram_4.png	
IEV	   1	 313	   8	   0	2.811527e+03	  54	  54	6.644833e-01	3.603001e+01	2578	scram	scram_9.png	
IEV	   1	 314	   8	   0	2.819479e+03	  51	  51	6.801764e-01	3.490176e+01	2491	scram	scram_17.png	
IEV	   1	 315	   8	   0	2.826638e+03	  44	  44	7.141604e-01	3.161044e+01	2294	scram	scram_20.png	
IEV	   1	 316	   8	   0	2.834029e+03	  56	  56	6.666711e-01	3.720826e+01	2566	scram	scram_15.png	
IEV	   1	 317	   8	   0	2.841782e+03	  64	  64	6.450399e-01	4.124864e+01	2683	scram	scram_14.png	
IEV	   1	 318	   8	   0	2.848604e+03	  60	  60	6.558454e-01	3.925899e+01	2625	scram	scram_7.png	
IEV	   1	 319	   8	   0	2.855861e+03	  58	  58	6.441011e-01	3.744218e+01	2688	scram	scram_6.png	
IEV	   1	 320	   8	   0	2.863883e+03	  57	   0	6.942472e-01	3.941186e+01	2411	scram	scram_13.png	
CEVR	   1	 321	   9	   0	2.890368e+03	 123	 123	2.951231e-01	3.640975e+01	1912	happy	happy_13.png	
CEVR	   1	 322	   9	   0	2.896920e+03	 150	   0	2.484174e-01	3.724842e+01	1087	happy	happy_10.png	
CEVR	   1	 323	   9	   0	2.904386e+03	 113	 113	3.239120e-01	3.667609e+01	2302	happy	happy_12.png	
CEVR	   1	 324	   9	   0	2.912100e+03	  98	  98	3.933779e-01	3.857351e+01	3008	happy	happy_6.png	
CEVR	   1	 325	   9	   0	2.919718e+03	  73	  73	4.808763e-01	3.507649e+01	3607	happy	happy_18.png	
CEVR	   1	 326	   9	   0	2.927573e+03	  66	   0	5.371215e-01	3.538864e+01	3889	happy	happy_11.png	
CEVR	   1	 327	   9	   0	2.933609e+03	 128	 128	2.908805e-01	3.729088e+01	1848	happy	happy_4.png	
CEVR	   1	 328	   9	   0	2.941673e+03	 136	   0	2.796976e-01	3.811879e+01	1670	happy	happy_16.png	
CEVR	   1	 329	   9	   0	2.948043e+03	 127	 127	2.951231e-01	3.759025e+01	1912	happy	happy_19.png	
CEVR	   1	 330	   9	   0	2.954370e+03	 132	   0	2.897092e-01	3.815884e+01	1830	happy	happy_15.png	
CEVR	   1	 331	   9	   0	2.962650e+03	 129	   0	2.987313e-01	3.849366e+01	1965	happy	happy_5.png	
CEVR	   1	 332	   9	   0	2.969679e+03	 125	   0	3.029240e-01	3.790877e+01	2025	happy	happy_7.png	
CEVR	   1	 333	   9	   0	2.977065e+03	 122	   0	2.970865e-01	3.610874e+01	1941	happy	happy_14.png	
CEVR	   1	 334	   9	   0	2.984311e+03	 117	 117	3.059296e-01	3.577628e+01	2067	happy	happy_1.png	
CEVR	   1	 335	   9	   0	2.991317e+03	 128	   0	2.994912e-01	3.819796e+01	1976	happy	happy_20.png	
CEVR	   1	 336	   9	   0	2.997843e+03	 120	   0	3.032787e-01	3.639344e+01	2030	happy	happy_8.png	
CEVR	   1	 337	   9	   0	3.004254e+03	 129	   0	2.865678e-01	  37	1781	happy	happy_2.png	
CEVR	   1	 338	   9	   0	3.011452e+03	 107	   0	3.296843e-01	3.535158e+01	2372	happy	happy_9.png	
CEVR	   1	 339	   9	   0	3.017709e+03	 128	   0	2.923251e-01	3.729233e+01	1870	happy	happy_17.png	
CEVR	   1	 340	   9	   0	3.026279e+03	 130	   0	2.806067e-01	3.643879e+01	1685	happy	happy_3.png	
CEVR	   1	 341	   9	   0	3.035257e+03	 104	 104	3.437749e-01	3.562490e+01	2533	happy	happy_1.png	
CEVR	   1	 342	   9	   0	3.043362e+03	 108	 108	3.485868e-01	3.769717e+01	2585	happy	happy_10.png	
CEVR	   1	 343	   9	   0	3.050791e+03	 109	 109	3.522851e-01	3.840914e+01	2624	happy	happy_7.png	
CEVR	   1	 344	   9	   0	3.058790e+03	 113	   0	3.431373e-01	3.871569e+01	2526	happy	happy_14.png	
CEVR	   1	 345	   9	   0	3.066111e+03	 102	   0	3.707415e-01	3.774148e+01	2807	happy	happy_17.png	
CEVR	   1	 346	   9	   0	3.074241e+03	 108	   0	3.374153e-01	3.632517e+01	2462	happy	happy_16.png	
CEVR	   1	 347	   9	   0	3.080877e+03	 128	   0	2.900986e-01	3.700000e+01	1836	happy	happy_5.png	
CEVR	   1	 348	   9	   0	3.089232e+03	 113	 113	3.369763e-01	3.801093e+01	2457	happy	happy_9.png	
CEVR	   1	 349	   9	   0	3.096243e+03	 103	   0	3.484930e-01	3.595452e+01	2584	happy	happy_12.png	
CEVR	   1	 350	   9	   0	3.103077e+03	 106	   0	3.355792e-01	3.565768e+01	2441	happy	happy_15.png	
CEVR	   1	 351	   9	   0	3.109966e+03	 100	 100	3.637640e-01	3.627247e+01	2740	happy	happy_13.png	
CEVR	   1	 352	   9	   0	3.117339e+03	  99	   0	3.613281e-01	3.591602e+01	2716	happy	happy_8.png	
CEVR	   1	 353	   9	   0	3.124897e+03	 115	   0	3.283469e-01	3.765669e+01	2356	happy	happy_18.png	
CEVR	   1	 354	   9	   0	3.131760e+03	 107	 107	3.576360e-01	3.843054e+01	2679	happy	happy_20.png	
CEVR	   1	 355	   9	   0	3.139161e+03	 109	   0	3.467202e-01	3.769344e+01	2565	happy	happy_11.png	
CEVR	   1	 356	   9	   0	3.146848e+03	 108	 108	3.445982e-01	3.734460e+01	2542	happy	happy_3.png	
CEVR	   1	 357	   9	   0	3.154449e+03	 115	 115	3.233458e-01	3.732335e+01	2295	happy	happy_2.png	
CEVR	   1	 358	   9	   0	3.161495e+03	 106	 106	3.371518e-01	3.565139e+01	2459	happy	happy_4.png	
CEVR	   1	 359	   9	   0	3.169409e+03	 116	 116	3.306102e-01	3.832244e+01	2383	happy	happy_6.png	
CEVR	   1	 360	   9	   0	3.176542e+03	 113	 113	3.183382e-01	3.604499e+01	2232	happy	happy_19.png	
