#Subj:	1002
#Run:	1
#Age:	22
#Gender:	female
#10-Dec-2012
Func	Run	Trial	Block	Null	trialStartTime	Mag	ScoreInc	Freq	EV	RT	Emotion	Image
DEV	   1	   1	   1	   0	7.816391e+01	  72	  72	6.751353e-01	4.832749e+01	 869	happy	happy_13.png	
DEV	   1	   2	   1	   0	8.526749e+01	  75	  75	5.112484e-01	3.828336e+01	1712	happy	happy_12.png	
DEV	   1	   3	   1	   0	9.212673e+01	  87	   0	3.748080e-01	3.248805e+01	2826	happy	happy_19.png	
DEV	   1	   4	   1	   0	1.008411e+02	  77	   0	6.441414e-01	4.987637e+01	1008	happy	happy_8.png	
DEV	   1	   5	   1	   0	1.088465e+02	  73	  73	5.831456e-01	4.258945e+01	1305	happy	happy_2.png	
DEV	   1	   6	   1	   0	1.154540e+02	  73	  73	5.789147e-01	4.234363e+01	1327	happy	happy_1.png	
DEV	   1	   7	   1	   0	1.218650e+02	  75	   0	5.420937e-01	4.070506e+01	1528	happy	happy_11.png	
DEV	   1	   8	   1	   0	1.283294e+02	  78	  78	5.590856e-01	4.341459e+01	1433	happy	happy_4.png	
DEV	   1	   9	   1	   0	1.360073e+02	  75	  75	5.952830e-01	4.447947e+01	1243	happy	happy_6.png	
DEV	   1	  10	   1	   0	1.429716e+02	  76	   0	5.675777e-01	4.338270e+01	1387	happy	happy_7.png	
DEV	   1	  11	   1	   0	1.499204e+02	  80	   0	5.286882e-01	4.252382e+01	1606	happy	happy_10.png	
DEV	   1	  12	   1	   0	1.570494e+02	  78	   0	5.722655e-01	4.481659e+01	1362	happy	happy_5.png	
DEV	   1	  13	   1	   0	1.639835e+02	  73	  73	5.334442e-01	3.910708e+01	1578	happy	happy_3.png	
DEV	   1	  14	   1	   0	1.709383e+02	  74	  74	5.730204e-01	4.257249e+01	1358	happy	happy_18.png	
DEV	   1	  15	   1	   0	1.782994e+02	  73	  73	5.449042e-01	3.978701e+01	1512	happy	happy_15.png	
DEV	   1	  16	   1	   0	1.850124e+02	  79	  79	5.420937e-01	4.287343e+01	1528	happy	happy_20.png	
DEV	   1	  17	   1	   0	1.912910e+02	  79	  79	5.549044e-01	4.370433e+01	1456	happy	happy_9.png	
DEV	   1	  18	   1	   0	1.982546e+02	  72	  72	5.598172e-01	4.010199e+01	1429	happy	happy_17.png	
DEV	   1	  19	   1	   0	2.059877e+02	  75	   0	5.360179e-01	4.033238e+01	1563	happy	happy_14.png	
DEV	   1	  20	   1	   0	2.128253e+02	  80	  80	5.696340e-01	4.578831e+01	1376	happy	happy_16.png	
DEV	   1	  21	   1	   0	2.196117e+02	  72	   0	5.570805e-01	3.994506e+01	1444	happy	happy_15.png	
DEV	   1	  22	   1	   0	2.260183e+02	  80	   0	5.449042e-01	4.360134e+01	1512	happy	happy_7.png	
DEV	   1	  23	   1	   0	2.319535e+02	  72	  72	5.692594e-01	4.120961e+01	1378	happy	happy_18.png	
DEV	   1	  24	   1	   0	2.384756e+02	  77	   0	5.764333e-01	4.450471e+01	1340	happy	happy_5.png	
DEV	   1	  25	   1	   0	2.446611e+02	  79	   0	5.513036e-01	4.347164e+01	1476	happy	happy_6.png	
DEV	   1	  26	   1	   0	2.515350e+02	  79	  79	5.574444e-01	4.386806e+01	1442	happy	happy_20.png	
DEV	   1	  27	   1	   0	2.581894e+02	  78	  78	5.629409e-01	4.365827e+01	1412	happy	happy_1.png	
DEV	   1	  28	   1	   0	2.646942e+02	  73	   0	5.456101e-01	3.982867e+01	1508	happy	happy_9.png	
DEV	   1	  29	   1	   0	2.709898e+02	  74	   0	5.852760e-01	4.329812e+01	1294	happy	happy_16.png	
DEV	   1	  30	   1	   0	2.770816e+02	  82	  82	5.509454e-01	4.510128e+01	1478	happy	happy_12.png	
DEV	   1	  31	   1	   0	2.837559e+02	  74	  74	5.570805e-01	4.105922e+01	1444	happy	happy_10.png	
DEV	   1	  32	   1	   0	2.902329e+02	  81	  81	5.581730e-01	4.503131e+01	1438	happy	happy_19.png	
DEV	   1	  33	   1	   0	2.981007e+02	  75	  75	5.434964e-01	4.079083e+01	1520	happy	happy_3.png	
DEV	   1	  34	   1	   0	3.051514e+02	  75	  75	5.659025e-01	4.271311e+01	1396	happy	happy_17.png	
DEV	   1	  35	   1	   0	3.126409e+02	  73	  73	5.507663e-01	4.013226e+01	1479	happy	happy_13.png	
DEV	   1	  36	   1	   0	3.194166e+02	  73	   0	5.583553e-01	4.057657e+01	1437	happy	happy_4.png	
DEV	   1	  37	   1	   0	3.269303e+02	  72	   0	5.420937e-01	3.907878e+01	1528	happy	happy_8.png	
DEV	   1	  38	   1	   0	3.335768e+02	  80	  80	5.320790e-01	4.275020e+01	1586	happy	happy_14.png	
DEV	   1	  39	   1	   0	3.405278e+02	  77	   0	5.175616e-01	3.970686e+01	1673	happy	happy_2.png	
DEV	   1	  40	   1	   0	3.461972e+02	  73	  73	5.598172e-01	4.066180e+01	1429	happy	happy_11.png	
IEV	   1	  41	   2	   0	3.569763e+02	  23	  23	8.733731e-01	2.045084e+01	 923	fear	fear_13.png	
IEV	   1	  42	   2	   0	3.625596e+02	  21	   0	8.936776e-01	1.890131e+01	 462	fear	fear_5.png	
IEV	   1	  43	   2	   0	3.694324e+02	  30	  30	8.502708e-01	2.516109e+01	1235	fear	fear_9.png	
IEV	   1	  44	   2	   0	3.765419e+02	  41	  41	7.504840e-01	3.083841e+01	2066	fear	fear_1.png	
IEV	   1	  45	   2	   0	3.842991e+02	  72	   0	5.825185e-01	4.196085e+01	3005	fear	fear_7.png	
IEV	   1	  46	   2	   0	3.922005e+02	  50	  50	7.131592e-01	3.596913e+01	2300	fear	fear_8.png	
IEV	   1	  47	   2	   0	4.016428e+02	  52	  52	6.801764e-01	3.558193e+01	2491	fear	fear_6.png	
IEV	   1	  48	   2	   0	4.101268e+02	  52	   0	6.858473e-01	3.585651e+01	2459	fear	fear_18.png	
IEV	   1	  49	   2	   0	4.180952e+02	  60	   0	6.755280e-01	4.064403e+01	2517	fear	fear_14.png	
IEV	   1	  50	   2	   0	4.245629e+02	  62	  62	6.549201e-01	4.062937e+01	2630	fear	fear_4.png	
IEV	   1	  51	   2	   0	4.325285e+02	  60	   0	6.621050e-01	3.950834e+01	2591	fear	fear_19.png	
IEV	   1	  52	   2	   0	4.399232e+02	  61	   0	6.446645e-01	3.933791e+01	2685	fear	fear_2.png	
IEV	   1	  53	   2	   0	4.482621e+02	  58	  58	6.459775e-01	3.731458e+01	2678	fear	fear_20.png	
IEV	   1	  54	   2	   0	4.563128e+02	  66	  66	6.233637e-01	4.131445e+01	2797	fear	fear_15.png	
IEV	   1	  55	   2	   0	4.637510e+02	  63	  63	6.476625e-01	4.108558e+01	2669	fear	fear_17.png	
IEV	   1	  56	   2	   0	4.720207e+02	  60	   0	6.547349e-01	3.933163e+01	2631	fear	fear_10.png	
IEV	   1	  57	   2	   0	4.785546e+02	  68	   0	6.323676e-01	4.328822e+01	2750	fear	fear_16.png	
IEV	   1	  58	   2	   0	4.850788e+02	  57	  57	6.582454e-01	3.778490e+01	2612	fear	fear_11.png	
IEV	   1	  59	   2	   0	4.915983e+02	  37	  37	8.043160e-01	2.996276e+01	1674	fear	fear_12.png	
IEV	   1	  60	   2	   0	4.996163e+02	  53	  53	6.733705e-01	3.539560e+01	2529	fear	fear_3.png	
IEV	   1	  61	   2	   0	5.084582e+02	  58	   0	6.633866e-01	3.876103e+01	2584	fear	fear_2.png	
IEV	   1	  62	   2	   0	5.160792e+02	  66	  66	6.356016e-01	4.182778e+01	2733	fear	fear_4.png	
IEV	   1	  63	   2	   0	5.229794e+02	  53	   0	6.817770e-01	3.614814e+01	2482	fear	fear_9.png	
IEV	   1	  64	   2	   0	5.305415e+02	  57	  57	6.935522e-01	3.945860e+01	2415	fear	fear_16.png	
IEV	   1	  65	   2	   0	5.369267e+02	  52	  52	6.876080e-01	3.572956e+01	2449	fear	fear_20.png	
IEV	   1	  66	   2	   0	5.454897e+02	  62	  62	6.622882e-01	4.082094e+01	2590	fear	fear_10.png	
IEV	   1	  67	   2	   0	5.532824e+02	  58	  58	6.853181e-01	4.000649e+01	2462	fear	fear_1.png	
IEV	   1	  68	   2	   0	5.603065e+02	  58	  58	6.726497e-01	3.881074e+01	2533	fear	fear_14.png	
IEV	   1	  69	   2	   0	5.686258e+02	  66	  66	6.420317e-01	4.207655e+01	2699	fear	fear_13.png	
IEV	   1	  70	   2	   0	5.777074e+02	  61	  61	6.465396e-01	3.921589e+01	2675	fear	fear_17.png	
IEV	   1	  71	   2	   0	5.849534e+02	  61	   0	6.659426e-01	4.058823e+01	2570	fear	fear_11.png	
IEV	   1	  72	   2	   0	5.916364e+02	  51	  51	6.879594e-01	3.501620e+01	2447	fear	fear_12.png	
IEV	   1	  73	   2	   0	5.986080e+02	  56	   0	6.575078e-01	3.651988e+01	2616	fear	fear_15.png	
IEV	   1	  74	   2	   0	6.071711e+02	  59	  59	6.683071e-01	3.910001e+01	2557	fear	fear_3.png	
IEV	   1	  75	   2	   0	6.143465e+02	  56	  56	6.558454e-01	3.663561e+01	2625	fear	fear_8.png	
IEV	   1	  76	   2	   0	6.214435e+02	  53	  53	7.168192e-01	3.784918e+01	2278	fear	fear_18.png	
IEV	   1	  77	   2	   0	6.289083e+02	  54	  54	6.599022e-01	3.569262e+01	2603	fear	fear_19.png	
IEV	   1	  78	   2	   0	6.389867e+02	  71	  71	6.171822e-01	4.354149e+01	2829	fear	fear_6.png	
IEV	   1	  79	   2	   0	6.463253e+02	  72	   0	5.932656e-01	4.250479e+01	2951	fear	fear_5.png	
IEV	   1	  80	   2	   0	6.533459e+02	  62	  62	6.378768e-01	3.977563e+01	2721	fear	fear_7.png	
CEVR	   1	  81	   3	   0	6.796328e+02	 126	   0	2.974277e-01	3.759486e+01	1946	scram	scram_4.png	
CEVR	   1	  82	   3	   0	6.884248e+02	 109	   0	3.329049e-01	3.633419e+01	2410	scram	scram_16.png	
CEVR	   1	  83	   3	   0	6.966953e+02	 150	 150	2.548711e-01	3.827436e+01	1219	scram	scram_14.png	
CEVR	   1	  84	   3	   0	7.032755e+02	 157	   0	2.371795e-01	3.723718e+01	 840	scram	scram_6.png	
CEVR	   1	  85	   3	   0	7.120972e+02	  63	   0	5.657492e-01	3.586850e+01	4011	scram	scram_20.png	
CEVR	   1	  86	   3	   0	7.203930e+02	  68	   0	5.655022e-01	3.869651e+01	4010	scram	scram_15.png	
CEVR	   1	  87	   3	   0	7.282571e+02	  62	   0	5.655022e-01	3.530349e+01	4010	scram	scram_11.png	
CEVR	   1	  88	   3	   0	7.361542e+02	  62	   0	5.655022e-01	3.530349e+01	4010	scram	scram_10.png	
CEVR	   1	  89	   3	   0	7.436494e+02	  69	   0	5.642702e-01	3.869281e+01	4005	scram	scram_3.png	
CEVR	   1	  90	   3	   0	7.533194e+02	  68	   0	5.642702e-01	3.812854e+01	4005	scram	scram_12.png	
CEVR	   1	  91	   3	   0	7.620373e+02	  68	   0	5.657492e-01	3.869725e+01	4011	scram	scram_5.png	
CEVR	   1	  92	   3	   0	7.710234e+02	  62	   0	5.630435e-01	3.474783e+01	4000	scram	scram_7.png	
CEVR	   1	  93	   3	   0	7.797408e+02	  70	   0	5.642702e-01	3.925708e+01	4005	scram	scram_18.png	
CEVR	   1	  94	   3	   0	7.867019e+02	 156	   0	2.350699e-01	3.676493e+01	 791	scram	scram_1.png	
CEVR	   1	  95	   3	   0	7.932798e+02	 129	   0	2.768277e-01	3.561586e+01	1622	scram	scram_8.png	
CEVR	   1	  96	   3	   0	8.005494e+02	  97	   0	3.939763e-01	3.818193e+01	3013	scram	scram_17.png	
CEVR	   1	  97	   3	   0	8.084028e+02	 150	   0	2.419656e-01	3.627410e+01	 948	scram	scram_19.png	
CEVR	   1	  98	   3	   0	8.155949e+02	 115	   0	3.203859e-01	  37	2258	scram	scram_9.png	
CEVR	   1	  99	   3	   0	8.226633e+02	 147	   0	2.587413e-01	3.803497e+01	1295	scram	scram_2.png	
CEVR	   1	 100	   3	   0	8.293982e+02	 155	   0	2.416947e-01	3.748339e+01	 942	scram	scram_13.png	
CEVR	   1	 101	   3	   0	8.378281e+02	 117	   0	3.279311e-01	3.831172e+01	2351	scram	scram_13.png	
CEVR	   1	 102	   3	   0	8.446265e+02	  92	   0	3.888889e-01	3.583333e+01	2970	scram	scram_9.png	
CEVR	   1	 103	   3	   0	8.517930e+02	  85	   0	4.450172e-01	3.789003e+01	3390	scram	scram_18.png	
CEVR	   1	 104	   3	   0	8.590628e+02	  86	   0	4.482520e-01	3.834476e+01	3411	scram	scram_2.png	
CEVR	   1	 105	   3	   0	8.658728e+02	 131	   0	2.931191e-01	3.846560e+01	1882	scram	scram_19.png	
CEVR	   1	 106	   3	   0	8.723330e+02	 105	 105	3.691562e-01	3.884578e+01	2792	scram	scram_11.png	
CEVR	   1	 107	   3	   0	8.802962e+02	  89	  89	3.987069e-01	3.540517e+01	3052	scram	scram_4.png	
CEVR	   1	 108	   3	   0	8.870119e+02	 104	   0	3.600222e-01	3.736002e+01	2703	scram	scram_3.png	
CEVR	   1	 109	   3	   0	8.959492e+02	 106	   0	3.624405e-01	3.844976e+01	2727	scram	scram_7.png	
CEVR	   1	 110	   3	   0	9.053949e+02	  98	   0	3.719127e-01	3.662809e+01	2818	scram	scram_17.png	
CEVR	   1	 111	   3	   0	9.126896e+02	 106	 106	3.546973e-01	3.770939e+01	2649	scram	scram_5.png	
CEVR	   1	 112	   3	   0	9.198725e+02	 102	 102	3.737374e-01	3.812121e+01	2835	scram	scram_14.png	
CEVR	   1	 113	   3	   0	9.267452e+02	 100	 100	3.703174e-01	  37	2803	scram	scram_12.png	
CEVR	   1	 114	   3	   0	9.344929e+02	 100	   0	3.662330e-01	3.663377e+01	2764	scram	scram_16.png	
CEVR	   1	 115	   3	   0	9.412398e+02	 104	 104	3.457021e-01	3.596289e+01	2554	scram	scram_10.png	
CEVR	   1	 116	   3	   0	9.486655e+02	  99	  99	3.615299e-01	3.591541e+01	2718	scram	scram_20.png	
CEVR	   1	 117	   3	   0	9.554260e+02	  99	   0	3.678977e-01	3.626420e+01	2780	scram	scram_8.png	
CEVR	   1	 118	   3	   0	9.636270e+02	 106	   0	3.499054e-01	3.700000e+01	2599	scram	scram_1.png	
CEVR	   1	 119	   3	   0	9.708283e+02	 101	   0	3.556715e-01	3.593299e+01	2659	scram	scram_6.png	
CEVR	   1	 120	   3	   0	9.781310e+02	 103	   0	3.558670e-01	3.664413e+01	2661	scram	scram_15.png	
DEV	   1	 121	   4	   0	1.105246e+03	  75	  75	6.553351e-01	4.923378e+01	 957	fear	fear_10.png	
DEV	   1	 122	   4	   0	1.112006e+03	  79	   0	6.073291e-01	4.822570e+01	1183	fear	fear_4.png	
DEV	   1	 123	   4	   0	1.119329e+03	  71	   0	7.686591e-01	5.439534e+01	 484	fear	fear_12.png	
DEV	   1	 124	   4	   0	1.126011e+03	  77	  77	6.841046e-01	5.290196e+01	 830	fear	fear_8.png	
DEV	   1	 125	   4	   0	1.132968e+03	  72	  72	6.529032e-01	4.713556e+01	 968	fear	fear_5.png	
DEV	   1	 126	   4	   0	1.139740e+03	  78	   0	6.445765e-01	5.054708e+01	1006	fear	fear_9.png	
DEV	   1	 127	   4	   0	1.146314e+03	  72	   0	6.903830e-01	4.981264e+01	 803	fear	fear_19.png	
DEV	   1	 128	   4	   0	1.152884e+03	  78	  78	6.910841e-01	5.399592e+01	 800	fear	fear_11.png	
DEV	   1	 129	   4	   0	1.158865e+03	  73	  73	6.868881e-01	5.031557e+01	 818	fear	fear_14.png	
DEV	   1	 130	   4	   0	1.165298e+03	  70	  70	6.555566e-01	4.596868e+01	 956	fear	fear_17.png	
DEV	   1	 131	   4	   0	1.172046e+03	  70	  70	6.591124e-01	4.615403e+01	 940	fear	fear_2.png	
DEV	   1	 132	   4	   0	1.177860e+03	  69	   0	6.719445e-01	4.614294e+01	 883	fear	fear_6.png	
DEV	   1	 133	   4	   0	1.183844e+03	  75	  75	6.417544e-01	4.844924e+01	1019	fear	fear_15.png	
DEV	   1	 134	   4	   0	1.192254e+03	  69	  69	6.548922e-01	4.527905e+01	 959	fear	fear_20.png	
DEV	   1	 135	   4	   0	1.197866e+03	  74	  74	6.737659e-01	4.960272e+01	 875	fear	fear_18.png	
DEV	   1	 136	   4	   0	1.204191e+03	  69	   0	6.760498e-01	4.634754e+01	 865	fear	fear_7.png	
DEV	   1	 137	   4	   0	1.209828e+03	  73	   0	6.624644e-01	4.831527e+01	 925	fear	fear_16.png	
DEV	   1	 138	   4	   0	1.217667e+03	  81	   0	3.649086e-01	2.955263e+01	2936	fear	fear_3.png	
DEV	   1	 139	   4	   0	1.225156e+03	  75	  75	4.153322e-01	3.134591e+01	2425	fear	fear_13.png	
DEV	   1	 140	   4	   0	1.231666e+03	  76	   0	4.322037e-01	3.284464e+01	2279	fear	fear_1.png	
DEV	   1	 141	   4	   0	1.237328e+03	  70	   0	6.974247e-01	4.878525e+01	 773	fear	fear_5.png	
DEV	   1	 142	   4	   0	1.244574e+03	  77	   0	6.908503e-01	5.329141e+01	 801	fear	fear_6.png	
DEV	   1	 143	   4	   0	1.251634e+03	  73	  73	6.995506e-01	5.098974e+01	 764	fear	fear_7.png	
DEV	   1	 144	   4	   0	1.258583e+03	  71	  71	6.564436e-01	4.667145e+01	 952	fear	fear_11.png	
DEV	   1	 145	   4	   0	1.264003e+03	  75	  75	7.199289e-01	5.420427e+01	 679	fear	fear_17.png	
DEV	   1	 146	   4	   0	1.269994e+03	  73	  73	6.831792e-01	5.011553e+01	 834	fear	fear_16.png	
DEV	   1	 147	   4	   0	1.275851e+03	  78	  78	6.551136e-01	5.118643e+01	 958	fear	fear_15.png	
DEV	   1	 148	   4	   0	1.282435e+03	  75	  75	6.861911e-01	5.165045e+01	 821	fear	fear_9.png	
DEV	   1	 149	   4	   0	1.288081e+03	  72	   0	7.062037e-01	5.063210e+01	 736	fear	fear_3.png	
DEV	   1	 150	   4	   0	1.295240e+03	  72	  72	6.993141e-01	5.027796e+01	 765	fear	fear_1.png	
DEV	   1	 151	   4	   0	1.302948e+03	  74	  74	7.047730e-01	5.196846e+01	 742	fear	fear_19.png	
DEV	   1	 152	   4	   0	1.309674e+03	  70	   0	7.143616e-01	5.033145e+01	 702	fear	fear_20.png	
DEV	   1	 153	   4	   0	1.316258e+03	  78	   0	6.889830e-01	5.387297e+01	 809	fear	fear_18.png	
DEV	   1	 154	   4	   0	1.323079e+03	  70	  70	6.737659e-01	4.690765e+01	 875	fear	fear_14.png	
DEV	   1	 155	   4	   0	1.329575e+03	  68	  68	6.838731e-01	4.673367e+01	 831	fear	fear_13.png	
DEV	   1	 156	   4	   0	1.335849e+03	  69	  69	6.913179e-01	4.778772e+01	 799	fear	fear_2.png	
DEV	   1	 157	   4	   0	1.341949e+03	  77	  77	6.827170e-01	5.282138e+01	 836	fear	fear_8.png	
DEV	   1	 158	   4	   0	1.349047e+03	  72	  72	6.815628e-01	4.934642e+01	 841	fear	fear_12.png	
DEV	   1	 159	   4	   0	1.355836e+03	  72	   0	6.871205e-01	4.964095e+01	 817	fear	fear_10.png	
DEV	   1	 160	   4	   0	1.362805e+03	  70	  70	6.776531e-01	4.710474e+01	 858	fear	fear_4.png	
IEV	   1	 161	   5	   0	1.372810e+03	  28	  28	8.655617e-01	2.412811e+01	1041	happy	happy_7.png	
IEV	   1	 162	   5	   0	1.379299e+03	  21	   0	8.883149e-01	1.898979e+01	 624	happy	happy_10.png	
IEV	   1	 163	   5	   0	1.385067e+03	  21	  21	8.701336e-01	1.829805e+01	 974	happy	happy_14.png	
IEV	   1	 164	   5	   0	1.394394e+03	  41	   0	7.755161e-01	3.176312e+01	1894	happy	happy_2.png	
IEV	   1	 165	   5	   0	1.401097e+03	  30	   0	8.354401e-01	2.516068e+01	1394	happy	happy_17.png	
IEV	   1	 166	   5	   0	1.408341e+03	  29	  29	8.206691e-01	2.344737e+01	1534	happy	happy_6.png	
IEV	   1	 167	   5	   0	1.414918e+03	  31	  31	8.144317e-01	2.491894e+01	1589	happy	happy_9.png	
IEV	   1	 168	   5	   0	1.422908e+03	  33	   0	7.914259e-01	2.639916e+01	1776	happy	happy_5.png	
IEV	   1	 169	   5	   0	1.429764e+03	  29	  29	8.407096e-01	2.457262e+01	1340	happy	happy_1.png	
IEV	   1	 170	   5	   0	1.436541e+03	  36	  36	8.136204e-01	2.907050e+01	1596	happy	happy_18.png	
IEV	   1	 171	   5	   0	1.444196e+03	  39	  39	8.037031e-01	3.162780e+01	1679	happy	happy_3.png	
IEV	   1	 172	   5	   0	1.453264e+03	  37	  37	8.075915e-01	2.965241e+01	1647	happy	happy_11.png	
IEV	   1	 173	   5	   0	1.459877e+03	  33	  33	8.286755e-01	2.755028e+01	1460	happy	happy_8.png	
IEV	   1	 174	   5	   0	1.466469e+03	  33	  33	8.102176e-01	2.697003e+01	1625	happy	happy_15.png	
IEV	   1	 175	   5	   0	1.472719e+03	  36	   0	8.162713e-01	2.962631e+01	1573	happy	happy_12.png	
IEV	   1	 176	   5	   0	1.479662e+03	  37	  37	8.137365e-01	2.987289e+01	1595	happy	happy_16.png	
IEV	   1	 177	   5	   0	1.487469e+03	  55	   0	6.881351e-01	3.775587e+01	2446	happy	happy_13.png	
IEV	   1	 178	   5	   0	1.494325e+03	  68	   0	5.928692e-01	4.015647e+01	2953	happy	happy_20.png	
IEV	   1	 179	   5	   0	1.501234e+03	  33	  33	8.075915e-01	2.642205e+01	1647	happy	happy_4.png	
IEV	   1	 180	   5	   0	1.508579e+03	  34	  34	8.162713e-01	2.799377e+01	1573	happy	happy_19.png	
IEV	   1	 181	   5	   0	1.516638e+03	  16	  16	8.850670e-01	1.422878e+01	 702	happy	happy_13.png	
IEV	   1	 182	   5	   0	1.523517e+03	  31	  31	8.135042e-01	2.501433e+01	1597	happy	happy_11.png	
IEV	   1	 183	   5	   0	1.531888e+03	  29	  29	8.287806e-01	2.422416e+01	1459	happy	happy_3.png	
IEV	   1	 184	   5	   0	1.538490e+03	  33	  33	8.087899e-01	2.630270e+01	1637	happy	happy_19.png	
IEV	   1	 185	   5	   0	1.546463e+03	  33	  33	7.956849e-01	2.598823e+01	1743	happy	happy_12.png	
IEV	   1	 186	   5	   0	1.553504e+03	  31	  31	7.998594e-01	2.477981e+01	1710	happy	happy_16.png	
IEV	   1	 187	   5	   0	1.560449e+03	  36	  36	8.118687e-01	2.924104e+01	1611	happy	happy_2.png	
IEV	   1	 188	   5	   0	1.567102e+03	  36	  36	8.078318e-01	2.882165e+01	1645	happy	happy_17.png	
IEV	   1	 189	   5	   0	1.574366e+03	  38	   0	7.972127e-01	3.062265e+01	1731	happy	happy_10.png	
IEV	   1	 190	   5	   0	1.582718e+03	  29	  29	8.214455e-01	2.418584e+01	1527	happy	happy_15.png	
IEV	   1	 191	   5	   0	1.588828e+03	  34	  34	8.077117e-01	2.721781e+01	1646	happy	happy_20.png	
IEV	   1	 192	   5	   0	1.595982e+03	  38	   0	7.982250e-01	3.052967e+01	1723	happy	happy_5.png	
IEV	   1	 193	   5	   0	1.602321e+03	  35	  35	8.059003e-01	2.820134e+01	1661	happy	happy_4.png	
IEV	   1	 194	   5	   0	1.608494e+03	  38	  38	7.910346e-01	3.039180e+01	1779	happy	happy_8.png	
IEV	   1	 195	   5	   0	1.615461e+03	  36	  36	7.936305e-01	2.856807e+01	1759	happy	happy_6.png	
IEV	   1	 196	   5	   0	1.622169e+03	  34	   0	8.075915e-01	2.722964e+01	1647	happy	happy_9.png	
IEV	   1	 197	   5	   0	1.629298e+03	  37	   0	8.035803e-01	3.003193e+01	1680	happy	happy_1.png	
IEV	   1	 198	   5	   0	1.636357e+03	  33	  33	7.951732e-01	2.603791e+01	1747	happy	happy_18.png	
IEV	   1	 199	   5	   0	1.643368e+03	  30	  30	8.080718e-01	2.395006e+01	1643	happy	happy_7.png	
IEV	   1	 200	   5	   0	1.651977e+03	  43	   0	7.567921e-01	3.257437e+01	2024	happy	happy_14.png	
DEV	   1	 201	   6	   0	1.660103e+03	  81	   0	5.921205e-01	4.784446e+01	1259	scram	scram_14.png	
DEV	   1	 202	   6	   0	1.666289e+03	  69	  69	7.912416e-01	5.459831e+01	 397	scram	scram_2.png	
DEV	   1	 203	   6	   0	1.672535e+03	  69	  69	8.135053e-01	5.630003e+01	 313	scram	scram_18.png	
DEV	   1	 204	   6	   0	1.678687e+03	  68	  68	7.607344e-01	5.174895e+01	 515	scram	scram_6.png	
DEV	   1	 205	   6	   0	1.686353e+03	  67	  67	7.637943e-01	5.111749e+01	 503	scram	scram_3.png	
DEV	   1	 206	   6	   0	1.691967e+03	  73	  73	7.627732e-01	5.565112e+01	 507	scram	scram_8.png	
DEV	   1	 207	   6	   0	1.698021e+03	  72	   0	6.647089e-01	4.777323e+01	 915	scram	scram_19.png	
DEV	   1	 208	   6	   0	1.705148e+03	  78	   0	5.509454e-01	4.289750e+01	1478	scram	scram_17.png	
DEV	   1	 209	   6	   0	1.711783e+03	  83	  83	4.842210e-01	3.999007e+01	1888	scram	scram_7.png	
DEV	   1	 210	   6	   0	1.720586e+03	  80	  80	4.153322e-01	3.342257e+01	2425	scram	scram_16.png	
DEV	   1	 211	   6	   0	1.726726e+03	  73	   0	7.148441e-01	5.249978e+01	 700	scram	scram_12.png	
DEV	   1	 212	   6	   0	1.734030e+03	  84	  84	3.569433e-01	3.006757e+01	3028	scram	scram_20.png	
DEV	   1	 213	   6	   0	1.740234e+03	  74	  74	7.694294e-01	5.673863e+01	 481	scram	scram_15.png	
DEV	   1	 214	   6	   0	1.747816e+03	  82	   0	3.283182e-01	2.696838e+01	3381	scram	scram_11.png	
DEV	   1	 215	   6	   0	1.757567e+03	  86	   0	3.437336e-01	2.944213e+01	3187	scram	scram_1.png	
DEV	   1	 216	   6	   0	1.765411e+03	  85	   0	3.342860e-01	2.839859e+01	3305	scram	scram_4.png	
DEV	   1	 217	   6	   0	1.773606e+03	  80	  80	3.423563e-01	2.728497e+01	3204	scram	scram_10.png	
DEV	   1	 218	   6	   0	1.781943e+03	  80	   0	3.355528e-01	2.681502e+01	3289	scram	scram_9.png	
DEV	   1	 219	   6	   0	1.789642e+03	  81	   0	3.252052e-01	2.641919e+01	3421	scram	scram_5.png	
DEV	   1	 220	   6	   0	1.796327e+03	  66	  66	7.943950e-01	5.234535e+01	 385	scram	scram_13.png	
DEV	   1	 221	   6	   0	1.804086e+03	  68	   0	7.756140e-01	5.238176e+01	 457	scram	scram_1.png	
DEV	   1	 222	   6	   0	1.811672e+03	  80	   0	3.437336e-01	2.737973e+01	3187	scram	scram_16.png	
DEV	   1	 223	   6	   0	1.819926e+03	  88	   0	3.363466e-01	2.956078e+01	3279	scram	scram_11.png	
DEV	   1	 224	   6	   0	1.827936e+03	  67	  67	7.383521e-01	4.927165e+01	 604	scram	scram_9.png	
DEV	   1	 225	   6	   0	1.833549e+03	  69	  69	7.779431e-01	5.403419e+01	 448	scram	scram_18.png	
DEV	   1	 226	   6	   0	1.840059e+03	  67	   0	7.844408e-01	5.274391e+01	 423	scram	scram_3.png	
DEV	   1	 227	   6	   0	1.846539e+03	  72	   0	7.957116e-01	5.716962e+01	 380	scram	scram_20.png	
DEV	   1	 228	   6	   0	1.852300e+03	  70	   0	7.559098e-01	5.304987e+01	 534	scram	scram_8.png	
DEV	   1	 229	   6	   0	1.861625e+03	  78	   0	3.396993e-01	2.642240e+01	3237	scram	scram_6.png	
DEV	   1	 230	   6	   0	1.867882e+03	  74	  74	7.589540e-01	5.622517e+01	 522	scram	scram_10.png	
DEV	   1	 231	   6	   0	1.874107e+03	  76	   0	7.279848e-01	5.536246e+01	 646	scram	scram_15.png	
DEV	   1	 232	   6	   0	1.882535e+03	  86	   0	3.242744e-01	2.797437e+01	3433	scram	scram_2.png	
DEV	   1	 233	   6	   0	1.888823e+03	  73	  73	7.962387e-01	5.798897e+01	 378	scram	scram_13.png	
DEV	   1	 234	   6	   0	1.896742e+03	  69	  69	7.398435e-01	5.081674e+01	 598	scram	scram_7.png	
DEV	   1	 235	   6	   0	1.902113e+03	  72	   0	7.488454e-01	5.421980e+01	 562	scram	scram_19.png	
DEV	   1	 236	   6	   0	1.908602e+03	  68	  68	7.938688e-01	5.391303e+01	 387	scram	scram_4.png	
DEV	   1	 237	   6	   0	1.914579e+03	  75	  75	7.465864e-01	5.634905e+01	 571	scram	scram_5.png	
DEV	   1	 238	   6	   0	1.920137e+03	  76	  76	7.584460e-01	5.771682e+01	 524	scram	scram_17.png	
DEV	   1	 239	   6	   0	1.926624e+03	  75	  75	7.418360e-01	5.535875e+01	 590	scram	scram_12.png	
DEV	   1	 240	   6	   0	1.933066e+03	  69	  69	7.179880e-01	4.979174e+01	 687	scram	scram_14.png	
CEVR	   1	 241	   7	   0	1.941320e+03	 160	   0	2.300995e-01	3.676990e+01	 672	fear	fear_1.png	
CEVR	   1	 242	   7	   0	1.948040e+03	 147	 147	2.561820e-01	3.776855e+01	1245	fear	fear_20.png	
CEVR	   1	 243	   7	   0	1.954392e+03	 151	   0	2.495664e-01	3.774870e+01	1111	fear	fear_7.png	
CEVR	   1	 244	   7	   0	1.960412e+03	 144	   0	2.560301e-01	3.674397e+01	1242	fear	fear_10.png	
CEVR	   1	 245	   7	   0	1.966815e+03	 146	   0	2.547207e-01	3.725472e+01	1216	fear	fear_14.png	
CEVR	   1	 246	   7	   0	1.973103e+03	 125	   0	2.999768e-01	3.759995e+01	1983	fear	fear_8.png	
CEVR	   1	 247	   7	   0	1.981287e+03	 105	   0	3.484930e-01	3.665151e+01	2584	fear	fear_9.png	
CEVR	   1	 248	   7	   0	1.988079e+03	 100	   0	3.908844e-01	3.895442e+01	2987	fear	fear_16.png	
CEVR	   1	 249	   7	   0	1.996697e+03	  79	  79	4.883107e-01	3.846493e+01	3648	fear	fear_3.png	
CEVR	   1	 250	   7	   0	2.004612e+03	 140	   0	2.658046e-01	3.726580e+01	1428	fear	fear_15.png	
CEVR	   1	 251	   7	   0	2.011079e+03	 141	 141	2.722876e-01	3.836144e+01	1544	fear	fear_2.png	
CEVR	   1	 252	   7	   0	2.017675e+03	 146	   0	2.536232e-01	  37	1194	fear	fear_12.png	
CEVR	   1	 253	   7	   0	2.025109e+03	 128	   0	2.801817e-01	3.587927e+01	1678	fear	fear_17.png	
CEVR	   1	 254	   7	   0	2.032443e+03	 142	   0	2.680050e-01	3.807202e+01	1468	fear	fear_18.png	
CEVR	   1	 255	   7	   0	2.039360e+03	 142	 142	2.667353e-01	3.780021e+01	1445	fear	fear_19.png	
CEVR	   1	 256	   7	   0	2.045548e+03	 136	 136	2.742482e-01	3.727425e+01	1578	fear	fear_11.png	
CEVR	   1	 257	   7	   0	2.054210e+03	 134	   0	2.746554e-01	3.672534e+01	1585	fear	fear_13.png	
CEVR	   1	 258	   7	   0	2.061478e+03	 133	   0	2.718304e-01	3.618451e+01	1536	fear	fear_4.png	
CEVR	   1	 259	   7	   0	2.068071e+03	 134	   0	2.752976e-01	  37	1596	fear	fear_5.png	
CEVR	   1	 260	   7	   0	2.075308e+03	 135	   0	2.798185e-01	3.783946e+01	1672	fear	fear_6.png	
CEVR	   1	 261	   7	   0	2.082149e+03	 130	 130	2.781955e-01	3.616541e+01	1645	fear	fear_11.png	
CEVR	   1	 262	   7	   0	2.089197e+03	 139	   0	2.695109e-01	3.753902e+01	1495	fear	fear_17.png	
CEVR	   1	 263	   7	   0	2.095714e+03	 144	   0	2.665706e-01	3.833285e+01	1442	fear	fear_16.png	
CEVR	   1	 264	   7	   0	2.103367e+03	 133	   0	2.809720e-01	3.728097e+01	1691	fear	fear_7.png	
CEVR	   1	 265	   7	   0	2.109949e+03	 134	   0	2.740161e-01	3.672598e+01	1574	fear	fear_10.png	
CEVR	   1	 266	   7	   0	2.115928e+03	 141	   0	2.728614e-01	3.836431e+01	1554	fear	fear_18.png	
CEVR	   1	 267	   7	   0	2.123067e+03	 142	   0	2.688953e-01	3.807558e+01	1484	fear	fear_14.png	
CEVR	   1	 268	   7	   0	2.130917e+03	 134	   0	2.761783e-01	3.700000e+01	1611	fear	fear_13.png	
CEVR	   1	 269	   7	   0	2.137662e+03	 141	 141	2.695670e-01	3.807827e+01	1496	fear	fear_4.png	
CEVR	   1	 270	   7	   0	2.144452e+03	 134	   0	2.740161e-01	3.672598e+01	1574	fear	fear_20.png	
CEVR	   1	 271	   7	   0	2.152487e+03	 128	   0	2.872034e-01	3.671280e+01	1791	fear	fear_2.png	
CEVR	   1	 272	   7	   0	2.161242e+03	 141	   0	2.708072e-01	3.808323e+01	1518	fear	fear_12.png	
CEVR	   1	 273	   7	   0	2.167666e+03	 135	 135	2.786744e-01	3.755735e+01	1653	fear	fear_9.png	
CEVR	   1	 274	   7	   0	2.175863e+03	 135	   0	2.647720e-01	3.567614e+01	1409	fear	fear_19.png	
CEVR	   1	 275	   7	   0	2.183338e+03	 131	   0	2.848658e-01	3.728487e+01	1754	fear	fear_1.png	
CEVR	   1	 276	   7	   0	2.189786e+03	 132	   0	2.853680e-01	3.757074e+01	1762	fear	fear_5.png	
CEVR	   1	 277	   7	   0	2.196669e+03	 136	 136	2.724595e-01	  37	1547	fear	fear_3.png	
CEVR	   1	 278	   7	   0	2.203821e+03	 142	   0	2.695670e-01	3.834784e+01	1496	fear	fear_15.png	
CEVR	   1	 279	   7	   0	2.210639e+03	 128	   0	2.773019e-01	3.561349e+01	1630	fear	fear_6.png	
CEVR	   1	 280	   7	   0	2.218508e+03	 135	 135	2.748302e-01	  37	1588	fear	fear_8.png	
IEV	   1	 281	   8	   0	2.238568e+03	  29	  29	8.580632e-01	2.507811e+01	1141	scram	scram_12.png	
IEV	   1	 282	   8	   0	2.244704e+03	  15	  15	8.933987e-01	1.359448e+01	 472	scram	scram_2.png	
IEV	   1	 283	   8	   0	2.250569e+03	  23	  23	8.597827e-01	1.970646e+01	1119	scram	scram_14.png	
IEV	   1	 284	   8	   0	2.257501e+03	  45	  45	7.507872e-01	3.381608e+01	2064	scram	scram_6.png	
IEV	   1	 285	   8	   0	2.265563e+03	  64	  64	6.262472e-01	3.988514e+01	2782	scram	scram_11.png	
IEV	   1	 286	   8	   0	2.273461e+03	  86	  86	5.544692e-01	4.745654e+01	3144	scram	scram_10.png	
IEV	   1	 287	   8	   0	2.281842e+03	  95	   0	5.131502e-01	4.887434e+01	3345	scram	scram_15.png	
IEV	   1	 288	   8	   0	2.289652e+03	  79	  79	5.799178e-01	4.559382e+01	3018	scram	scram_7.png	
IEV	   1	 289	   8	   0	2.297106e+03	  95	   0	5.230811e-01	4.946317e+01	3297	scram	scram_1.png	
IEV	   1	 290	   8	   0	2.305467e+03	  75	  75	5.632005e-01	4.251905e+01	3101	scram	scram_16.png	
IEV	   1	 291	   8	   0	2.314714e+03	  77	   0	5.666397e-01	4.345236e+01	3084	scram	scram_3.png	
IEV	   1	 292	   8	   0	2.323777e+03	  77	   0	5.621876e-01	4.313988e+01	3106	scram	scram_5.png	
IEV	   1	 293	   8	   0	2.332865e+03	  85	   0	5.428296e-01	4.639066e+01	3201	scram	scram_4.png	
IEV	   1	 294	   8	   0	2.340389e+03	  85	  85	5.348270e-01	4.572326e+01	3240	scram	scram_18.png	
IEV	   1	 295	   8	   0	2.347904e+03	  79	  79	5.638080e-01	4.473906e+01	3098	scram	scram_19.png	
IEV	   1	 296	   8	   0	2.356926e+03	  84	  84	5.290640e-01	4.443299e+01	3268	scram	scram_20.png	
IEV	   1	 297	   8	   0	2.365499e+03	  80	  80	5.595510e-01	4.496800e+01	3119	scram	scram_8.png	
IEV	   1	 298	   8	   0	2.372685e+03	  86	   0	5.503933e-01	4.710485e+01	3164	scram	scram_13.png	
IEV	   1	 299	   8	   0	2.380777e+03	  69	  69	6.293127e-01	4.346572e+01	2766	scram	scram_9.png	
IEV	   1	 300	   8	   0	2.388630e+03	  76	  76	5.642128e-01	4.302454e+01	3096	scram	scram_17.png	
IEV	   1	 301	   8	   0	2.396247e+03	  80	   0	5.805184e-01	4.672309e+01	3015	scram	scram_10.png	
IEV	   1	 302	   8	   0	2.405272e+03	  85	  85	5.426248e-01	4.585842e+01	3202	scram	scram_12.png	
IEV	   1	 303	   8	   0	2.412900e+03	  82	   0	5.356491e-01	4.407366e+01	3236	scram	scram_19.png	
IEV	   1	 304	   8	   0	2.420732e+03	  83	  83	5.497811e-01	4.548581e+01	3167	scram	scram_2.png	
IEV	   1	 305	   8	   0	2.429288e+03	  79	  79	5.591450e-01	4.443059e+01	3121	scram	scram_18.png	
IEV	   1	 306	   8	   0	2.437268e+03	  85	  85	5.524324e-01	4.700363e+01	3154	scram	scram_8.png	
IEV	   1	 307	   8	   0	2.445479e+03	  83	  83	5.632005e-01	4.702466e+01	3101	scram	scram_5.png	
IEV	   1	 308	   8	   0	2.453214e+03	  82	   0	5.668418e-01	4.627518e+01	3083	scram	scram_1.png	
IEV	   1	 309	   8	   0	2.461000e+03	 104	   0	4.723416e-01	4.922916e+01	3541	scram	scram_11.png	
IEV	   1	 310	   8	   0	2.468409e+03	  87	  87	5.422151e-01	4.696401e+01	3204	scram	scram_16.png	
IEV	   1	 311	   8	   0	2.476709e+03	 125	 125	4.236791e-01	5.296282e+01	3774	scram	scram_3.png	
IEV	   1	 312	   8	   0	2.484948e+03	 126	 126	4.068263e-01	5.110599e+01	3855	scram	scram_4.png	
IEV	   1	 313	   8	   0	2.492173e+03	 129	 129	4.132689e-01	5.332693e+01	3824	scram	scram_9.png	
IEV	   1	 314	   8	   0	2.500816e+03	 130	   0	4.032978e-01	5.245583e+01	3872	scram	scram_17.png	
IEV	   1	 315	   8	   0	2.509823e+03	 128	   0	4.107738e-01	5.259107e+01	3836	scram	scram_20.png	
IEV	   1	 316	   8	   0	2.517826e+03	 118	   0	4.205538e-01	4.970882e+01	3789	scram	scram_15.png	
IEV	   1	 317	   8	   0	2.526160e+03	 127	   0	4.095269e-01	5.181711e+01	3842	scram	scram_14.png	
IEV	   1	 318	   8	   0	2.533566e+03	 120	   0	4.188878e-01	5.019951e+01	3797	scram	scram_7.png	
IEV	   1	 319	   8	   0	2.541175e+03	  97	   0	5.036045e-01	4.880059e+01	3391	scram	scram_6.png	
IEV	   1	 320	   8	   0	2.548977e+03	 121	 121	4.209704e-01	5.095373e+01	3787	scram	scram_13.png	
CEVR	   1	 321	   9	   0	2.560010e+03	 144	   0	2.501932e-01	3.599923e+01	1124	happy	happy_13.png	
CEVR	   1	 322	   9	   0	2.566278e+03	 169	   0	2.235071e-01	3.767052e+01	 506	happy	happy_10.png	
CEVR	   1	 323	   9	   0	2.573550e+03	 123	   0	2.953250e-01	3.640935e+01	1915	happy	happy_12.png	
CEVR	   1	 324	   9	   0	2.582391e+03	 107	   0	3.469060e-01	3.700000e+01	2567	happy	happy_6.png	
CEVR	   1	 325	   9	   0	2.590044e+03	  92	  92	3.849584e-01	3.546017e+01	2936	happy	happy_18.png	
CEVR	   1	 326	   9	   0	2.597512e+03	  94	   0	4.069767e-01	3.822093e+01	3118	happy	happy_11.png	
CEVR	   1	 327	   9	   0	2.604519e+03	 101	 101	3.792094e-01	3.813763e+01	2885	happy	happy_4.png	
CEVR	   1	 328	   9	   0	2.612267e+03	  95	   0	3.782126e-01	3.586536e+01	2876	happy	happy_16.png	
CEVR	   1	 329	   9	   0	2.619717e+03	  99	  99	3.851874e-01	3.815556e+01	2938	happy	happy_19.png	
CEVR	   1	 330	   9	   0	2.626612e+03	  92	  92	3.884223e-01	3.583473e+01	2966	happy	happy_15.png	
CEVR	   1	 331	   9	   0	2.635085e+03	  83	   0	4.648241e-01	3.839447e+01	3514	happy	happy_5.png	
CEVR	   1	 332	   9	   0	2.643042e+03	  70	   0	5.382377e-01	3.753824e+01	3894	happy	happy_7.png	
CEVR	   1	 333	   9	   0	2.651340e+03	  71	   0	5.096419e-01	3.598072e+01	3759	happy	happy_14.png	
CEVR	   1	 334	   9	   0	2.659454e+03	  74	  74	5.190381e-01	3.855711e+01	3805	happy	happy_1.png	
CEVR	   1	 335	   9	   0	2.667614e+03	  70	  70	5.209171e-01	3.647908e+01	3814	happy	happy_20.png	
CEVR	   1	 336	   9	   0	2.675086e+03	  66	   0	5.443464e-01	3.591131e+01	3921	happy	happy_8.png	
CEVR	   1	 337	   9	   0	2.681508e+03	 132	   0	2.882903e-01	3.815316e+01	1808	happy	happy_2.png	
CEVR	   1	 338	   9	   0	2.690301e+03	 100	 100	3.764535e-01	3.775291e+01	2860	happy	happy_9.png	
CEVR	   1	 339	   9	   0	2.697003e+03	 103	 103	3.667516e-01	3.773350e+01	2769	happy	happy_17.png	
CEVR	   1	 340	   9	   0	2.705250e+03	  94	  94	3.775510e-01	3.548980e+01	2870	happy	happy_3.png	
CEVR	   1	 341	   9	   0	2.714040e+03	  94	   0	3.793204e-01	3.548272e+01	2886	happy	happy_1.png	
CEVR	   1	 342	   9	   0	2.723848e+03	  95	   0	3.726619e-01	3.550935e+01	2825	happy	happy_10.png	
CEVR	   1	 343	   9	   0	2.731391e+03	 101	   0	3.733064e-01	3.774661e+01	2831	happy	happy_7.png	
CEVR	   1	 344	   9	   0	2.740091e+03	 103	   0	3.600222e-01	3.700000e+01	2703	happy	happy_14.png	
CEVR	   1	 345	   9	   0	2.747056e+03	 125	   0	3.070175e-01	3.822807e+01	2082	happy	happy_17.png	
CEVR	   1	 346	   9	   0	2.755122e+03	  90	   0	4.020491e-01	3.619590e+01	3079	happy	happy_16.png	
CEVR	   1	 347	   9	   0	2.762499e+03	  80	  80	4.339812e-01	3.483009e+01	3316	happy	happy_5.png	
CEVR	   1	 348	   9	   0	2.770756e+03	  91	  91	4.299469e-01	3.914973e+01	3288	happy	happy_9.png	
CEVR	   1	 349	   9	   0	2.778069e+03	  87	  87	4.161311e-01	3.616774e+01	3188	happy	happy_12.png	
CEVR	   1	 350	   9	   0	2.785206e+03	  97	  97	3.977273e-01	3.859091e+01	3044	happy	happy_15.png	
CEVR	   1	 351	   9	   0	2.792352e+03	  85	   0	4.254271e-01	3.614915e+01	3256	happy	happy_13.png	
CEVR	   1	 352	   9	   0	2.799981e+03	  88	   0	4.218241e-01	  37	3230	happy	happy_8.png	
CEVR	   1	 353	   9	   0	2.807553e+03	  92	   0	4.051940e-01	3.740519e+01	3104	happy	happy_18.png	
CEVR	   1	 354	   9	   0	2.815860e+03	  85	   0	4.125518e-01	3.493724e+01	3161	happy	happy_20.png	
CEVR	   1	 355	   9	   0	2.824140e+03	  84	   0	4.134738e-01	3.493263e+01	3168	happy	happy_11.png	
CEVR	   1	 356	   9	   0	2.833013e+03	  79	   0	4.550246e-01	3.608995e+01	3454	happy	happy_3.png	
CEVR	   1	 357	   9	   0	2.838490e+03	 174	   0	2.092760e-01	3.637217e+01	 112	happy	happy_2.png	
CEVR	   1	 358	   9	   0	2.845929e+03	  91	  91	4.229262e-01	3.869170e+01	3238	happy	happy_4.png	
CEVR	   1	 359	   9	   0	2.855637e+03	  84	  84	4.181466e-01	3.532741e+01	3203	happy	happy_6.png	
CEVR	   1	 360	   9	   0	2.863625e+03	  93	   0	4.071047e-01	3.781421e+01	3119	happy	happy_19.png	
