#Subj:	10152
#Run:	1
#Age:	20
#Gender:	female
#17-May-2013
Func	Run	Trial	Block	Null	trialStartTime	Mag	ScoreInc	Freq	EV	RT	Emotion	Image
CEV	   1	   1	   1	   0	8.096448e+01	  85	   0	4.482857e-01	3.789657e+01	3162	 102	 101	  97	 114	fear	fear_10.png	
CEV	   1	   2	   1	   0	8.748914e+01	  48	  48	8.000000e-01	3.860000e+01	 700	 102	 101	  97	 114	fear	fear_4.png	
CEV	   1	   3	   1	   0	9.303080e+01	  48	  48	8.112857e-01	3.862257e+01	 621	 102	 101	  97	 114	fear	fear_8.png	
CEV	   1	   4	   1	   0	9.924305e+01	  46	  46	8.435714e-01	3.868714e+01	 395	 102	 101	  97	 114	fear	fear_21.png	
CEV	   1	   5	   1	   0	1.058856e+02	  44	  44	8.062857e-01	3.538743e+01	 656	 102	 101	  97	 114	fear	fear_1.png	
CEV	   1	   6	   1	   0	1.117271e+02	  42	   0	8.077143e-01	3.376914e+01	 646	 102	 101	  97	 114	fear	fear_6.png	
CEV	   1	   7	   1	   0	1.177260e+02	  55	  55	7.045714e-01	3.840914e+01	1368	 102	 101	  97	 114	fear	fear_9.png	
CEV	   1	   8	   1	   0	1.241918e+02	  57	  57	7.141429e-01	4.057071e+01	1301	 102	 101	  97	 114	fear	fear_11.png	
CEV	   1	   9	   1	   0	1.302260e+02	  52	  52	6.945714e-01	3.630543e+01	1438	 102	 101	  97	 114	fear	fear_12.png	
CEV	   1	  10	   1	   0	1.361692e+02	  54	   0	7.205714e-01	3.916171e+01	1256	 102	 101	  97	 114	fear	fear_17.png	
CEV	   1	  11	   1	   0	1.423269e+02	  51	  51	6.880000e-01	3.493600e+01	1484	 102	 101	  97	 114	fear	fear_15.png	
CEV	   1	  12	   1	   0	1.486916e+02	  53	  53	6.870000e-01	3.631300e+01	1491	 102	 101	  97	 114	fear	fear_14.png	
CEV	   1	  13	   1	   0	1.553841e+02	  57	   0	6.782857e-01	3.835657e+01	1552	 102	 101	  97	 114	fear	fear_5.png	
CEV	   1	  14	   1	   0	1.616332e+02	  59	   0	6.048571e-01	3.579029e+01	2066	 102	 101	  97	 114	fear	fear_7.png	
CEV	   1	  15	   1	   0	1.687888e+02	  74	  74	5.174286e-01	3.803486e+01	2678	 102	 101	  97	 114	fear	fear_16.png	
CEV	   1	  16	   1	   0	1.761704e+02	  65	  65	5.385714e-01	3.484571e+01	2530	 102	 101	  97	 114	fear	fear_18.png	
CEV	   1	  17	   1	   0	1.824976e+02	  75	  75	5.255714e-01	3.962786e+01	2621	 102	 101	  97	 114	fear	fear_13.png	
CEV	   1	  18	   1	   0	1.896134e+02	  71	  71	5.288571e-01	3.752886e+01	2598	 102	 101	  97	 114	fear	fear_20.png	
CEV	   1	  19	   1	   0	1.970853e+02	  75	  75	5.130000e-01	3.853900e+01	2709	 102	 101	  97	 114	fear	fear_19.png	
CEV	   1	  20	   1	   0	2.038919e+02	  74	   0	5.031429e-01	  37	2778	 102	 101	  97	 114	fear	fear_3.png	
CEV	   1	  21	   1	   0	2.116104e+02	  74	   0	5.294286e-01	3.911771e+01	2594	 102	 101	  97	 114	fear	fear_2.png	
CEV	   1	  22	   1	   0	2.198658e+02	  91	  91	4.071429e-01	  37	3450	 102	 101	  97	 114	fear	fear_3.png	
CEV	   1	  23	   1	   0	2.279447e+02	  89	  89	3.968571e-01	3.541257e+01	3522	 102	 101	  97	 114	fear	fear_12.png	
CEV	   1	  24	   1	   0	2.366263e+02	 104	 104	3.677143e-01	3.810314e+01	3726	 102	 101	  97	 114	fear	fear_15.png	
CEV	   1	  25	   1	   0	2.436483e+02	 107	 107	3.561429e-01	3.806843e+01	3807	 102	 101	  97	 114	fear	fear_18.png	
CEV	   1	  26	   1	   0	2.512804e+02	 109	 109	3.532857e-01	3.841314e+01	3827	 102	 101	  97	 114	fear	fear_20.png	
CEV	   1	  27	   1	   0	2.587525e+02	 105	 105	3.418571e-01	3.597443e+01	3907	 102	 101	  97	 114	fear	fear_14.png	
CEV	   1	  28	   1	   0	2.662288e+02	 101	   0	3.697143e-01	3.736971e+01	3712	 102	 101	  97	 114	fear	fear_1.png	
CEV	   1	  29	   1	   0	2.719700e+02	  43	  43	8.367143e-01	3.616329e+01	 443	 102	 101	  97	 114	fear	fear_7.png	
CEV	   1	  30	   1	   0	2.777566e+02	  46	  46	8.238571e-01	3.782386e+01	 533	 102	 101	  97	 114	fear	fear_13.png	
CEV	   1	  31	   1	   0	2.840025e+02	  48	  48	8.354286e-01	4.034171e+01	 452	 102	 101	  97	 114	fear	fear_6.png	
CEV	   1	  32	   1	   0	2.899767e+02	  48	  48	8.274286e-01	3.948229e+01	 508	 102	 101	  97	 114	fear	fear_19.png	
CEV	   1	  33	   1	   0	2.951464e+02	  44	  44	8.287143e-01	3.617129e+01	 499	 102	 101	  97	 114	fear	fear_10.png	
CEV	   1	  34	   1	   0	3.011317e+02	  39	  39	8.528571e-01	3.358857e+01	 330	 102	 101	  97	 114	fear	fear_2.png	
CEV	   1	  35	   1	   0	3.071344e+02	  45	  45	8.194286e-01	  37	 564	 102	 101	  97	 114	fear	fear_16.png	
CEV	   1	  36	   1	   0	3.132775e+02	  48	  48	8.367143e-01	4.034686e+01	 443	 102	 101	  97	 114	fear	fear_17.png	
CEV	   1	  37	   1	   0	3.191671e+02	  44	  44	8.518571e-01	3.785186e+01	 337	 102	 101	  97	 114	fear	fear_9.png	
CEV	   1	  38	   1	   0	3.258384e+02	  40	  40	8.285714e-01	3.285714e+01	 500	 102	 101	  97	 114	fear	fear_4.png	
CEV	   1	  39	   1	   0	3.319852e+02	  41	  41	8.357143e-01	3.449286e+01	 450	 102	 101	  97	 114	fear	fear_21.png	
CEV	   1	  40	   1	   0	3.380328e+02	  42	  42	8.355714e-01	3.532886e+01	 451	 102	 101	  97	 114	fear	fear_8.png	
CEV	   1	  41	   1	   0	3.448104e+02	  42	  42	8.271429e-01	3.451857e+01	 510	 102	 101	  97	 114	fear	fear_11.png	
CEV	   1	  42	   1	   0	3.517354e+02	  42	  42	8.420000e-01	3.531600e+01	 406	 102	 101	  97	 114	fear	fear_5.png	
DEV	   1	  43	   2	   0	4.247269e+02	  79	   0	5.482686e-01	4.327498e+01	1493	 104	  97	 112	 112	 121	happy	happy_2.png	
DEV	   1	  44	   2	   0	4.308027e+02	  69	  69	8.156484e-01	5.638367e+01	 305	 104	  97	 112	 112	 121	happy	happy_5.png	
DEV	   1	  45	   2	   0	4.368334e+02	  67	   0	7.862675e-01	5.281757e+01	 416	 104	  97	 112	 112	 121	happy	happy_9.png	
DEV	   1	  46	   2	   0	4.432260e+02	  68	   0	7.548973e-01	5.149345e+01	 538	 104	  97	 112	 112	 121	happy	happy_1.png	
DEV	   1	  47	   2	   0	4.497761e+02	  77	   0	5.554473e-01	4.262846e+01	1453	 104	  97	 112	 112	 121	happy	happy_11.png	
DEV	   1	  48	   2	   0	4.567739e+02	  77	   0	4.020609e-01	3.090158e+01	2548	 104	  97	 112	 112	 121	happy	happy_13.png	
DEV	   1	  49	   2	   0	4.642050e+02	  80	   0	3.102641e-01	2.472759e+01	3615	 104	  97	 112	 112	 121	happy	happy_17.png	
DEV	   1	  50	   2	   0	4.695738e+02	  66	   0	7.671202e-01	5.048961e+01	 490	 104	  97	 112	 112	 121	happy	happy_8.png	
DEV	   1	  51	   2	   0	4.750833e+02	  77	   0	6.524620e-01	5.037385e+01	 970	 104	  97	 112	 112	 121	happy	happy_21.png	
DEV	   1	  52	   2	   0	4.825132e+02	  75	  75	4.690641e-01	3.517410e+01	1994	 104	  97	 112	 112	 121	happy	happy_4.png	
DEV	   1	  53	   2	   0	4.885522e+02	  77	   0	4.641014e-01	3.579176e+01	2030	 104	  97	 112	 112	 121	happy	happy_7.png	
DEV	   1	  54	   2	   0	4.958127e+02	  81	   0	3.534749e-01	2.875364e+01	3069	 104	  97	 112	 112	 121	happy	happy_10.png	
DEV	   1	  55	   2	   0	5.027181e+02	  78	  78	4.006013e-01	3.120722e+01	2562	 104	  97	 112	 112	 121	happy	happy_14.png	
DEV	   1	  56	   2	   0	5.103537e+02	  78	  78	3.574549e-01	2.796018e+01	3022	 104	  97	 112	 112	 121	happy	happy_16.png	
DEV	   1	  57	   2	   0	5.178758e+02	  88	   0	3.118751e-01	2.733577e+01	3594	 104	  97	 112	 112	 121	happy	happy_6.png	
DEV	   1	  58	   2	   0	5.236337e+02	  71	  71	7.738062e-01	5.462776e+01	 464	 104	  97	 112	 112	 121	happy	happy_12.png	
DEV	   1	  59	   2	   0	5.299998e+02	  78	  78	6.723993e-01	5.221727e+01	 881	 104	  97	 112	 112	 121	happy	happy_15.png	
DEV	   1	  60	   2	   0	5.363781e+02	  75	  75	5.833389e-01	4.376734e+01	1304	 104	  97	 112	 112	 121	happy	happy_20.png	
DEV	   1	  61	   2	   0	5.427700e+02	  78	  78	4.779733e-01	3.716299e+01	1931	 104	  97	 112	 112	 121	happy	happy_3.png	
DEV	   1	  62	   2	   0	5.499100e+02	  77	  77	4.149986e-01	3.215471e+01	2428	 104	  97	 112	 112	 121	happy	happy_19.png	
DEV	   1	  63	   2	   0	5.576163e+02	  79	  79	3.642053e-01	2.877527e+01	2944	 104	  97	 112	 112	 121	happy	happy_18.png	
DEV	   1	  64	   2	   0	5.658828e+02	  82	  82	3.206401e-01	2.641455e+01	3480	 104	  97	 112	 112	 121	happy	happy_2.png	
DEV	   1	  65	   2	   0	5.709451e+02	  75	   0	7.720017e-01	5.763466e+01	 471	 104	  97	 112	 112	 121	happy	happy_17.png	
DEV	   1	  66	   2	   0	5.785762e+02	  84	   0	2.954022e-01	2.485398e+01	3808	 104	  97	 112	 112	 121	happy	happy_7.png	
DEV	   1	  67	   2	   0	5.854496e+02	  74	   0	5.854702e-01	4.330955e+01	1293	 104	  97	 112	 112	 121	happy	happy_3.png	
DEV	   1	  68	   2	   0	5.919228e+02	  70	  70	7.686591e-01	5.362668e+01	 484	 104	  97	 112	 112	 121	happy	happy_18.png	
DEV	   1	  69	   2	   0	5.974429e+02	  76	  76	6.948348e-01	5.282479e+01	 784	 104	  97	 112	 112	 121	happy	happy_10.png	
DEV	   1	  70	   2	   0	6.036478e+02	  73	  73	5.739657e-01	4.205480e+01	1353	 104	  97	 112	 112	 121	happy	happy_20.png	
DEV	   1	  71	   2	   0	6.107294e+02	  75	  75	4.814435e-01	3.594436e+01	1907	 104	  97	 112	 112	 121	happy	happy_19.png	
DEV	   1	  72	   2	   0	6.178076e+02	  84	   0	4.296979e-01	3.612198e+01	2300	 104	  97	 112	 112	 121	happy	happy_11.png	
DEV	   1	  73	   2	   0	6.244588e+02	  82	  82	3.920487e-01	3.220884e+01	2646	 104	  97	 112	 112	 121	happy	happy_16.png	
DEV	   1	  74	   2	   0	6.323907e+02	  79	  79	3.587385e-01	2.840483e+01	3007	 104	  97	 112	 112	 121	happy	happy_13.png	
DEV	   1	  75	   2	   0	6.402631e+02	  86	  86	3.357114e-01	2.884028e+01	3287	 104	  97	 112	 112	 121	happy	happy_5.png	
DEV	   1	  76	   2	   0	6.478902e+02	  79	  79	2.962551e-01	2.343723e+01	3797	 104	  97	 112	 112	 121	happy	happy_15.png	
DEV	   1	  77	   2	   0	6.537749e+02	  70	  70	8.140407e-01	5.713504e+01	 311	 104	  97	 112	 112	 121	happy	happy_12.png	
DEV	   1	  78	   2	   0	6.602690e+02	  74	  74	7.081154e-01	5.214583e+01	 728	 104	  97	 112	 112	 121	happy	happy_1.png	
DEV	   1	  79	   2	   0	6.670122e+02	  75	  75	6.402405e-01	4.772072e+01	1026	 104	  97	 112	 112	 121	happy	happy_8.png	
DEV	   1	  80	   2	   0	6.737213e+02	  78	  78	5.728315e-01	4.485257e+01	1359	 104	  97	 112	 112	 121	happy	happy_21.png	
DEV	   1	  81	   2	   0	6.810219e+02	  80	  80	5.069474e-01	4.055246e+01	1739	 104	  97	 112	 112	 121	happy	happy_9.png	
DEV	   1	  82	   2	   0	6.876593e+02	  78	   0	4.661580e-01	3.639085e+01	2015	 104	  97	 112	 112	 121	happy	happy_4.png	
DEV	   1	  83	   2	   0	6.946814e+02	  83	  83	4.199427e-01	3.499796e+01	2384	 104	  97	 112	 112	 121	happy	happy_14.png	
DEV	   1	  84	   2	   0	7.019897e+02	  85	   0	3.814430e-01	3.260414e+01	2755	 104	  97	 112	 112	 121	happy	happy_6.png	
IEV	   1	  85	   3	   0	7.760780e+02	  23	  23	8.679268e-01	2.034436e+01	1007	 102	 101	  97	 114	fear	fear_4.png	
IEV	   1	  86	   3	   0	7.821172e+02	  41	  41	7.585716e-01	3.091014e+01	2012	 102	 101	  97	 114	fear	fear_12.png	
IEV	   1	  87	   3	   0	7.895913e+02	  79	  79	5.662355e-01	4.460759e+01	3086	 102	 101	  97	 114	fear	fear_17.png	
IEV	   1	  88	   3	   0	7.976873e+02	 121	   0	4.330643e-01	5.219236e+01	3729	 102	 101	  97	 114	fear	fear_5.png	
IEV	   1	  89	   3	   0	8.042829e+02	  23	  23	8.731264e-01	2.048620e+01	 927	 102	 101	  97	 114	fear	fear_13.png	
IEV	   1	  90	   3	   0	8.110220e+02	  78	  78	5.807185e-01	4.555146e+01	3014	 102	 101	  97	 114	fear	fear_19.png	
IEV	   1	  91	   3	   0	8.176874e+02	  77	   0	5.714821e-01	4.374970e+01	3060	 102	 101	  97	 114	fear	fear_8.png	
IEV	   1	  92	   3	   0	8.258329e+02	 101	   0	4.961175e-01	5.013083e+01	3427	 102	 101	  97	 114	fear	fear_11.png	
IEV	   1	  93	   3	   0	8.317038e+02	  23	  23	8.761185e-01	2.005110e+01	 877	 102	 101	  97	 114	fear	fear_14.png	
IEV	   1	  94	   3	   0	8.384191e+02	  38	  38	7.652975e-01	2.880329e+01	1966	 102	 101	  97	 114	fear	fear_16.png	
IEV	   1	  95	   3	   0	8.452075e+02	  80	  80	5.611740e-01	4.488096e+01	3111	 102	 101	  97	 114	fear	fear_2.png	
IEV	   1	  96	   3	   0	8.525650e+02	  80	  80	5.736962e-01	4.592045e+01	3049	 102	 101	  97	 114	fear	fear_9.png	
IEV	   1	  97	   3	   0	8.604071e+02	  73	  73	5.801180e-01	4.210253e+01	3017	 102	 101	  97	 114	fear	fear_18.png	
IEV	   1	  98	   3	   0	8.670824e+02	  76	  76	5.668418e-01	4.287413e+01	3083	 102	 101	  97	 114	fear	fear_1.png	
IEV	   1	  99	   3	   0	8.748339e+02	  74	   0	5.771115e-01	4.285615e+01	3032	 102	 101	  97	 114	fear	fear_3.png	
IEV	   1	 100	   3	   0	8.828263e+02	 116	 116	4.355690e-01	5.035607e+01	3717	 102	 101	  97	 114	fear	fear_20.png	
IEV	   1	 101	   3	   0	8.902346e+02	 123	   0	4.288915e-01	5.277651e+01	3749	 102	 101	  97	 114	fear	fear_21.png	
IEV	   1	 102	   3	   0	8.975701e+02	 122	 122	4.180549e-01	5.107058e+01	3801	 102	 101	  97	 114	fear	fear_6.png	
IEV	   1	 103	   3	   0	9.052508e+02	 129	   0	3.989436e-01	5.141696e+01	3893	 102	 101	  97	 114	fear	fear_7.png	
IEV	   1	 104	   3	   0	9.130797e+02	 108	 108	4.623127e-01	5.013102e+01	3589	 102	 101	  97	 114	fear	fear_15.png	
IEV	   1	 105	   3	   0	9.184422e+02	  23	  23	8.773167e-01	1.987288e+01	 856	 102	 101	  97	 114	fear	fear_10.png	
IEV	   1	 106	   3	   0	9.270761e+02	 120	 120	4.188878e-01	5.019951e+01	3797	 102	 101	  97	 114	fear	fear_16.png	
IEV	   1	 107	   3	   0	9.337337e+02	  18	  18	8.875244e-01	1.557615e+01	 644	 102	 101	  97	 114	fear	fear_3.png	
IEV	   1	 108	   3	   0	9.410815e+02	 124	   0	4.132689e-01	5.126059e+01	3824	 102	 101	  97	 114	fear	fear_19.png	
IEV	   1	 109	   3	   0	9.492112e+02	 118	 118	4.205538e-01	4.970882e+01	3789	 102	 101	  97	 114	fear	fear_1.png	
IEV	   1	 110	   3	   0	9.567830e+02	 132	 132	4.030903e-01	5.326958e+01	3873	 102	 101	  97	 114	fear	fear_20.png	
IEV	   1	 111	   3	   0	9.650909e+02	 123	   0	4.299345e-01	5.273891e+01	3744	 102	 101	  97	 114	fear	fear_13.png	
IEV	   1	 112	   3	   0	9.729351e+02	 124	   0	4.149331e-01	5.160971e+01	3816	 102	 101	  97	 114	fear	fear_15.png	
IEV	   1	 113	   3	   0	9.786564e+02	  20	  20	8.707851e-01	1.733443e+01	 964	 102	 101	  97	 114	fear	fear_5.png	
IEV	   1	 114	   3	   0	9.859246e+02	  83	  83	5.710791e-01	4.719868e+01	3062	 102	 101	  97	 114	fear	fear_7.png	
IEV	   1	 115	   3	   0	9.943572e+02	 122	 122	4.201373e-01	5.140735e+01	3791	 102	 101	  97	 114	fear	fear_6.png	
IEV	   1	 116	   3	   0	1.002079e+03	 121	   0	4.247212e-01	5.122690e+01	3769	 102	 101	  97	 114	fear	fear_18.png	
IEV	   1	 117	   3	   0	1.010097e+03	 122	 122	4.261805e-01	5.202138e+01	3762	 102	 101	  97	 114	fear	fear_2.png	
IEV	   1	 118	   3	   0	1.016868e+03	  77	   0	5.700713e-01	4.382843e+01	3067	 102	 101	  97	 114	fear	fear_21.png	
IEV	   1	 119	   3	   0	1.024937e+03	 123	   0	4.051654e-01	4.995652e+01	3863	 102	 101	  97	 114	fear	fear_4.png	
IEV	   1	 120	   3	   0	1.031859e+03	 125	   0	4.247212e-01	5.292578e+01	3769	 102	 101	  97	 114	fear	fear_14.png	
IEV	   1	 121	   3	   0	1.038768e+03	  19	  19	8.722533e-01	1.624939e+01	 941	 102	 101	  97	 114	fear	fear_10.png	
IEV	   1	 122	   3	   0	1.047042e+03	  76	   0	5.696680e-01	4.328123e+01	3069	 102	 101	  97	 114	fear	fear_8.png	
IEV	   1	 123	   3	   0	1.053724e+03	  40	  40	7.472838e-01	2.961154e+01	2087	 102	 101	  97	 114	fear	fear_12.png	
IEV	   1	 124	   3	   0	1.060541e+03	  41	  41	7.363985e-01	3.052733e+01	2157	 102	 101	  97	 114	fear	fear_11.png	
IEV	   1	 125	   3	   0	1.067965e+03	  83	   0	5.489646e-01	4.552861e+01	3171	 102	 101	  97	 114	fear	fear_9.png	
IEV	   1	 126	   3	   0	1.076293e+03	 123	   0	4.226372e-01	5.215447e+01	3779	 102	 101	  97	 114	fear	fear_17.png	
CEVR	   1	 127	   4	   0	1.145554e+03	 162	   0	2.335859e-01	3.793434e+01	 756	 115	  99	 114	  97	 109	scram	scram_11.png	
CEVR	   1	 128	   4	   0	1.151992e+03	 136	 136	2.753562e-01	3.755071e+01	1597	 115	  99	 114	  97	 109	scram	scram_2.png	
CEVR	   1	 129	   4	   0	1.158932e+03	 101	   0	3.500000e-01	3.525000e+01	2600	 115	  99	 114	  97	 109	scram	scram_4.png	
CEVR	   1	 130	   4	   0	1.165570e+03	 134	   0	2.753562e-01	3.700000e+01	1597	 115	  99	 114	  97	 109	scram	scram_9.png	
CEVR	   1	 131	   4	   0	1.172973e+03	  83	   0	4.671717e-01	3.886869e+01	3528	 115	  99	 114	  97	 109	scram	scram_19.png	
CEVR	   1	 132	   4	   0	1.180058e+03	 127	   0	2.935842e-01	3.729358e+01	1889	 115	  99	 114	  97	 109	scram	scram_5.png	
CEVR	   1	 133	   4	   0	1.185708e+03	 171	   0	2.202006e-01	3.766060e+01	 419	 115	  99	 114	  97	 109	scram	scram_21.png	
CEVR	   1	 134	   4	   0	1.191811e+03	 133	 133	2.713178e-01	3.618605e+01	1527	 115	  99	 114	  97	 109	scram	scram_3.png	
CEVR	   1	 135	   4	   0	1.197714e+03	 146	 146	2.602492e-01	3.804100e+01	1324	 115	  99	 114	  97	 109	scram	scram_14.png	
CEVR	   1	 136	   4	   0	1.203967e+03	 145	 145	2.549715e-01	3.700000e+01	1221	 115	  99	 114	  97	 109	scram	scram_17.png	
CEVR	   1	 137	   4	   0	1.211137e+03	 149	   0	2.568425e-01	3.828421e+01	1258	 115	  99	 114	  97	 109	scram	scram_12.png	
CEVR	   1	 138	   4	   0	1.218119e+03	 143	   0	2.579681e-01	3.700000e+01	1280	 115	  99	 114	  97	 109	scram	scram_20.png	
CEVR	   1	 139	   4	   0	1.225123e+03	 133	   0	2.710339e-01	3.591586e+01	1522	 115	  99	 114	  97	 109	scram	scram_13.png	
CEVR	   1	 140	   4	   0	1.231899e+03	 111	 111	3.181037e-01	3.540948e+01	2229	 115	  99	 114	  97	 109	scram	scram_8.png	
CEVR	   1	 141	   4	   0	1.238245e+03	 111	 111	3.328193e-01	  37	2409	 115	  99	 114	  97	 109	scram	scram_18.png	
CEVR	   1	 142	   4	   0	1.245665e+03	 116	   0	3.281804e-01	3.798454e+01	2354	 115	  99	 114	  97	 109	scram	scram_10.png	
CEVR	   1	 143	   4	   0	1.253632e+03	  89	  89	4.244510e-01	3.784890e+01	3249	 115	  99	 114	  97	 109	scram	scram_15.png	
CEVR	   1	 144	   4	   0	1.261045e+03	  92	   0	4.099399e-01	3.781988e+01	3141	 115	  99	 114	  97	 109	scram	scram_16.png	
CEVR	   1	 145	   4	   0	1.266866e+03	 175	   0	2.178668e-01	3.808933e+01	 356	 115	  99	 114	  97	 109	scram	scram_1.png	
CEVR	   1	 146	   4	   0	1.273613e+03	 148	   0	2.543705e-01	3.776311e+01	1209	 115	  99	 114	  97	 109	scram	scram_7.png	
CEVR	   1	 147	   4	   0	1.280098e+03	 137	   0	2.688395e-01	3.673116e+01	1483	 115	  99	 114	  97	 109	scram	scram_6.png	
CEVR	   1	 148	   4	   0	1.287422e+03	 114	 114	3.128775e-01	3.574849e+01	2161	 115	  99	 114	  97	 109	scram	scram_16.png	
CEVR	   1	 149	   4	   0	1.295148e+03	 110	   0	3.288471e-01	3.601346e+01	2362	 115	  99	 114	  97	 109	scram	scram_15.png	
CEVR	   1	 150	   4	   0	1.301522e+03	 153	   0	2.470902e-01	3.774127e+01	1059	 115	  99	 114	  97	 109	scram	scram_8.png	
CEVR	   1	 151	   4	   0	1.308949e+03	  86	  86	4.133418e-01	3.534663e+01	3167	 115	  99	 114	  97	 109	scram	scram_4.png	
CEVR	   1	 152	   4	   0	1.316185e+03	  89	   0	4.154636e-01	  37	3183	 115	  99	 114	  97	 109	scram	scram_1.png	
CEVR	   1	 153	   4	   0	1.322275e+03	 174	   0	2.155101e-01	3.743102e+01	 291	 115	  99	 114	  97	 109	scram	scram_5.png	
CEVR	   1	 154	   4	   0	1.328690e+03	 145	   0	2.509204e-01	3.649816e+01	1139	 115	  99	 114	  97	 109	scram	scram_9.png	
CEVR	   1	 155	   4	   0	1.334807e+03	 137	   0	2.612994e-01	3.569350e+01	1344	 115	  99	 114	  97	 109	scram	scram_10.png	
CEVR	   1	 156	   4	   0	1.341202e+03	 117	 117	3.083333e-01	3.607500e+01	2100	 115	  99	 114	  97	 109	scram	scram_21.png	
CEVR	   1	 157	   4	   0	1.348620e+03	 118	 118	3.117477e-01	3.668825e+01	2146	 115	  99	 114	  97	 109	scram	scram_18.png	
CEVR	   1	 158	   4	   0	1.355224e+03	 119	   0	3.097345e-01	3.700000e+01	2119	 115	  99	 114	  97	 109	scram	scram_11.png	
CEVR	   1	 159	   4	   0	1.362516e+03	  97	   0	4.039301e-01	3.901965e+01	3094	 115	  99	 114	  97	 109	scram	scram_2.png	
CEVR	   1	 160	   4	   0	1.369422e+03	 115	   0	3.099569e-01	3.576017e+01	2122	 115	  99	 114	  97	 109	scram	scram_7.png	
CEVR	   1	 161	   4	   0	1.375468e+03	 144	   0	2.538718e-01	3.649226e+01	1199	 115	  99	 114	  97	 109	scram	scram_13.png	
CEVR	   1	 162	   4	   0	1.382569e+03	 120	   0	3.090692e-01	  37	2110	 115	  99	 114	  97	 109	scram	scram_3.png	
CEVR	   1	 163	   4	   0	1.389877e+03	  90	   0	4.077456e-01	3.659225e+01	3124	 115	  99	 114	  97	 109	scram	scram_14.png	
CEVR	   1	 164	   4	   0	1.395828e+03	 166	   0	2.198642e-01	3.656027e+01	 410	 115	  99	 114	  97	 109	scram	scram_19.png	
CEVR	   1	 165	   4	   0	1.401456e+03	 149	   0	2.520436e-01	3.750409e+01	1162	 115	  99	 114	  97	 109	scram	scram_17.png	
CEVR	   1	 166	   4	   0	1.408614e+03	 136	   0	2.768869e-01	3.755377e+01	1623	 115	  99	 114	  97	 109	scram	scram_6.png	
CEVR	   1	 167	   4	   0	1.415500e+03	 118	 118	3.064363e-01	3.608069e+01	2074	 115	  99	 114	  97	 109	scram	scram_20.png	
CEVR	   1	 168	   4	   0	1.423314e+03	 124	 124	3.109244e-01	3.855462e+01	2135	 115	  99	 114	  97	 109	scram	scram_12.png	
CEV	   1	 169	   5	   0	1.493275e+03	  40	  40	8.157143e-01	3.292143e+01	 590	 104	  97	 112	 112	 121	happy	happy_19.png	
CEV	   1	 170	   5	   0	1.499601e+03	  56	  56	7.064286e-01	3.982571e+01	1355	 104	  97	 112	 112	 121	happy	happy_15.png	
CEV	   1	 171	   5	   0	1.506309e+03	  59	  59	5.971429e-01	3.520857e+01	2120	 104	  97	 112	 112	 121	happy	happy_18.png	
CEV	   1	 172	   5	   0	1.513735e+03	  77	   0	4.775714e-01	  37	2957	 104	  97	 112	 112	 121	happy	happy_13.png	
CEV	   1	 173	   5	   0	1.521315e+03	  94	   0	3.810000e-01	3.585700e+01	3633	 104	  97	 112	 112	 121	happy	happy_8.png	
CEV	   1	 174	   5	   0	1.528705e+03	  62	  62	6.021429e-01	3.760214e+01	2085	 104	  97	 112	 112	 121	happy	happy_11.png	
CEV	   1	 175	   5	   0	1.535341e+03	  70	  70	5.037143e-01	3.548886e+01	2774	 104	  97	 112	 112	 121	happy	happy_12.png	
CEV	   1	 176	   5	   0	1.542930e+03	  76	  76	4.882857e-01	  37	2882	 104	  97	 112	 112	 121	happy	happy_7.png	
CEV	   1	 177	   5	   0	1.550420e+03	  77	  77	4.881429e-01	3.748814e+01	2883	 104	  97	 112	 112	 121	happy	happy_3.png	
CEV	   1	 178	   5	   0	1.558130e+03	  76	   0	4.828571e-01	3.651714e+01	2920	 104	  97	 112	 112	 121	happy	happy_20.png	
CEV	   1	 179	   5	   0	1.564881e+03	  58	  58	6.138571e-01	3.577229e+01	2003	 104	  97	 112	 112	 121	happy	happy_9.png	
CEV	   1	 180	   5	   0	1.572411e+03	  79	  79	4.772857e-01	3.747729e+01	2959	 104	  97	 112	 112	 121	happy	happy_17.png	
CEV	   1	 181	   5	   0	1.579431e+03	  80	   0	4.800000e-01	3.844000e+01	2940	 104	  97	 112	 112	 121	happy	happy_6.png	
CEV	   1	 182	   5	   0	1.585779e+03	  65	  65	5.880000e-01	3.817600e+01	2184	 104	  97	 112	 112	 121	happy	happy_2.png	
CEV	   1	 183	   5	   0	1.593654e+03	  65	  65	5.785714e-01	3.757857e+01	2250	 104	  97	 112	 112	 121	happy	happy_4.png	
CEV	   1	 184	   5	   0	1.601306e+03	  70	   0	5.565714e-01	3.922629e+01	2404	 104	  97	 112	 112	 121	happy	happy_5.png	
CEV	   1	 185	   5	   0	1.608709e+03	  79	  79	4.858571e-01	3.845757e+01	2899	 104	  97	 112	 112	 121	happy	happy_1.png	
CEV	   1	 186	   5	   0	1.615654e+03	  79	  79	4.731429e-01	3.747314e+01	2988	 104	  97	 112	 112	 121	happy	happy_14.png	
CEV	   1	 187	   5	   0	1.623065e+03	  76	  76	4.830000e-01	3.651700e+01	2919	 104	  97	 112	 112	 121	happy	happy_16.png	
CEV	   1	 188	   5	   0	1.630067e+03	  73	  73	4.854286e-01	3.554371e+01	2902	 104	  97	 112	 112	 121	happy	happy_10.png	
CEV	   1	 189	   5	   0	1.637488e+03	  76	  76	4.800000e-01	3.652000e+01	2940	 104	  97	 112	 112	 121	happy	happy_21.png	
CEV	   1	 190	   5	   0	1.644988e+03	  77	  77	4.861429e-01	3.748614e+01	2897	 104	  97	 112	 112	 121	happy	happy_9.png	
CEV	   1	 191	   5	   0	1.652410e+03	  79	   0	4.798571e-01	3.795971e+01	2941	 104	  97	 112	 112	 121	happy	happy_7.png	
CEV	   1	 192	   5	   0	1.658480e+03	  62	  62	6.091429e-01	3.760914e+01	2036	 104	  97	 112	 112	 121	happy	happy_18.png	
CEV	   1	 193	   5	   0	1.665701e+03	  58	  58	5.950000e-01	3.462000e+01	2135	 104	  97	 112	 112	 121	happy	happy_15.png	
CEV	   1	 194	   5	   0	1.672090e+03	  64	   0	5.751429e-01	3.700000e+01	2274	 104	  97	 112	 112	 121	happy	happy_17.png	
CEV	   1	 195	   5	   0	1.679631e+03	  77	   0	4.745714e-01	3.652543e+01	2978	 104	  97	 112	 112	 121	happy	happy_3.png	
CEV	   1	 196	   5	   0	1.685260e+03	  50	   0	7.640000e-01	3.852800e+01	 952	 104	  97	 112	 112	 121	happy	happy_5.png	
CEV	   1	 197	   5	   0	1.693134e+03	 105	 105	3.511429e-01	3.700000e+01	3842	 104	  97	 112	 112	 121	happy	happy_2.png	
CEV	   1	 198	   5	   0	1.700644e+03	 105	   0	3.410000e-01	3.563600e+01	3913	 104	  97	 112	 112	 121	happy	happy_13.png	
CEV	   1	 199	   5	   0	1.708254e+03	 103	   0	3.694286e-01	3.810829e+01	3714	 104	  97	 112	 112	 121	happy	happy_12.png	
CEV	   1	 200	   5	   0	1.715370e+03	  73	  73	4.822857e-01	3.507086e+01	2924	 104	  97	 112	 112	 121	happy	happy_11.png	
CEV	   1	 201	   5	   0	1.723266e+03	  73	  73	4.877143e-01	3.553686e+01	2886	 104	  97	 112	 112	 121	happy	happy_4.png	
CEV	   1	 202	   5	   0	1.731506e+03	  77	   0	4.757143e-01	3.652429e+01	2970	 104	  97	 112	 112	 121	happy	happy_19.png	
CEV	   1	 203	   5	   0	1.739369e+03	 104	   0	3.547143e-01	  37	3817	 104	  97	 112	 112	 121	happy	happy_6.png	
CEV	   1	 204	   5	   0	1.746634e+03	  61	   0	6.114286e-01	  37	2020	 104	  97	 112	 112	 121	happy	happy_16.png	
CEV	   1	 205	   5	   0	1.753092e+03	  48	   0	7.847143e-01	3.778471e+01	 807	 104	  97	 112	 112	 121	happy	happy_21.png	
CEV	   1	 206	   5	   0	1.760729e+03	  75	   0	4.764286e-01	3.557071e+01	2965	 104	  97	 112	 112	 121	happy	happy_8.png	
CEV	   1	 207	   5	   0	1.767781e+03	 101	   0	3.581429e-01	3.628371e+01	3793	 104	  97	 112	 112	 121	happy	happy_10.png	
CEV	   1	 208	   5	   0	1.774701e+03	  75	  75	5.101429e-01	3.802029e+01	2729	 104	  97	 112	 112	 121	happy	happy_1.png	
CEV	   1	 209	   5	   0	1.781305e+03	  70	  70	5.145714e-01	3.597086e+01	2698	 104	  97	 112	 112	 121	happy	happy_20.png	
CEV	   1	 210	   5	   0	1.788827e+03	  75	   0	5.098571e-01	3.801971e+01	2731	 104	  97	 112	 112	 121	happy	happy_14.png	
IEV	   1	 211	   6	   0	1.857169e+03	  17	  17	8.913885e-01	1.487444e+01	 538	 115	  99	 114	  97	 109	scram	scram_1.png	
IEV	   1	 212	   6	   0	1.863652e+03	  32	  32	8.294098e-01	2.664401e+01	1453	 115	  99	 114	  97	 109	scram	scram_2.png	
IEV	   1	 213	   6	   0	1.870249e+03	  50	  50	7.164877e-01	3.572331e+01	2280	 115	  99	 114	  97	 109	scram	scram_20.png	
IEV	   1	 214	   6	   0	1.877094e+03	  78	  78	5.883015e-01	4.573487e+01	2976	 115	  99	 114	  97	 109	scram	scram_19.png	
IEV	   1	 215	   6	   0	1.884406e+03	 102	 102	4.786059e-01	4.894946e+01	3511	 115	  99	 114	  97	 109	scram	scram_21.png	
IEV	   1	 216	   6	   0	1.892643e+03	 120	   0	4.261805e-01	5.116902e+01	3762	 115	  99	 114	  97	 109	scram	scram_16.png	
IEV	   1	 217	   6	   0	1.899833e+03	  98	   0	4.875764e-01	4.756683e+01	3468	 115	  99	 114	  97	 109	scram	scram_11.png	
IEV	   1	 218	   6	   0	1.905707e+03	  18	  18	8.944232e-01	1.607316e+01	 434	 115	  99	 114	  97	 109	scram	scram_10.png	
IEV	   1	 219	   6	   0	1.912148e+03	  26	  26	8.380071e-01	2.152422e+01	1368	 115	  99	 114	  97	 109	scram	scram_9.png	
IEV	   1	 220	   6	   0	1.918724e+03	  60	  60	6.536228e-01	3.940422e+01	2637	 115	  99	 114	  97	 109	scram	scram_3.png	
IEV	   1	 221	   6	   0	1.926510e+03	  97	   0	4.898692e-01	4.745677e+01	3457	 115	  99	 114	  97	 109	scram	scram_13.png	
IEV	   1	 222	   6	   0	1.932860e+03	  16	  16	8.898095e-01	1.427740e+01	 584	 115	  99	 114	  97	 109	scram	scram_15.png	
IEV	   1	 223	   6	   0	1.940138e+03	  21	   0	8.655617e-01	1.806918e+01	1041	 115	  99	 114	  97	 109	scram	scram_17.png	
IEV	   1	 224	   6	   0	1.945948e+03	  29	  29	8.240772e-01	2.390516e+01	1503	 115	  99	 114	  97	 109	scram	scram_8.png	
IEV	   1	 225	   6	   0	1.953224e+03	  65	  65	6.158247e-01	3.992428e+01	2836	 115	  99	 114	  97	 109	scram	scram_5.png	
IEV	   1	 226	   6	   0	1.960536e+03	  98	   0	4.794408e-01	4.699412e+01	3507	 115	  99	 114	  97	 109	scram	scram_7.png	
IEV	   1	 227	   6	   0	1.967804e+03	  69	  69	6.191183e-01	4.281110e+01	2819	 115	  99	 114	  97	 109	scram	scram_4.png	
IEV	   1	 228	   6	   0	1.975325e+03	  71	   0	5.984065e-01	4.220285e+01	2925	 115	  99	 114	  97	 109	scram	scram_6.png	
IEV	   1	 229	   6	   0	1.981637e+03	  29	  29	8.439972e-01	2.419716e+01	1305	 115	  99	 114	  97	 109	scram	scram_18.png	
IEV	   1	 230	   6	   0	1.989101e+03	  68	   0	6.208574e-01	4.208814e+01	2810	 115	  99	 114	  97	 109	scram	scram_14.png	
IEV	   1	 231	   6	   0	1.996948e+03	 103	   0	4.656562e-01	4.812632e+01	3573	 115	  99	 114	  97	 109	scram	scram_12.png	
IEV	   1	 232	   6	   0	2.004372e+03	  25	  25	8.417537e-01	2.108711e+01	1329	 115	  99	 114	  97	 109	scram	scram_15.png	
IEV	   1	 233	   6	   0	2.011886e+03	  36	  36	8.019766e-01	2.857809e+01	1693	 115	  99	 114	  97	 109	scram	scram_19.png	
IEV	   1	 234	   6	   0	2.019211e+03	  35	  35	7.974663e-01	2.820700e+01	1729	 115	  99	 114	  97	 109	scram	scram_5.png	
IEV	   1	 235	   6	   0	2.026757e+03	  68	  68	6.291214e-01	4.284767e+01	2767	 115	  99	 114	  97	 109	scram	scram_6.png	
IEV	   1	 236	   6	   0	2.033517e+03	  68	  68	6.227859e-01	4.259533e+01	2800	 115	  99	 114	  97	 109	scram	scram_21.png	
IEV	   1	 237	   6	   0	2.040653e+03	  67	   0	6.333201e-01	4.259931e+01	2745	 115	  99	 114	  97	 109	scram	scram_11.png	
IEV	   1	 238	   6	   0	2.046718e+03	  31	  31	8.121033e-01	2.515776e+01	1609	 115	  99	 114	  97	 109	scram	scram_20.png	
IEV	   1	 239	   6	   0	2.053330e+03	  36	  36	8.012319e-01	2.864897e+01	1699	 115	  99	 114	  97	 109	scram	scram_16.png	
IEV	   1	 240	   6	   0	2.060632e+03	  74	  74	6.070536e-01	4.472304e+01	2881	 115	  99	 114	  97	 109	scram	scram_10.png	
IEV	   1	 241	   6	   0	2.068021e+03	  67	  67	6.123253e-01	4.075694e+01	2854	 115	  99	 114	  97	 109	scram	scram_1.png	
IEV	   1	 242	   6	   0	2.075230e+03	  74	   0	6.047021e-01	4.485226e+01	2893	 115	  99	 114	  97	 109	scram	scram_12.png	
IEV	   1	 243	   6	   0	2.083291e+03	 108	   0	4.606408e-01	4.974100e+01	3597	 115	  99	 114	  97	 109	scram	scram_14.png	
IEV	   1	 244	   6	   0	2.089839e+03	  36	  36	7.920767e-01	2.871298e+01	1771	 115	  99	 114	  97	 109	scram	scram_4.png	
IEV	   1	 245	   6	   0	2.096508e+03	  37	  37	7.866841e-01	2.921001e+01	1812	 115	  99	 114	  97	 109	scram	scram_7.png	
IEV	   1	 246	   6	   0	2.104525e+03	  71	   0	6.017554e-01	4.260620e+01	2908	 115	  99	 114	  97	 109	scram	scram_8.png	
IEV	   1	 247	   6	   0	2.111304e+03	  35	  35	7.840070e-01	2.710147e+01	1832	 115	  99	 114	  97	 109	scram	scram_9.png	
IEV	   1	 248	   6	   0	2.118273e+03	  49	  49	6.942472e-01	3.385788e+01	2411	 115	  99	 114	  97	 109	scram	scram_13.png	
IEV	   1	 249	   6	   0	2.124368e+03	  53	  53	6.851415e-01	3.659241e+01	2463	 115	  99	 114	  97	 109	scram	scram_2.png	
IEV	   1	 250	   6	   0	2.131671e+03	  61	   0	6.459775e-01	3.925251e+01	2678	 115	  99	 114	  97	 109	scram	scram_18.png	
IEV	   1	 251	   6	   0	2.139108e+03	  52	   0	7.049011e-01	3.657052e+01	2349	 115	  99	 114	  97	 109	scram	scram_17.png	
IEV	   1	 252	   6	   0	2.145704e+03	  42	   0	7.799346e-01	3.293961e+01	1862	 115	  99	 114	  97	 109	scram	scram_3.png	
#17-May-2013
CEVR	   2	 253	   7	   0	3.626203e+01	 157	   0	2.391947e-01	3.747839e+01	 886	 104	  97	 112	 112	 121	happy	happy_5.png	
CEVR	   2	 254	   7	   0	4.256878e+01	 131	 131	2.806067e-01	3.671939e+01	1685	 104	  97	 112	 112	 121	happy	happy_3.png	
CEVR	   2	 255	   7	   0	4.982589e+01	 127	   0	2.868852e-01	3.642623e+01	1786	 104	  97	 112	 112	 121	happy	happy_10.png	
CEVR	   2	 256	   7	   0	5.671167e+01	  97	  97	3.748191e-01	3.625036e+01	2845	 104	  97	 112	 112	 121	happy	happy_1.png	
CEVR	   2	 257	   7	   0	6.473471e+01	 100	   0	3.827963e-01	3.814839e+01	2917	 104	  97	 112	 112	 121	happy	happy_9.png	
CEVR	   2	 258	   7	   0	7.261223e+01	  75	  75	5.236555e-01	3.909462e+01	3827	 104	  97	 112	 112	 121	happy	happy_7.png	
CEVR	   2	 259	   7	   0	7.835619e+01	 161	   0	2.337545e-01	3.770126e+01	 760	 104	  97	 112	 112	 121	happy	happy_14.png	
CEVR	   2	 260	   7	   0	8.525340e+01	 130	   0	2.913386e-01	3.787402e+01	1855	 104	  97	 112	 112	 121	happy	happy_17.png	
CEVR	   2	 261	   7	   0	9.283965e+01	  69	  69	5.274949e-01	3.647251e+01	3845	 104	  97	 112	 112	 121	happy	happy_6.png	
CEVR	   2	 262	   7	   0	9.899841e+01	 160	   0	2.349846e-01	3.770495e+01	 789	 104	  97	 112	 112	 121	happy	happy_16.png	
CEVR	   2	 263	   7	   0	1.065610e+02	  70	   0	5.169661e-01	3.596607e+01	3795	 104	  97	 112	 112	 121	happy	happy_11.png	
CEVR	   2	 264	   7	   0	1.129657e+02	 154	   0	2.388418e-01	3.676116e+01	 878	 104	  97	 112	 112	 121	happy	happy_19.png	
CEVR	   2	 265	   7	   0	1.197220e+02	 132	 132	2.866313e-01	3.785989e+01	1782	 104	  97	 112	 112	 121	happy	happy_13.png	
CEVR	   2	 266	   7	   0	1.270420e+02	 101	   0	3.814433e-01	3.852577e+01	2905	 104	  97	 112	 112	 121	happy	happy_4.png	
CEVR	   2	 267	   7	   0	1.334357e+02	 127	   0	2.912731e-01	3.700000e+01	1854	 104	  97	 112	 112	 121	happy	happy_12.png	
CEVR	   2	 268	   7	   0	1.416002e+02	  73	  73	5.169661e-01	3.751697e+01	3795	 104	  97	 112	 112	 121	happy	happy_21.png	
CEVR	   2	 269	   7	   0	1.492605e+02	  63	  63	5.574688e-01	3.532759e+01	3977	 104	  97	 112	 112	 121	happy	happy_18.png	
CEVR	   2	 270	   7	   0	1.562867e+02	 133	   0	2.826277e-01	3.756526e+01	1718	 104	  97	 112	 112	 121	happy	happy_8.png	
CEVR	   2	 271	   7	   0	1.645099e+02	  77	  77	5.001931e-01	3.850058e+01	3711	 104	  97	 112	 112	 121	happy	happy_2.png	
CEVR	   2	 272	   7	   0	1.721038e+02	  70	  70	5.287873e-01	3.700000e+01	3851	 104	  97	 112	 112	 121	happy	happy_15.png	
CEVR	   2	 273	   7	   0	1.797036e+02	  66	  66	5.257816e-01	3.489687e+01	3837	 104	  97	 112	 112	 121	happy	happy_20.png	
CEVR	   2	 274	   7	   0	1.883964e+02	  72	  72	5.285714e-01	3.805714e+01	3850	 104	  97	 112	 112	 121	happy	happy_15.png	
CEVR	   2	 275	   7	   0	1.968012e+02	  66	  66	5.340206e-01	3.539794e+01	3875	 104	  97	 112	 112	 121	happy	happy_4.png	
CEVR	   2	 276	   7	   0	2.039188e+02	  65	  65	5.391341e-01	3.484346e+01	3898	 104	  97	 112	 112	 121	happy	happy_18.png	
CEVR	   2	 277	   7	   0	2.117229e+02	  73	   0	5.335806e-01	3.913432e+01	3873	 104	  97	 112	 112	 121	happy	happy_12.png	
CEVR	   2	 278	   7	   0	2.179999e+02	 132	   0	2.888691e-01	3.815548e+01	1817	 104	  97	 112	 112	 121	happy	happy_5.png	
CEVR	   2	 279	   7	   0	2.252855e+02	  89	   0	4.226501e-01	3.742265e+01	3236	 104	  97	 112	 112	 121	happy	happy_3.png	
CEVR	   2	 280	   7	   0	2.329524e+02	 104	   0	3.689459e-01	3.847578e+01	2790	 104	  97	 112	 112	 121	happy	happy_11.png	
CEVR	   2	 281	   7	   0	2.408696e+02	  64	   0	5.389097e-01	3.430545e+01	3897	 104	  97	 112	 112	 121	happy	happy_2.png	
CEVR	   2	 282	   7	   0	2.482353e+02	 130	   0	2.874584e-01	3.728746e+01	1795	 104	  97	 112	 112	 121	happy	happy_19.png	
CEVR	   2	 283	   7	   0	2.539696e+02	 159	   0	2.324538e-01	  37	 729	 104	  97	 112	 112	 121	happy	happy_1.png	
CEVR	   2	 284	   7	   0	2.600388e+02	 154	 154	2.442935e-01	3.773288e+01	 999	 104	  97	 112	 112	 121	happy	happy_6.png	
CEVR	   2	 285	   7	   0	2.665317e+02	 150	   0	2.464320e-01	  37	1045	 104	  97	 112	 112	 121	happy	happy_20.png	
CEVR	   2	 286	   7	   0	2.731423e+02	 116	   0	3.223799e-01	3.732238e+01	2283	 104	  97	 112	 112	 121	happy	happy_17.png	
CEVR	   2	 287	   7	   0	2.805056e+02	  91	   0	4.158638e-01	3.783173e+01	3186	 104	  97	 112	 112	 121	happy	happy_14.png	
CEVR	   2	 288	   7	   0	2.862158e+02	 169	   0	2.151520e-01	3.635454e+01	 281	 104	  97	 112	 112	 121	happy	happy_13.png	
CEVR	   2	 289	   7	   0	2.928001e+02	 147	   0	2.455442e-01	3.601782e+01	1026	 104	  97	 112	 112	 121	happy	happy_7.png	
CEVR	   2	 290	   7	   0	3.009530e+02	  74	   0	5.106467e-01	3.802129e+01	3764	 104	  97	 112	 112	 121	happy	happy_8.png	
CEVR	   2	 291	   7	   0	3.074041e+02	 151	   0	2.518475e-01	3.800739e+01	1158	 104	  97	 112	 112	 121	happy	happy_10.png	
CEVR	   2	 292	   7	   0	3.148918e+02	 131	   0	2.900336e-01	3.787010e+01	1835	 104	  97	 112	 112	 121	happy	happy_9.png	
CEVR	   2	 293	   7	   0	3.212752e+02	 109	   0	3.520935e-01	3.840837e+01	2622	 104	  97	 112	 112	 121	happy	happy_16.png	
CEVR	   2	 294	   7	   0	3.284529e+02	  89	  89	3.940962e-01	3.502952e+01	3014	 104	  97	 112	 112	 121	happy	happy_21.png	
DEV	   2	 295	   8	   0	3.967435e+02	  74	  74	7.852233e-01	5.827208e+01	 420	 115	  99	 114	  97	 109	scram	scram_17.png	
DEV	   2	 296	   8	   0	4.029718e+02	  80	  80	5.447279e-01	4.358970e+01	1513	 115	  99	 114	  97	 109	scram	scram_12.png	
DEV	   2	 297	   8	   0	4.107922e+02	  82	   0	3.870202e-01	3.185427e+01	2697	 115	  99	 114	  97	 109	scram	scram_21.png	
DEV	   2	 298	   8	   0	4.187024e+02	  79	   0	3.055060e-01	2.408645e+01	3677	 115	  99	 114	  97	 109	scram	scram_10.png	
DEV	   2	 299	   8	   0	4.251732e+02	  76	  76	5.300407e-01	4.049402e+01	1598	 115	  99	 114	  97	 109	scram	scram_14.png	
DEV	   2	 300	   8	   0	4.328894e+02	  79	  79	4.843679e-01	3.806286e+01	1887	 115	  99	 114	  97	 109	scram	scram_1.png	
DEV	   2	 301	   8	   0	4.398103e+02	  75	  75	4.829020e-01	3.603469e+01	1897	 115	  99	 114	  97	 109	scram	scram_4.png	
DEV	   2	 302	   8	   0	4.468165e+02	  75	  75	4.874707e-01	3.631707e+01	1866	 115	  99	 114	  97	 109	scram	scram_19.png	
DEV	   2	 303	   8	   0	4.540412e+02	  74	   0	4.818803e-01	3.548954e+01	1904	 115	  99	 114	  97	 109	scram	scram_11.png	
DEV	   2	 304	   8	   0	4.598776e+02	  69	  69	7.579382e-01	5.238499e+01	 526	 115	  99	 114	  97	 109	scram	scram_5.png	
DEV	   2	 305	   8	   0	4.667574e+02	  75	  75	6.880511e-01	5.175417e+01	 813	 115	  99	 114	  97	 109	scram	scram_9.png	
DEV	   2	 306	   8	   0	4.730800e+02	  74	  74	6.742220e-01	4.962773e+01	 873	 115	  99	 114	  97	 109	scram	scram_13.png	
DEV	   2	 307	   8	   0	4.791882e+02	  70	  70	6.751353e-01	4.697722e+01	 869	 115	  99	 114	  97	 109	scram	scram_20.png	
DEV	   2	 308	   8	   0	4.856863e+02	  77	   0	6.797201e-01	5.264680e+01	 849	 115	  99	 114	  97	 109	scram	scram_6.png	
DEV	   2	 309	   8	   0	4.926061e+02	  77	  77	4.836341e-01	3.704726e+01	1892	 115	  99	 114	  97	 109	scram	scram_3.png	
DEV	   2	 310	   8	   0	4.992185e+02	  80	   0	4.858413e-01	3.864567e+01	1877	 115	  99	 114	  97	 109	scram	scram_18.png	
DEV	   2	 311	   8	   0	5.048412e+02	  71	  71	7.155685e-01	5.110649e+01	 697	 115	  99	 114	  97	 109	scram	scram_2.png	
DEV	   2	 312	   8	   0	5.104360e+02	  76	  76	7.297038e-01	5.545514e+01	 639	 115	  99	 114	  97	 109	scram	scram_16.png	
DEV	   2	 313	   8	   0	5.172689e+02	  69	  69	7.107519e-01	4.873126e+01	 717	 115	  99	 114	  97	 109	scram	scram_15.png	
DEV	   2	 314	   8	   0	5.231622e+02	  69	  69	7.301956e-01	5.037024e+01	 637	 115	  99	 114	  97	 109	scram	scram_7.png	
DEV	   2	 315	   8	   0	5.289266e+02	  74	  74	6.964819e-01	5.152411e+01	 777	 115	  99	 114	  97	 109	scram	scram_8.png	
DEV	   2	 316	   8	   0	5.354092e+02	  77	   0	6.878184e-01	5.311684e+01	 814	 115	  99	 114	  97	 109	scram	scram_6.png	
DEV	   2	 317	   8	   0	5.422393e+02	  81	  81	4.810074e-01	3.880338e+01	1910	 115	  99	 114	  97	 109	scram	scram_5.png	
DEV	   2	 318	   8	   0	5.489827e+02	  83	   0	4.772557e-01	3.950254e+01	1936	 115	  99	 114	  97	 109	scram	scram_18.png	
DEV	   2	 319	   8	   0	5.545370e+02	  78	   0	7.016826e-01	5.461028e+01	 755	 115	  99	 114	  97	 109	scram	scram_2.png	
DEV	   2	 320	   8	   0	5.610903e+02	  79	  79	5.737765e-01	4.548639e+01	1354	 115	  99	 114	  97	 109	scram	scram_14.png	
DEV	   2	 321	   8	   0	5.672192e+02	  73	  73	5.829525e-01	4.257825e+01	1306	 115	  99	 114	  97	 109	scram	scram_7.png	
DEV	   2	 322	   8	   0	5.739294e+02	  72	  72	5.905472e-01	4.242647e+01	1267	 115	  99	 114	  97	 109	scram	scram_12.png	
DEV	   2	 323	   8	   0	5.800351e+02	  80	  80	5.921205e-01	4.725234e+01	1259	 115	  99	 114	  97	 109	scram	scram_1.png	
DEV	   2	 324	   8	   0	5.862165e+02	  74	  74	6.034826e-01	4.435996e+01	1202	 115	  99	 114	  97	 109	scram	scram_15.png	
DEV	   2	 325	   8	   0	5.924234e+02	  76	   0	5.923176e-01	4.489577e+01	1258	 115	  99	 114	  97	 109	scram	scram_21.png	
DEV	   2	 326	   8	   0	5.986103e+02	  65	   0	7.860063e-01	5.123505e+01	 417	 115	  99	 114	  97	 109	scram	scram_19.png	
DEV	   2	 327	   8	   0	6.050497e+02	  75	   0	6.629126e-01	4.966562e+01	 923	 115	  99	 114	  97	 109	scram	scram_8.png	
DEV	   2	 328	   8	   0	6.127671e+02	  77	  77	4.856936e-01	3.717873e+01	1878	 115	  99	 114	  97	 109	scram	scram_17.png	
DEV	   2	 329	   8	   0	6.196890e+02	  75	  75	4.842210e-01	3.611631e+01	1888	 115	  99	 114	  97	 109	scram	scram_4.png	
DEV	   2	 330	   8	   0	6.267179e+02	  81	  81	4.856936e-01	3.912150e+01	1878	 115	  99	 114	  97	 109	scram	scram_20.png	
DEV	   2	 331	   8	   0	6.338383e+02	  83	  83	4.848092e-01	4.003115e+01	1884	 115	  99	 114	  97	 109	scram	scram_10.png	
DEV	   2	 332	   8	   0	6.403942e+02	  84	   0	4.746873e-01	3.979695e+01	1954	 115	  99	 114	  97	 109	scram	scram_3.png	
DEV	   2	 333	   8	   0	6.466870e+02	  75	   0	6.845677e-01	5.155969e+01	 828	 115	  99	 114	  97	 109	scram	scram_16.png	
DEV	   2	 334	   8	   0	6.540726e+02	  74	  74	6.014699e-01	4.424356e+01	1212	 115	  99	 114	  97	 109	scram	scram_9.png	
DEV	   2	 335	   8	   0	6.599104e+02	  76	   0	5.810252e-01	4.420946e+01	1316	 115	  99	 114	  97	 109	scram	scram_11.png	
DEV	   2	 336	   8	   0	6.669157e+02	  81	  81	4.897072e-01	3.988293e+01	1851	 115	  99	 114	  97	 109	scram	scram_13.png	
CEVR	   2	 337	   9	   0	7.354605e+02	 164	   0	2.215190e-01	3.633544e+01	 454	 102	 101	  97	 114	fear	fear_5.png	
CEVR	   2	 338	   9	   0	7.423547e+02	 135	   0	2.658046e-01	3.593678e+01	1428	 102	 101	  97	 114	fear	fear_4.png	
CEVR	   2	 339	   9	   0	7.496828e+02	 112	 112	3.233458e-01	3.635331e+01	2295	 102	 101	  97	 114	fear	fear_14.png	
CEVR	   2	 340	   9	   0	7.568331e+02	 110	   0	3.269376e-01	3.601919e+01	2339	 102	 101	  97	 114	fear	fear_20.png	
CEVR	   2	 341	   9	   0	7.645392e+02	 101	   0	3.754712e-01	3.775094e+01	2851	 102	 101	  97	 114	fear	fear_10.png	
CEVR	   2	 342	   9	   0	7.718986e+02	  94	  94	4.120267e-01	3.864811e+01	3157	 102	 101	  97	 114	fear	fear_8.png	
CEVR	   2	 343	   9	   0	7.799606e+02	  86	   0	4.407760e-01	3.788155e+01	3362	 102	 101	  97	 114	fear	fear_9.png	
CEVR	   2	 344	   9	   0	7.863439e+02	 118	 118	3.161621e-01	3.731616e+01	2204	 102	 101	  97	 114	fear	fear_17.png	
CEVR	   2	 345	   9	   0	7.937500e+02	  88	  88	4.243119e-01	3.742431e+01	3248	 102	 101	  97	 114	fear	fear_11.png	
CEVR	   2	 346	   9	   0	8.010469e+02	 112	 112	3.179475e-01	3.572821e+01	2227	 102	 101	  97	 114	fear	fear_6.png	
CEVR	   2	 347	   9	   0	8.092382e+02	  92	  92	4.201817e-01	3.868073e+01	3218	 102	 101	  97	 114	fear	fear_13.png	
CEVR	   2	 348	   9	   0	8.157273e+02	 114	 114	3.167034e-01	3.604989e+01	2211	 102	 101	  97	 114	fear	fear_1.png	
CEVR	   2	 349	   9	   0	8.236386e+02	  86	  86	4.252874e-01	3.657471e+01	3255	 102	 101	  97	 114	fear	fear_15.png	
CEVR	   2	 350	   9	   0	8.303133e+02	 122	 122	3.145494e-01	3.825820e+01	2183	 102	 101	  97	 114	fear	fear_2.png	
CEVR	   2	 351	   9	   0	8.373627e+02	  87	  87	4.086463e-01	3.536541e+01	3131	 102	 101	  97	 114	fear	fear_16.png	
CEVR	   2	 352	   9	   0	8.439479e+02	 117	 117	3.160849e-01	  37	2203	 102	 101	  97	 114	fear	fear_12.png	
CEVR	   2	 353	   9	   0	8.510390e+02	  93	  93	4.190939e-01	3.909547e+01	3210	 102	 101	  97	 114	fear	fear_19.png	
CEVR	   2	 354	   9	   0	8.576506e+02	 114	 114	3.203067e-01	3.635939e+01	2257	 102	 101	  97	 114	fear	fear_3.png	
CEVR	   2	 355	   9	   0	8.654309e+02	  87	  87	4.169350e-01	3.616613e+01	3194	 102	 101	  97	 114	fear	fear_18.png	
CEVR	   2	 356	   9	   0	8.721231e+02	 117	   0	3.171687e-01	  37	2217	 102	 101	  97	 114	fear	fear_7.png	
CEVR	   2	 357	   9	   0	8.799513e+02	  93	  93	4.030501e-01	3.740305e+01	3087	 102	 101	  97	 114	fear	fear_21.png	
CEVR	   2	 358	   9	   0	8.870852e+02	 116	   0	3.083333e-01	3.576667e+01	2100	 102	 101	  97	 114	fear	fear_14.png	
CEVR	   2	 359	   9	   0	8.949773e+02	  92	   0	4.199092e-01	3.867964e+01	3216	 102	 101	  97	 114	fear	fear_4.png	
CEVR	   2	 360	   9	   0	9.007044e+02	 145	   0	2.483221e-01	3.600671e+01	1085	 102	 101	  97	 114	fear	fear_9.png	
CEVR	   2	 361	   9	   0	9.081479e+02	 112	 112	3.252135e-01	3.634957e+01	2318	 102	 101	  97	 114	fear	fear_7.png	
CEVR	   2	 362	   9	   0	9.154351e+02	  90	  90	4.184168e-01	3.783683e+01	3205	 102	 101	  97	 114	fear	fear_12.png	
CEVR	   2	 363	   9	   0	9.225901e+02	 114	   0	3.111485e-01	3.544426e+01	2138	 102	 101	  97	 114	fear	fear_19.png	
CEVR	   2	 364	   9	   0	9.295567e+02	  91	   0	4.126832e-01	3.741268e+01	3162	 102	 101	  97	 114	fear	fear_17.png	
CEVR	   2	 365	   9	   0	9.369603e+02	 118	   0	3.185732e-01	3.763715e+01	2235	 102	 101	  97	 114	fear	fear_20.png	
CEVR	   2	 366	   9	   0	9.437739e+02	 119	 119	3.197531e-01	3.795926e+01	2250	 102	 101	  97	 114	fear	fear_3.png	
CEVR	   2	 367	   9	   0	9.508447e+02	  91	   0	4.138702e-01	3.782774e+01	3171	 102	 101	  97	 114	fear	fear_1.png	
CEVR	   2	 368	   9	   0	9.578490e+02	 115	 115	3.186516e-01	3.668135e+01	2236	 102	 101	  97	 114	fear	fear_13.png	
CEVR	   2	 369	   9	   0	9.645630e+02	 119	   0	3.199111e-01	3.795973e+01	2252	 102	 101	  97	 114	fear	fear_18.png	
CEVR	   2	 370	   9	   0	9.727186e+02	  91	   0	4.096805e-01	3.740968e+01	3139	 102	 101	  97	 114	fear	fear_6.png	
CEVR	   2	 371	   9	   0	9.797251e+02	 112	 112	3.189655e-01	3.572414e+01	2240	 102	 101	  97	 114	fear	fear_8.png	
CEVR	   2	 372	   9	   0	9.871575e+02	 115	   0	3.230232e-01	  37	2291	 102	 101	  97	 114	fear	fear_11.png	
CEVR	   2	 373	   9	   0	9.951248e+02	  94	   0	4.125518e-01	3.865021e+01	3161	 102	 101	  97	 114	fear	fear_5.png	
CEVR	   2	 374	   9	   0	1.001151e+03	 117	 117	3.219791e-01	3.764396e+01	2278	 102	 101	  97	 114	fear	fear_21.png	
CEVR	   2	 375	   9	   0	1.009206e+03	  87	  87	4.083885e-01	3.536645e+01	3129	 102	 101	  97	 114	fear	fear_15.png	
CEVR	   2	 376	   9	   0	1.016434e+03	 118	   0	3.223799e-01	3.796714e+01	2283	 102	 101	  97	 114	fear	fear_2.png	
CEVR	   2	 377	   9	   0	1.023413e+03	  91	  91	4.154636e-01	3.783093e+01	3183	 102	 101	  97	 114	fear	fear_16.png	
CEVR	   2	 378	   9	   0	1.030054e+03	 116	 116	3.241552e-01	3.764831e+01	2305	 102	 101	  97	 114	fear	fear_10.png	
IEV	   2	 379	  10	   0	1.100462e+03	  15	  15	8.913885e-01	1.309166e+01	 538	 104	  97	 112	 112	 121	happy	happy_16.png	
IEV	   2	 380	  10	   0	1.106904e+03	  33	  33	8.002346e-01	2.634289e+01	1707	 104	  97	 112	 112	 121	happy	happy_12.png	
IEV	   2	 381	  10	   0	1.114899e+03	  69	  69	6.200848e-01	4.275440e+01	2814	 104	  97	 112	 112	 121	happy	happy_15.png	
IEV	   2	 382	  10	   0	1.121895e+03	 126	 126	4.149331e-01	5.243957e+01	3816	 104	  97	 112	 112	 121	happy	happy_3.png	
IEV	   2	 383	  10	   0	1.129715e+03	 115	   0	4.470565e-01	5.121212e+01	3662	 104	  97	 112	 112	 121	happy	happy_14.png	
IEV	   2	 384	  10	   0	1.136398e+03	  23	  23	8.896652e-01	2.053153e+01	 588	 104	  97	 112	 112	 121	happy	happy_4.png	
IEV	   2	 385	  10	   0	1.143044e+03	  30	  30	8.229864e-01	2.484488e+01	1513	 104	  97	 112	 112	 121	happy	happy_17.png	
IEV	   2	 386	  10	   0	1.150315e+03	  67	  67	6.296952e-01	4.218417e+01	2764	 104	  97	 112	 112	 121	happy	happy_7.png	
IEV	   2	 387	  10	   0	1.158191e+03	 124	 124	4.234707e-01	5.254674e+01	3775	 104	  97	 112	 112	 121	happy	happy_18.png	
IEV	   2	 388	  10	   0	1.164295e+03	  18	  18	8.789149e-01	1.611565e+01	 827	 104	  97	 112	 112	 121	happy	happy_13.png	
IEV	   2	 389	  10	   0	1.170258e+03	  39	  39	7.953012e-01	3.079730e+01	1746	 104	  97	 112	 112	 121	happy	happy_20.png	
IEV	   2	 390	  10	   0	1.176760e+03	  66	  66	6.181507e-01	4.101328e+01	2824	 104	  97	 112	 112	 121	happy	happy_6.png	
IEV	   2	 391	  10	   0	1.184776e+03	 124	   0	4.074494e-01	5.067370e+01	3852	 104	  97	 112	 112	 121	happy	happy_5.png	
IEV	   2	 392	  10	   0	1.191023e+03	  18	  18	8.923083e-01	1.648420e+01	 509	 104	  97	 112	 112	 121	happy	happy_2.png	
IEV	   2	 393	  10	   0	1.198436e+03	  41	  41	7.823862e-01	3.194704e+01	1844	 104	  97	 112	 112	 121	happy	happy_19.png	
IEV	   2	 394	  10	   0	1.204799e+03	  62	  62	6.342714e-01	3.937135e+01	2740	 104	  97	 112	 112	 121	happy	happy_11.png	
IEV	   2	 395	  10	   0	1.212560e+03	 104	 104	4.727593e-01	4.921063e+01	3539	 104	  97	 112	 112	 121	happy	happy_9.png	
IEV	   2	 396	  10	   0	1.218240e+03	  20	  20	8.817181e-01	1.743260e+01	 773	 104	  97	 112	 112	 121	happy	happy_1.png	
IEV	   2	 397	  10	   0	1.224398e+03	  31	  31	7.968318e-01	2.507973e+01	1734	 104	  97	 112	 112	 121	happy	happy_8.png	
IEV	   2	 398	  10	   0	1.231056e+03	  62	  62	6.359812e-01	3.926079e+01	2731	 104	  97	 112	 112	 121	happy	happy_10.png	
IEV	   2	 399	  10	   0	1.239359e+03	 115	 115	4.552068e-01	5.225006e+01	3623	 104	  97	 112	 112	 121	happy	happy_21.png	
IEV	   2	 400	  10	   0	1.247819e+03	 106	   0	4.735948e-01	5.012072e+01	3535	 104	  97	 112	 112	 121	happy	happy_1.png	
IEV	   2	 401	  10	   0	1.253513e+03	  18	  18	8.891138e-01	1.618258e+01	 603	 104	  97	 112	 112	 121	happy	happy_11.png	
IEV	   2	 402	  10	   0	1.260190e+03	  32	   0	7.923364e-01	2.551946e+01	1769	 104	  97	 112	 112	 121	happy	happy_3.png	
IEV	   2	 403	  10	   0	1.267308e+03	  65	  65	6.129094e-01	4.010794e+01	2851	 104	  97	 112	 112	 121	happy	happy_16.png	
IEV	   2	 404	  10	   0	1.275566e+03	 121	   0	4.324382e-01	5.221576e+01	3732	 104	  97	 112	 112	 121	happy	happy_9.png	
IEV	   2	 405	  10	   0	1.282696e+03	  23	  23	8.863266e-01	2.021589e+01	 673	 104	  97	 112	 112	 121	happy	happy_20.png	
IEV	   2	 406	  10	   0	1.289833e+03	  33	  33	8.024715e-01	2.612346e+01	1689	 104	  97	 112	 112	 121	happy	happy_21.png	
IEV	   2	 407	  10	   0	1.297260e+03	  71	  71	6.101808e-01	4.332979e+01	2865	 104	  97	 112	 112	 121	happy	happy_10.png	
IEV	   2	 408	  10	   0	1.304972e+03	 111	   0	4.524898e-01	5.008943e+01	3636	 104	  97	 112	 112	 121	happy	happy_4.png	
IEV	   2	 409	  10	   0	1.312060e+03	  17	  17	8.809108e-01	1.491843e+01	 789	 104	  97	 112	 112	 121	happy	happy_7.png	
IEV	   2	 410	  10	   0	1.318985e+03	  41	  41	7.800714e-01	3.214785e+01	1861	 104	  97	 112	 112	 121	happy	happy_2.png	
IEV	   2	 411	  10	   0	1.325554e+03	  60	  60	6.329392e-01	3.819136e+01	2747	 104	  97	 112	 112	 121	happy	happy_15.png	
IEV	   2	 412	  10	   0	1.333560e+03	 106	 106	4.549978e-01	4.816294e+01	3624	 104	  97	 112	 112	 121	happy	happy_6.png	
IEV	   2	 413	  10	   0	1.340080e+03	  21	  21	8.774850e-01	1.809267e+01	 853	 104	  97	 112	 112	 121	happy	happy_13.png	
IEV	   2	 414	  10	   0	1.346419e+03	  37	  37	8.025950e-01	2.932167e+01	1688	 104	  97	 112	 112	 121	happy	happy_8.png	
IEV	   2	 415	  10	   0	1.353728e+03	  64	   0	6.169884e-01	3.923368e+01	2830	 104	  97	 112	 112	 121	happy	happy_5.png	
IEV	   2	 416	  10	   0	1.361307e+03	 102	 102	4.673278e-01	4.758086e+01	3565	 104	  97	 112	 112	 121	happy	happy_17.png	
IEV	   2	 417	  10	   0	1.368001e+03	  17	  17	8.804999e-01	1.498460e+01	 797	 104	  97	 112	 112	 121	happy	happy_14.png	
IEV	   2	 418	  10	   0	1.374379e+03	  33	  33	7.927254e-01	2.627439e+01	1766	 104	  97	 112	 112	 121	happy	happy_12.png	
IEV	   2	 419	  10	   0	1.382008e+03	  67	  67	6.097904e-01	4.091306e+01	2867	 104	  97	 112	 112	 121	happy	happy_18.png	
IEV	   2	 420	  10	   0	1.389596e+03	 104	 104	4.637755e-01	4.821390e+01	3582	 104	  97	 112	 112	 121	happy	happy_19.png	
DEV	   2	 421	  11	   0	1.458474e+03	  75	  75	7.592082e-01	5.699699e+01	 521	 102	 101	  97	 114	fear	fear_15.png	
DEV	   2	 422	  11	   0	1.464697e+03	  79	  79	5.208457e-01	4.095642e+01	1653	 102	 101	  97	 114	fear	fear_14.png	
DEV	   2	 423	  11	   0	1.472923e+03	  78	  78	3.906564e-01	3.054814e+01	2660	 102	 101	  97	 114	fear	fear_13.png	
DEV	   2	 424	  11	   0	1.480120e+03	  88	   0	3.114915e-01	2.730578e+01	3599	 102	 101	  97	 114	fear	fear_2.png	
DEV	   2	 425	  11	   0	1.485638e+03	  73	  73	7.284756e-01	5.320353e+01	 644	 102	 101	  97	 114	fear	fear_18.png	
DEV	   2	 426	  11	   0	1.493177e+03	  75	   0	5.156064e-01	3.855165e+01	1685	 102	 101	  97	 114	fear	fear_11.png	
DEV	   2	 427	  11	   0	1.499728e+03	  86	  86	3.860481e-01	3.332980e+01	2707	 102	 101	  97	 114	fear	fear_8.png	
DEV	   2	 428	  11	   0	1.505526e+03	  70	  70	7.388489e-01	5.151001e+01	 602	 102	 101	  97	 114	fear	fear_20.png	
DEV	   2	 429	  11	   0	1.512804e+03	  72	   0	5.726428e-01	4.140472e+01	1360	 102	 101	  97	 114	fear	fear_12.png	
DEV	   2	 430	  11	   0	1.519758e+03	  80	   0	3.854670e-01	3.097361e+01	2713	 102	 101	  97	 114	fear	fear_6.png	
DEV	   2	 431	  11	   0	1.526545e+03	  70	  70	7.458346e-01	5.258072e+01	 574	 102	 101	  97	 114	fear	fear_5.png	
DEV	   2	 432	  11	   0	1.533341e+03	  69	  69	7.408392e-01	5.086226e+01	 594	 102	 101	  97	 114	fear	fear_17.png	
DEV	   2	 433	  11	   0	1.538755e+03	  69	   0	7.309339e-01	5.040474e+01	 634	 102	 101	  97	 114	fear	fear_21.png	
DEV	   2	 434	  11	   0	1.544573e+03	  81	  81	5.579907e-01	4.501921e+01	1439	 102	 101	  97	 114	fear	fear_10.png	
DEV	   2	 435	  11	   0	1.551694e+03	  83	  83	3.921485e-01	3.260802e+01	2645	 102	 101	  97	 114	fear	fear_4.png	
DEV	   2	 436	  11	   0	1.557447e+03	  77	   0	5.456101e-01	4.201111e+01	1508	 102	 101	  97	 114	fear	fear_16.png	
DEV	   2	 437	  11	   0	1.564574e+03	  73	  73	7.255352e-01	5.305327e+01	 656	 102	 101	  97	 114	fear	fear_9.png	
DEV	   2	 438	  11	   0	1.571837e+03	  75	  75	5.426191e-01	4.073720e+01	1525	 102	 101	  97	 114	fear	fear_7.png	
DEV	   2	 439	  11	   0	1.579568e+03	  80	  80	3.905573e-01	3.132267e+01	2661	 102	 101	  97	 114	fear	fear_19.png	
DEV	   2	 440	  11	   0	1.586086e+03	  73	   0	7.331526e-01	5.344072e+01	 625	 102	 101	  97	 114	fear	fear_1.png	
DEV	   2	 441	  11	   0	1.593531e+03	  76	  76	5.489806e-01	4.167422e+01	1489	 102	 101	  97	 114	fear	fear_3.png	
DEV	   2	 442	  11	   0	1.601262e+03	  77	  77	3.906564e-01	3.015748e+01	2660	 102	 101	  97	 114	fear	fear_5.png	
DEV	   2	 443	  11	   0	1.607166e+03	  70	  70	7.371112e-01	5.142839e+01	 609	 102	 101	  97	 114	fear	fear_19.png	
DEV	   2	 444	  11	   0	1.614033e+03	  79	   0	5.413943e-01	4.282783e+01	1532	 102	 101	  97	 114	fear	fear_14.png	
DEV	   2	 445	  11	   0	1.621154e+03	  85	   0	3.925482e-01	3.342165e+01	2641	 102	 101	  97	 114	fear	fear_3.png	
DEV	   2	 446	  11	   0	1.626947e+03	  69	   0	7.435832e-01	5.098717e+01	 583	 102	 101	  97	 114	fear	fear_20.png	
DEV	   2	 447	  11	   0	1.634314e+03	  80	   0	5.413943e-01	4.336922e+01	1532	 102	 101	  97	 114	fear	fear_4.png	
DEV	   2	 448	  11	   0	1.641748e+03	  84	  84	3.712477e-01	3.110655e+01	2865	 102	 101	  97	 114	fear	fear_1.png	
DEV	   2	 449	  11	   0	1.648080e+03	  74	  74	7.243132e-01	5.371488e+01	 661	 102	 101	  97	 114	fear	fear_8.png	
DEV	   2	 450	  11	   0	1.655059e+03	  74	  74	5.377438e-01	3.990069e+01	1553	 102	 101	  97	 114	fear	fear_2.png	
DEV	   2	 451	  11	   0	1.661548e+03	  84	  84	3.834455e-01	3.236848e+01	2734	 102	 101	  97	 114	fear	fear_15.png	
DEV	   2	 452	  11	   0	1.668314e+03	  70	  70	7.083547e-01	4.932507e+01	 727	 102	 101	  97	 114	fear	fear_12.png	
DEV	   2	 453	  11	   0	1.675504e+03	  80	  80	5.698215e-01	4.580063e+01	1375	 102	 101	  97	 114	fear	fear_21.png	
DEV	   2	 454	  11	   0	1.682605e+03	  83	  83	3.967913e-01	3.293914e+01	2599	 102	 101	  97	 114	fear	fear_10.png	
DEV	   2	 455	  11	   0	1.689121e+03	  77	  77	7.329057e-01	5.635988e+01	 626	 102	 101	  97	 114	fear	fear_9.png	
DEV	   2	 456	  11	   0	1.695015e+03	  78	  78	5.681375e-01	4.455359e+01	1384	 102	 101	  97	 114	fear	fear_17.png	
DEV	   2	 457	  11	   0	1.701267e+03	  84	   0	3.870202e-01	3.262831e+01	2697	 102	 101	  97	 114	fear	fear_6.png	
DEV	   2	 458	  11	   0	1.707472e+03	  68	  68	7.381038e-01	4.999884e+01	 605	 102	 101	  97	 114	fear	fear_11.png	
DEV	   2	 459	  11	   0	1.714183e+03	  75	  75	5.636794e-01	4.201381e+01	1408	 102	 101	  97	 114	fear	fear_16.png	
DEV	   2	 460	  11	   0	1.720774e+03	  80	   0	3.994614e-01	3.193080e+01	2573	 102	 101	  97	 114	fear	fear_18.png	
DEV	   2	 461	  11	   0	1.726258e+03	  68	  68	7.490968e-01	5.123567e+01	 561	 102	 101	  97	 114	fear	fear_13.png	
DEV	   2	 462	  11	   0	1.733104e+03	  71	   0	5.874163e-01	4.166171e+01	1283	 102	 101	  97	 114	fear	fear_7.png	
CEV	   2	 463	  12	   0	1.801786e+03	  46	   0	8.400000e-01	3.868000e+01	 420	 115	  99	 114	  97	 109	scram	scram_17.png	
CEV	   2	 464	  12	   0	1.808665e+03	  51	   0	6.791429e-01	3.496257e+01	1546	 115	  99	 114	  97	 109	scram	scram_1.png	
CEV	   2	 465	  12	   0	1.816136e+03	  76	   0	5.097143e-01	3.852914e+01	2732	 115	  99	 114	  97	 109	scram	scram_13.png	
CEV	   2	 466	  12	   0	1.823187e+03	  91	  91	4.010000e-01	3.659900e+01	3493	 115	  99	 114	  97	 109	scram	scram_16.png	
CEV	   2	 467	  12	   0	1.832044e+03	 103	 103	3.707143e-01	3.811214e+01	3705	 115	  99	 114	  97	 109	scram	scram_18.png	
CEV	   2	 468	  12	   0	1.839613e+03	 105	   0	3.388571e-01	3.564457e+01	3928	 115	  99	 114	  97	 109	scram	scram_4.png	
CEV	   2	 469	  12	   0	1.845540e+03	  48	  48	8.104286e-01	3.862086e+01	 627	 115	  99	 114	  97	 109	scram	scram_7.png	
CEV	   2	 470	  12	   0	1.852096e+03	  55	  55	6.860000e-01	3.768600e+01	1498	 115	  99	 114	  97	 109	scram	scram_15.png	
CEV	   2	 471	  12	   0	1.858637e+03	  75	   0	4.897143e-01	3.651029e+01	2872	 115	  99	 114	  97	 109	scram	scram_14.png	
CEV	   2	 472	  12	   0	1.865864e+03	  95	   0	3.800000e-01	3.624000e+01	3640	 115	  99	 114	  97	 109	scram	scram_6.png	
CEV	   2	 473	  12	   0	1.871665e+03	  50	   0	7.871429e-01	3.936143e+01	 790	 115	  99	 114	  97	 109	scram	scram_8.png	
CEV	   2	 474	  12	   0	1.878275e+03	  55	  55	6.704286e-01	  37	1607	 115	  99	 114	  97	 109	scram	scram_10.png	
CEV	   2	 475	  12	   0	1.885446e+03	  78	  78	5.101429e-01	3.955071e+01	2729	 115	  99	 114	  97	 109	scram	scram_19.png	
CEV	   2	 476	  12	   0	1.893523e+03	  97	   0	3.660000e-01	3.553600e+01	3738	 115	  99	 114	  97	 109	scram	scram_20.png	
CEV	   2	 477	  12	   0	1.900419e+03	  46	  46	8.174286e-01	3.781743e+01	 578	 115	  99	 114	  97	 109	scram	scram_21.png	
CEV	   2	 478	  12	   0	1.906379e+03	  59	  59	6.851429e-01	4.042571e+01	1504	 115	  99	 114	  97	 109	scram	scram_5.png	
CEV	   2	 479	  12	   0	1.913523e+03	  73	   0	5.180000e-01	3.803600e+01	2674	 115	  99	 114	  97	 109	scram	scram_9.png	
CEV	   2	 480	  12	   0	1.921601e+03	  93	  93	3.941429e-01	3.660586e+01	3541	 115	  99	 114	  97	 109	scram	scram_11.png	
CEV	   2	 481	  12	   0	1.928055e+03	  41	  41	8.010000e-01	3.299500e+01	 693	 115	  99	 114	  97	 109	scram	scram_2.png	
CEV	   2	 482	  12	   0	1.934520e+03	  51	   0	6.834286e-01	3.494971e+01	1516	 115	  99	 114	  97	 109	scram	scram_3.png	
CEV	   2	 483	  12	   0	1.942577e+03	  71	   0	5.144286e-01	3.648557e+01	2699	 115	  99	 114	  97	 109	scram	scram_12.png	
CEV	   2	 484	  12	   0	1.950273e+03	  97	   0	3.895714e-01	3.777914e+01	3573	 115	  99	 114	  97	 109	scram	scram_4.png	
CEV	   2	 485	  12	   0	1.956683e+03	  42	   0	8.135714e-01	3.455929e+01	 605	 115	  99	 114	  97	 109	scram	scram_1.png	
CEV	   2	 486	  12	   0	1.963369e+03	  53	   0	6.775714e-01	3.564486e+01	1557	 115	  99	 114	  97	 109	scram	scram_13.png	
CEV	   2	 487	  12	   0	1.970587e+03	  71	  71	4.974286e-01	3.550771e+01	2818	 115	  99	 114	  97	 109	scram	scram_10.png	
CEV	   2	 488	  12	   0	1.978262e+03	  97	   0	3.670000e-01	3.553200e+01	3731	 115	  99	 114	  97	 109	scram	scram_14.png	
CEV	   2	 489	  12	   0	1.984569e+03	  42	  42	8.150000e-01	3.455500e+01	 595	 115	  99	 114	  97	 109	scram	scram_11.png	
CEV	   2	 490	  12	   0	1.990386e+03	  60	  60	6.410000e-01	3.828200e+01	1813	 115	  99	 114	  97	 109	scram	scram_17.png	
CEV	   2	 491	  12	   0	1.997815e+03	  77	  77	4.944286e-01	3.798886e+01	2839	 115	  99	 114	  97	 109	scram	scram_20.png	
CEV	   2	 492	  12	   0	2.005329e+03	  97	  97	3.842857e-01	3.738429e+01	3610	 115	  99	 114	  97	 109	scram	scram_9.png	
CEV	   2	 493	  12	   0	2.011751e+03	  51	   0	7.828571e-01	4.013143e+01	 820	 115	  99	 114	  97	 109	scram	scram_19.png	
CEV	   2	 494	  12	   0	2.019243e+03	  59	   0	6.481429e-01	3.829629e+01	1763	 115	  99	 114	  97	 109	scram	scram_6.png	
CEV	   2	 495	  12	   0	2.025805e+03	  75	   0	4.861429e-01	3.651386e+01	2897	 115	  99	 114	  97	 109	scram	scram_21.png	
CEV	   2	 496	  12	   0	2.034244e+03	  99	   0	3.791429e-01	3.737914e+01	3646	 115	  99	 114	  97	 109	scram	scram_7.png	
CEV	   2	 497	  12	   0	2.040756e+03	  43	  43	8.157143e-01	3.536857e+01	 590	 115	  99	 114	  97	 109	scram	scram_18.png	
CEV	   2	 498	  12	   0	2.047162e+03	  57	  57	6.447143e-01	  37	1787	 115	  99	 114	  97	 109	scram	scram_5.png	
CEV	   2	 499	  12	   0	2.055173e+03	  77	   0	5.004286e-01	3.850129e+01	2797	 115	  99	 114	  97	 109	scram	scram_2.png	
CEV	   2	 500	  12	   0	2.063320e+03	  93	   0	3.760000e-01	3.512000e+01	3668	 115	  99	 114	  97	 109	scram	scram_3.png	
CEV	   2	 501	  12	   0	2.069152e+03	  41	  41	8.198571e-01	3.372057e+01	 561	 115	  99	 114	  97	 109	scram	scram_12.png	
CEV	   2	 502	  12	   0	2.076087e+03	  61	  61	6.555714e-01	4.027786e+01	1711	 115	  99	 114	  97	 109	scram	scram_15.png	
CEV	   2	 503	  12	   0	2.082620e+03	  79	  79	4.952857e-01	3.898114e+01	2833	 115	  99	 114	  97	 109	scram	scram_8.png	
CEV	   2	 504	  12	   0	2.090931e+03	 101	   0	3.748571e-01	3.774971e+01	3676	 115	  99	 114	  97	 109	scram	scram_16.png	
