#Subj:	10385
#Run:	1
#Age:	25
#Gender:	female
#29-Jul-2013
Func	Run	Trial	Block	Null	trialStartTime	Mag	ScoreInc	Freq	EV	RT	Emotion	Image
CEV	1	1	12	0	1.553434e+02	48	48	8.100000e-01	3.862000e+01	630	scram	scram_16.png
CEV	1	2	12	0	1.615283e+02	45	45	8.580000e-01	3.871600e+01	294	scram	scram_8.png
CEV	1	3	12	0	1.679197e+02	45	45	8.624286e-01	3.872486e+01	263	scram	scram_15.png
CEV	1	4	12	0	1.732428e+02	46	46	8.425714e-01	3.868514e+01	402	scram	scram_12.png
CEV	1	5	12	0	1.803482e+02	48	48	7.375714e-01	3.552486e+01	1137	scram	scram_3.png
CEV	1	6	12	0	1.871798e+02	53	0	6.437143e-01	3.442514e+01	1794	scram	scram_2.png
CEV	1	7	12	0	1.943354e+02	73	73	5.227143e-01	3.804543e+01	2641	scram	scram_5.png
CEV	1	8	12	0	2.017698e+02	83	83	4.741429e-01	3.937071e+01	2981	scram	scram_18.png
CEV	1	9	12	0	2.088814e+02	81	81	4.492857e-01	3.655071e+01	3155	scram	scram_7.png
CEV	1	10	12	0	2.167293e+02	100	0	3.818571e-01	3.814557e+01	3627	scram	scram_21.png
CEV	1	11	12	0	2.249822e+02	80	0	4.432857e-01	3.567014e+01	3197	scram	scram_6.png
CEV	1	12	12	0	2.322900e+02	81	0	4.508571e-01	3.654914e+01	3144	scram	scram_19.png
CEV	1	13	12	0	2.397188e+02	80	0	4.742857e-01	3.794857e+01	2980	scram	scram_9.png
CEV	1	14	12	0	2.459448e+02	43	43	8.198571e-01	3.536029e+01	561	scram	scram_20.png
CEV	1	15	12	0	2.527309e+02	74	74	5.145714e-01	3.802914e+01	2698	scram	scram_17.png
CEV	1	16	12	0	2.602317e+02	71	0	4.902857e-01	3.503886e+01	2868	scram	scram_11.png
CEV	1	17	12	0	2.664527e+02	77	77	5.105714e-01	3.955286e+01	2726	scram	scram_14.png
CEV	1	18	12	0	2.728541e+02	74	74	5.097143e-01	3.750971e+01	2732	scram	scram_10.png
CEV	1	19	12	0	2.802609e+02	72	72	5.397143e-01	3.861914e+01	2522	scram	scram_13.png
CEV	1	20	12	0	2.883276e+02	71	0	5.208571e-01	37	2654	scram	scram_1.png
CEV	1	21	12	0	2.953834e+02	67	0	5.831429e-01	3.933257e+01	2218	scram	scram_4.png
CEV	1	22	12	0	3.014984e+02	45	45	8.217143e-01	37	548	scram	scram_12.png
CEV	1	23	12	0	3.078016e+02	45	45	7.477143e-01	3.400914e+01	1066	scram	scram_3.png
CEV	1	24	12	0	3.155857e+02	61	61	6.352857e-01	3.890586e+01	1853	scram	scram_2.png
CEV	1	25	12	0	3.229061e+02	65	65	5.931429e-01	3.877943e+01	2148	scram	scram_11.png
CEV	1	26	12	0	3.292306e+02	69	69	5.662857e-01	3.926514e+01	2336	scram	scram_9.png
CEV	1	27	12	0	3.360748e+02	67	67	5.294286e-01	3.541171e+01	2594	scram	scram_5.png
CEV	1	28	12	0	3.436857e+02	73	73	5.132857e-01	3.751329e+01	2707	scram	scram_21.png
CEV	1	29	12	0	3.507993e+02	76	0	4.795714e-01	3.652043e+01	2943	scram	scram_20.png
CEV	1	30	12	0	3.585140e+02	74	0	5.078571e-01	3.750786e+01	2745	scram	scram_19.png
CEV	1	31	12	0	3.661150e+02	76	76	5.131429e-01	3.905257e+01	2708	scram	scram_10.png
CEV	1	32	12	0	3.727898e+02	74	0	5.192857e-01	3.855786e+01	2665	scram	scram_8.png
CEV	1	33	12	0	3.790096e+02	68	0	5.362857e-01	3.646371e+01	2546	scram	scram_6.png
CEV	1	34	12	0	3.855808e+02	63	63	5.504286e-01	3.479829e+01	2447	scram	scram_14.png
CEV	1	35	12	0	3.924689e+02	68	0	5.454286e-01	3.700000e+01	2482	scram	scram_15.png
CEV	1	36	12	0	3.991155e+02	70	70	5.572857e-01	3.922914e+01	2399	scram	scram_7.png
CEV	1	37	12	0	4.063091e+02	66	66	5.725714e-01	3.757257e+01	2292	scram	scram_4.png
CEV	1	38	12	0	4.143223e+02	94	94	3.732857e-01	3.513357e+01	3687	scram	scram_18.png
CEV	1	39	12	0	4.210827e+02	102	0	3.537143e-01	3.593886e+01	3824	scram	scram_16.png
CEV	1	40	12	0	4.295380e+02	94	0	3.834286e-01	3.623314e+01	3616	scram	scram_13.png
CEV	1	41	12	0	4.375224e+02	104	0	3.455714e-01	3.596329e+01	3881	scram	scram_1.png
CEV	1	42	12	0	4.449704e+02	87	0	4.142857e-01	3.617143e+01	3400	scram	scram_17.png
DEV	1	43	11	0	5.230172e+02	75	0	6.936606e-01	5.206519e+01	789	fear	fear_7.png
DEV	1	44	11	0	5.295877e+02	78	78	4.936239e-01	3.867048e+01	1825	fear	fear_13.png
DEV	1	45	11	0	5.368523e+02	77	0	4.146656e-01	3.213288e+01	2431	fear	fear_18.png
DEV	1	46	11	0	5.435609e+02	79	0	3.513824e-01	2.790390e+01	3094	fear	fear_16.png
DEV	1	47	11	0	5.509414e+02	83	0	3.219527e-01	2.683151e+01	3463	fear	fear_11.png
DEV	1	48	11	0	5.569380e+02	65	65	8.129702e-01	5.302715e+01	315	fear	fear_6.png
DEV	1	49	11	0	5.623358e+02	65	0	8.180639e-01	5.320481e+01	296	fear	fear_17.png
DEV	1	50	11	0	5.682759e+02	67	0	7.440830e-01	4.952167e+01	581	fear	fear_9.png
DEV	1	51	11	0	5.743311e+02	81	0	4.956016e-01	4.028663e+01	1812	fear	fear_10.png
DEV	1	52	11	0	5.804325e+02	67	67	7.640497e-01	5.112824e+01	502	fear	fear_21.png
DEV	1	53	11	0	5.871425e+02	67	67	8.113662e-01	5.459308e+01	321	fear	fear_12.png
DEV	1	54	11	0	5.935291e+02	71	0	7.226053e-01	5.145749e+01	668	fear	fear_15.png
DEV	1	55	11	0	6.003754e+02	71	71	6.478495e-01	4.621159e+01	991	fear	fear_2.png
DEV	1	56	11	0	6.066439e+02	72	72	5.972701e-01	4.280533e+01	1233	fear	fear_8.png
DEV	1	57	11	0	6.130049e+02	80	80	5.998658e-01	4.774980e+01	1220	fear	fear_1.png
DEV	1	58	11	0	6.199851e+02	77	77	5.601835e-01	4.292388e+01	1427	fear	fear_4.png
DEV	1	59	11	0	6.264743e+02	81	0	5.514829e-01	4.458620e+01	1475	fear	fear_20.png
DEV	1	60	11	0	6.335475e+02	77	77	5.211759e-01	3.993560e+01	1651	fear	fear_3.png
DEV	1	61	11	0	6.397605e+02	77	77	5.058416e-01	3.896098e+01	1746	fear	fear_14.png
DEV	1	62	11	0	6.463460e+02	76	76	4.815890e-01	3.643496e+01	1906	fear	fear_19.png
DEV	1	63	11	0	6.537933e+02	76	76	4.639649e-01	3.531897e+01	2031	fear	fear_5.png
DEV	1	64	11	0	6.606437e+02	79	79	4.185833e-01	3.322658e+01	2396	fear	fear_3.png
DEV	1	65	11	0	6.686764e+02	89	0	2.787638e-01	2.469667e+01	4019	fear	fear_1.png
DEV	1	66	11	0	6.766853e+02	81	0	4.059675e-01	3.277919e+01	2511	fear	fear_19.png
DEV	1	67	11	0	6.845474e+02	80	0	3.746240e-01	2.985186e+01	2828	fear	fear_7.png
DEV	1	68	11	0	6.921074e+02	79	79	4.385276e-01	3.456358e+01	2227	fear	fear_9.png
DEV	1	69	11	0	6.992940e+02	84	84	4.107080e-01	3.433741e+01	2467	fear	fear_16.png
DEV	1	70	11	0	7.071889e+02	78	0	4.034254e-01	3.139369e+01	2535	fear	fear_4.png
DEV	1	71	11	0	7.133129e+02	77	77	4.034254e-01	3.099027e+01	2535	fear	fear_10.png
DEV	1	72	11	0	7.191988e+02	82	0	5.126947e-01	4.196136e+01	1703	fear	fear_21.png
DEV	1	73	11	0	7.261688e+02	82	82	3.936513e-01	3.232163e+01	2630	fear	fear_17.png
DEV	1	74	11	0	7.329566e+02	78	78	3.883887e-01	3.039731e+01	2683	fear	fear_5.png
DEV	1	75	11	0	7.405633e+02	84	84	4.044809e-01	3.389020e+01	2525	fear	fear_6.png
DEV	1	76	11	0	7.488153e+02	76	76	3.969955e-01	3.017471e+01	2597	fear	fear_12.png
DEV	1	77	11	0	7.551441e+02	81	0	4.188093e-01	3.407943e+01	2394	fear	fear_20.png
DEV	1	78	11	0	7.622480e+02	82	0	4.023750e-01	3.293388e+01	2545	fear	fear_8.png
DEV	1	79	11	0	7.688639e+02	71	71	7.632836e-01	5.414913e+01	505	fear	fear_11.png
DEV	1	80	11	0	7.741205e+02	72	72	7.901925e-01	5.692526e+01	401	fear	fear_18.png
DEV	1	81	11	0	7.801853e+02	70	70	8.345616e-01	5.875770e+01	235	fear	fear_2.png
DEV	1	82	11	0	7.863762e+02	70	70	7.727746e-01	5.380867e+01	468	fear	fear_13.png
DEV	1	83	11	0	7.920996e+02	76	76	7.071589e-01	5.350950e+01	732	fear	fear_14.png
DEV	1	84	11	0	7.986920e+02	79	0	6.221733e-01	4.916186e+01	1111	fear	fear_15.png
IEV	1	85	10	0	8.725669e+02	21	21	8.825546e-01	1.818050e+01	756	happy	happy_19.png
IEV	1	86	10	0	8.790902e+02	31	31	8.196651e-01	2.519361e+01	1543	happy	happy_18.png
IEV	1	87	10	0	8.855310e+02	53	53	6.932043e-01	3.670915e+01	2417	happy	happy_12.png
IEV	1	88	10	0	8.938233e+02	73	0	6.060744e-01	4.417086e+01	2886	happy	happy_14.png
IEV	1	89	10	0	9.010971e+02	90	90	5.263837e-01	4.720983e+01	3281	happy	happy_17.png
IEV	1	90	10	0	9.080950e+02	94	0	5.172921e-01	4.868487e+01	3325	happy	happy_5.png
IEV	1	91	10	0	9.156084e+02	104	0	4.698349e-01	4.887014e+01	3553	happy	happy_8.png
IEV	1	92	10	0	9.216767e+02	21	21	8.978190e-01	1.896464e+01	268	happy	happy_13.png
IEV	1	93	10	0	9.295419e+02	87	0	5.352381e-01	4.677242e+01	3238	happy	happy_6.png
IEV	1	94	10	0	9.373437e+02	101	101	4.731771e-01	4.777256e+01	3537	happy	happy_15.png
IEV	1	95	10	0	9.451109e+02	110	110	4.535348e-01	5.004514e+01	3631	happy	happy_2.png
IEV	1	96	10	0	9.528947e+02	116	116	4.455940e-01	5.171582e+01	3669	happy	happy_7.png
IEV	1	97	10	0	9.604597e+02	109	109	4.495641e-01	4.886419e+01	3650	happy	happy_4.png
IEV	1	98	10	0	9.685294e+02	110	110	4.449672e-01	4.907023e+01	3672	happy	happy_10.png
IEV	1	99	10	0	9.764013e+02	110	0	4.493551e-01	4.932296e+01	3651	happy	happy_21.png
IEV	1	100	10	0	9.844367e+02	105	105	4.656562e-01	4.905764e+01	3573	happy	happy_20.png
IEV	1	101	10	0	9.926009e+02	115	0	4.516539e-01	5.193141e+01	3640	happy	happy_9.png
IEV	1	102	10	0	1.000827e+03	104	104	4.694171e-01	4.888897e+01	3555	happy	happy_16.png
IEV	1	103	10	0	1.008249e+03	101	101	4.767270e-01	4.808032e+01	3520	happy	happy_3.png
IEV	1	104	10	0	1.015401e+03	109	109	4.591778e-01	5.026321e+01	3604	happy	happy_11.png
IEV	1	105	10	0	1.023563e+03	112	0	4.501910e-01	5.063670e+01	3647	happy	happy_1.png
IEV	1	106	10	0	1.031073e+03	102	102	4.706706e-01	4.789109e+01	3549	happy	happy_21.png
IEV	1	107	10	0	1.039122e+03	107	107	4.589688e-01	4.889508e+01	3605	happy	happy_10.png
IEV	1	108	10	0	1.046659e+03	105	0	4.669100e-01	4.900157e+01	3567	happy	happy_8.png
IEV	1	109	10	0	1.051875e+03	16	16	8.844821e-01	1.432824e+01	715	happy	happy_1.png
IEV	1	110	10	0	1.059671e+03	106	106	4.767270e-01	5.046395e+01	3520	happy	happy_9.png
IEV	1	111	10	0	1.066750e+03	102	0	4.913278e-01	5.033445e+01	3450	happy	happy_11.png
IEV	1	112	10	0	1.074678e+03	107	0	4.639845e-01	4.959614e+01	3581	happy	happy_19.png
IEV	1	113	10	0	1.082154e+03	97	97	4.865339e-01	4.713016e+01	3473	happy	happy_2.png
IEV	1	114	10	0	1.090009e+03	110	0	4.687904e-01	5.172992e+01	3558	happy	happy_5.png
IEV	1	115	10	0	1.096939e+03	106	106	4.677457e-01	4.943185e+01	3563	happy	happy_6.png
IEV	1	116	10	0	1.104236e+03	103	0	4.767270e-01	4.903377e+01	3520	happy	happy_20.png
IEV	1	117	10	0	1.111188e+03	99	99	4.975743e-01	4.907328e+01	3420	happy	happy_13.png
IEV	1	118	10	0	1.118527e+03	94	0	5.019418e-01	4.737033e+01	3399	happy	happy_18.png
IEV	1	119	10	0	1.126235e+03	97	0	4.800669e-01	4.648332e+01	3504	happy	happy_7.png
IEV	1	120	10	0	1.133896e+03	102	0	4.929943e-01	5.026387e+01	3442	happy	happy_17.png
IEV	1	121	10	0	1.140599e+03	27	27	8.240772e-01	2.225701e+01	1503	happy	happy_4.png
IEV	1	122	10	0	1.147181e+03	41	41	7.485065e-01	3.100409e+01	2079	happy	happy_14.png
IEV	1	123	10	0	1.154514e+03	91	0	5.040200e-01	4.575754e+01	3389	happy	happy_3.png
IEV	1	124	10	0	1.162169e+03	72	0	5.781144e-01	4.164216e+01	3027	happy	happy_15.png
IEV	1	125	10	0	1.168923e+03	59	0	6.626545e-01	3.880973e+01	2588	happy	happy_12.png
IEV	1	126	10	0	1.175726e+03	19	0	8.969195e-01	1.735645e+01	321	happy	happy_16.png
CEVR	1	127	9	0	1.245319e+03	132	0	2.896444e-01	3.815858e+01	1829	fear	fear_10.png
CEVR	1	128	9	0	1.250635e+03	179	179	2.089721e-01	3.741794e+01	103	fear	fear_16.png
CEVR	1	129	9	0	1.256356e+03	167	0	2.156536e-01	3.592173e+01	295	fear	fear_2.png
CEVR	1	130	9	0	1.262046e+03	172	0	2.156536e-01	37	295	fear	fear_15.png
CEVR	1	131	9	0	1.267440e+03	182	0	2.074988e-01	3.783000e+01	59	fear	fear_21.png
CEVR	1	132	9	0	1.273839e+03	173	0	2.146172e-01	3.721462e+01	266	fear	fear_5.png
CEVR	1	133	9	0	1.280107e+03	154	0	2.443857e-01	3.773316e+01	1001	fear	fear_11.png
CEVR	1	134	9	0	1.287540e+03	121	121	2.976327e-01	3.610710e+01	1949	fear	fear_8.png
CEVR	1	135	9	0	1.294911e+03	115	115	3.329905e-01	3.833196e+01	2411	fear	fear_6.png
CEVR	1	136	9	0	1.301890e+03	121	121	3.047059e-01	37	2050	fear	fear_18.png
CEVR	1	137	9	0	1.309104e+03	126	0	3.053525e-01	3.852676e+01	2059	fear	fear_13.png
CEVR	1	138	9	0	1.315382e+03	115	0	3.207828e-01	37	2263	fear	fear_1.png
CEVR	1	139	9	0	1.322133e+03	148	0	2.432382e-01	3.602705e+01	976	fear	fear_3.png
CEVR	1	140	9	0	1.329065e+03	102	102	3.451493e-01	3.527425e+01	2548	fear	fear_20.png
CEVR	1	141	9	0	1.335583e+03	103	103	3.598222e-01	37	2701	fear	fear_17.png
CEVR	1	142	9	0	1.343434e+03	104	0	3.677932e-01	3.810338e+01	2779	fear	fear_19.png
CEVR	1	143	9	0	1.350146e+03	117	117	3.229426e-01	3.764589e+01	2290	fear	fear_12.png
CEVR	1	144	9	0	1.357591e+03	114	0	3.312020e-01	3.766240e+01	2390	fear	fear_7.png
CEVR	1	145	9	0	1.364001e+03	120	0	3.222997e-01	3.861150e+01	2282	fear	fear_9.png
CEVR	1	146	9	0	1.370752e+03	126	0	3.003247e-01	3.790097e+01	1988	fear	fear_4.png
CEVR	1	147	9	0	1.376692e+03	151	0	2.436959e-01	3.675630e+01	986	fear	fear_14.png
CEVR	1	148	9	0	1.384525e+03	103	103	3.455176e-01	3.561793e+01	2552	fear	fear_21.png
CEVR	1	149	9	0	1.391823e+03	101	0	3.545031e-01	3.593649e+01	2647	fear	fear_7.png
CEVR	1	150	9	0	1.399127e+03	112	0	3.384736e-01	3.801542e+01	2474	fear	fear_18.png
CEVR	1	151	9	0	1.405492e+03	141	0	2.551724e-01	3.597931e+01	1225	fear	fear_3.png
CEVR	1	152	9	0	1.413314e+03	80	80	4.638252e-01	3.700000e+01	3508	fear	fear_19.png
CEVR	1	153	9	0	1.420201e+03	90	0	4.222367e-01	3.784447e+01	3233	fear	fear_12.png
CEVR	1	154	9	0	1.427228e+03	106	0	3.416887e-01	3.631662e+01	2510	fear	fear_16.png
CEVR	1	155	9	0	1.433506e+03	111	0	3.182600e-01	3.540870e+01	2231	fear	fear_2.png
CEVR	1	156	9	0	1.440023e+03	106	106	3.408792e-01	3.597736e+01	2501	fear	fear_15.png
CEVR	1	157	9	0	1.447277e+03	110	110	3.326483e-01	3.666735e+01	2407	fear	fear_1.png
CEVR	1	158	9	0	1.454901e+03	113	0	3.276822e-01	3.700000e+01	2348	fear	fear_13.png
CEVR	1	159	9	0	1.462029e+03	113	0	3.414184e-01	3.870709e+01	2507	fear	fear_6.png
CEVR	1	160	9	0	1.469609e+03	106	0	3.363636e-01	3.565455e+01	2450	fear	fear_11.png
CEVR	1	161	9	0	1.476086e+03	109	0	3.333333e-01	3.633333e+01	2415	fear	fear_17.png
CEVR	1	162	9	0	1.483216e+03	118	0	3.126509e-01	37	2158	fear	fear_9.png
CEVR	1	163	9	0	1.489599e+03	150	0	2.456373e-01	3.675436e+01	1028	fear	fear_8.png
CEVR	1	164	9	0	1.497913e+03	83	0	4.372046e-01	3.612559e+01	3338	fear	fear_10.png
CEVR	1	165	9	0	1.505195e+03	100	0	3.764535e-01	3.775291e+01	2860	fear	fear_20.png
CEVR	1	166	9	0	1.511769e+03	124	0	3.044194e-01	3.760884e+01	2046	fear	fear_14.png
CEVR	1	167	9	0	1.517796e+03	138	138	2.621988e-01	3.621340e+01	1361	fear	fear_4.png
CEVR	1	168	9	0	1.525333e+03	147	147	2.601969e-01	3.830098e+01	1323	fear	fear_5.png
DEV	1	169	8	0	1.599102e+03	69	69	6.667358e-01	4.588143e+01	906	scram	scram_13.png
DEV	1	170	8	0	1.604812e+03	81	0	5.480908e-01	4.435963e+01	1494	scram	scram_11.png
DEV	1	171	8	0	1.612359e+03	77	77	4.494989e-01	3.439367e+01	2140	scram	scram_9.png
DEV	1	172	8	0	1.619633e+03	81	0	4.121288e-01	3.320285e+01	2454	scram	scram_16.png
DEV	1	173	8	0	1.627148e+03	79	0	3.658792e-01	2.888840e+01	2925	scram	scram_3.png
DEV	1	174	8	0	1.634432e+03	84	0	3.211032e-01	2.709029e+01	3474	scram	scram_10.png
DEV	1	175	8	0	1.640237e+03	66	66	8.307561e-01	5.445946e+01	249	scram	scram_20.png
DEV	1	176	8	0	1.646282e+03	71	71	7.589540e-01	5.394830e+01	522	scram	scram_4.png
DEV	1	177	8	0	1.653190e+03	75	75	6.642594e-01	4.974192e+01	917	scram	scram_17.png
DEV	1	178	8	0	1.659806e+03	76	0	5.440237e-01	4.136707e+01	1517	scram	scram_8.png
DEV	1	179	8	0	1.667518e+03	77	77	4.805720e-01	3.685148e+01	1913	scram	scram_19.png
DEV	1	180	8	0	1.674915e+03	80	80	4.549761e-01	3.656488e+01	2098	scram	scram_21.png
DEV	1	181	8	0	1.681654e+03	83	0	4.241876e-01	3.530052e+01	2347	scram	scram_15.png
DEV	1	182	8	0	1.688123e+03	82	82	4.452787e-01	3.634860e+01	2173	scram	scram_1.png
DEV	1	183	8	0	1.694976e+03	83	83	3.804960e-01	3.139270e+01	2765	scram	scram_12.png
DEV	1	184	8	0	1.702003e+03	86	0	3.670317e-01	3.153542e+01	2912	scram	scram_7.png
DEV	1	185	8	0	1.710253e+03	86	86	3.452801e-01	2.955768e+01	3168	scram	scram_14.png
DEV	1	186	8	0	1.717066e+03	84	84	3.362672e-01	2.820958e+01	3280	scram	scram_2.png
DEV	1	187	8	0	1.723962e+03	81	81	3.566879e-01	2.897886e+01	3031	scram	scram_18.png
DEV	1	188	8	0	1.730778e+03	78	78	3.900625e-01	3.050866e+01	2666	scram	scram_5.png
DEV	1	189	8	0	1.737844e+03	78	78	4.738365e-01	3.689329e+01	1960	scram	scram_6.png
DEV	1	190	8	0	1.744997e+03	84	0	3.284743e-01	2.763654e+01	3379	scram	scram_8.png
DEV	1	191	8	0	1.751187e+03	79	0	5.614680e-01	4.412673e+01	1420	scram	scram_7.png
DEV	1	192	8	0	1.757915e+03	80	80	4.753984e-01	3.794600e+01	1949	scram	scram_15.png
DEV	1	193	8	0	1.764441e+03	74	74	5.133395e-01	3.789887e+01	1699	scram	scram_16.png
DEV	1	194	8	0	1.771767e+03	80	0	4.319639e-01	3.455717e+01	2281	scram	scram_2.png
DEV	1	195	8	0	1.778925e+03	81	0	3.792712e-01	3.054731e+01	2778	scram	scram_18.png
DEV	1	196	8	0	1.786142e+03	84	0	3.509659e-01	2.963027e+01	3099	scram	scram_3.png
DEV	1	197	8	0	1.793045e+03	83	0	3.226484e-01	2.688251e+01	3454	scram	scram_6.png
DEV	1	198	8	0	1.798875e+03	67	67	7.548973e-01	5.073855e+01	538	scram	scram_20.png
DEV	1	199	8	0	1.806244e+03	79	79	6.006672e-01	4.720040e+01	1216	scram	scram_13.png
DEV	1	200	8	0	1.813001e+03	73	73	5.634947e-01	4.087573e+01	1409	scram	scram_9.png
DEV	1	201	8	0	1.819190e+03	74	74	5.283509e-01	3.933117e+01	1608	scram	scram_5.png
DEV	1	202	8	0	1.826431e+03	77	0	5.088519e-01	3.915316e+01	1727	scram	scram_11.png
DEV	1	203	8	0	1.833400e+03	80	0	4.464224e-01	3.553511e+01	2164	scram	scram_19.png
DEV	1	204	8	0	1.840008e+03	69	0	8.218309e-01	5.662079e+01	282	scram	scram_4.png
DEV	1	205	8	0	1.847746e+03	82	0	3.835413e-01	3.160837e+01	2733	scram	scram_1.png
DEV	1	206	8	0	1.855034e+03	79	0	3.721552e-01	2.931135e+01	2855	scram	scram_14.png
DEV	1	207	8	0	1.861864e+03	73	0	6.132571e-01	4.492170e+01	1154	scram	scram_10.png
DEV	1	208	8	0	1.868301e+03	78	78	5.841127e-01	4.556607e+01	1300	scram	scram_21.png
DEV	1	209	8	0	1.874749e+03	75	75	5.433208e-01	4.078010e+01	1521	scram	scram_12.png
DEV	1	210	8	0	1.881664e+03	79	0	5.429698e-01	4.293052e+01	1523	scram	scram_17.png
CEVR	1	211	7	0	1.952315e+03	147	0	2.486082e-01	3.650278e+01	1091	happy	happy_21.png
CEVR	1	212	7	0	1.958770e+03	114	114	3.295165e-01	3.765903e+01	2370	happy	happy_16.png
CEVR	1	213	7	0	1.965803e+03	108	0	3.449654e-01	3.734497e+01	2546	happy	happy_9.png
CEVR	1	214	7	0	1.972162e+03	117	117	3.271854e-01	3.830874e+01	2342	happy	happy_10.png
CEVR	1	215	7	0	1.978844e+03	156	0	2.369191e-01	37	834	happy	happy_8.png
CEVR	1	216	7	0	1.986030e+03	112	0	3.312020e-01	3.700000e+01	2390	happy	happy_7.png
CEVR	1	217	7	0	1.993048e+03	126	0	2.894502e-01	3.642110e+01	1826	happy	happy_13.png
CEVR	1	218	7	0	2.000533e+03	89	89	4.169350e-01	37	3194	happy	happy_14.png
CEVR	1	219	7	0	2.008193e+03	74	0	4.806978e-01	3.555791e+01	3606	happy	happy_17.png
CEVR	1	220	7	0	2.016136e+03	112	112	3.290978e-01	37	2365	happy	happy_20.png
CEVR	1	221	7	0	2.022496e+03	109	0	3.318811e-01	3.633624e+01	2398	happy	happy_6.png
CEVR	1	222	7	0	2.028942e+03	111	0	3.247242e-01	3.602583e+01	2312	happy	happy_1.png
CEVR	1	223	7	0	2.035720e+03	160	0	2.272727e-01	3.631818e+01	602	happy	happy_19.png
CEVR	1	224	7	0	2.041482e+03	140	0	2.612467e-01	3.647751e+01	1343	happy	happy_2.png
CEVR	1	225	7	0	2.048615e+03	122	122	2.957972e-01	3.611261e+01	1922	happy	happy_11.png
CEVR	1	226	7	0	2.056386e+03	119	0	3.014432e-01	3.579423e+01	2004	happy	happy_3.png
CEVR	1	227	7	0	2.063342e+03	131	0	2.863144e-01	3.757263e+01	1777	happy	happy_5.png
CEVR	1	228	7	0	2.070009e+03	117	0	3.122739e-01	3.668773e+01	2153	happy	happy_12.png
CEVR	1	229	7	0	2.075603e+03	139	0	2.680604e-01	3.726806e+01	1469	happy	happy_18.png
CEVR	1	230	7	0	2.082481e+03	123	0	3.027115e-01	3.730271e+01	2022	happy	happy_4.png
CEVR	1	231	7	0	2.089901e+03	101	0	3.568476e-01	3.592946e+01	2671	happy	happy_15.png
CEVR	1	232	7	0	2.096471e+03	167	167	2.177569e-01	3.634673e+01	353	happy	happy_20.png
CEVR	1	233	7	0	2.102769e+03	173	0	2.146883e-01	3.721469e+01	268	happy	happy_15.png
CEVR	1	234	7	0	2.108759e+03	168	0	2.206885e-01	37	432	happy	happy_2.png
CEVR	1	235	7	0	2.114804e+03	173	0	2.172090e-01	3.765163e+01	338	happy	happy_8.png
CEVR	1	236	7	0	2.122549e+03	97	0	3.880731e-01	3.777615e+01	2963	happy	happy_18.png
CEVR	1	237	7	0	2.129465e+03	154	0	2.458238e-01	3.773747e+01	1032	happy	happy_21.png
CEVR	1	238	7	0	2.135751e+03	132	0	2.752976e-01	3.644940e+01	1596	happy	happy_12.png
CEVR	1	239	7	0	2.142454e+03	145	0	2.578141e-01	3.725781e+01	1277	happy	happy_4.png
CEVR	1	240	7	0	2.148449e+03	177	0	2.139788e-01	3.785592e+01	248	happy	happy_13.png
CEVR	1	241	7	0	2.156009e+03	93	93	3.885389e-01	3.622292e+01	2967	happy	happy_19.png
CEVR	1	242	7	0	2.163383e+03	99	0	3.878407e-01	3.855136e+01	2961	happy	happy_11.png
CEVR	1	243	7	0	2.170008e+03	108	0	3.432282e-01	3.700000e+01	2527	happy	happy_16.png
CEVR	1	244	7	0	2.177243e+03	85	0	4.329656e-01	37	3309	happy	happy_6.png
CEVR	1	245	7	0	2.184271e+03	120	0	3.088481e-01	37	2107	happy	happy_17.png
CEVR	1	246	7	0	2.189827e+03	170	0	2.176105e-01	3.700000e+01	349	happy	happy_14.png
CEVR	1	247	7	0	2.196793e+03	149	149	2.430556e-01	3.627083e+01	972	happy	happy_7.png
CEVR	1	248	7	0	2.203196e+03	147	147	2.453116e-01	3.601875e+01	1021	happy	happy_9.png
CEVR	1	249	7	0	2.209001e+03	149	0	2.474680e-01	3.675253e+01	1067	happy	happy_1.png
CEVR	1	250	7	0	2.216041e+03	153	0	2.410199e-01	3.675898e+01	927	happy	happy_10.png
CEVR	1	251	7	0	2.222733e+03	139	0	2.675620e-01	3.726756e+01	1460	happy	happy_3.png
CEVR	1	252	7	0	2.229777e+03	134	0	2.849912e-01	3.813996e+01	1756	happy	happy_5.png
#29-Jul-2013
IEV	2	253	6	0	1.346938e+02	32	32	8.290956e-01	2.667724e+01	1456	scram	scram_3.png
IEV	2	254	6	0	1.405307e+02	16	16	8.966147e-01	1.472972e+01	337	scram	scram_17.png
IEV	2	255	6	0	1.468642e+02	70	70	5.970246e-01	4.168730e+01	2932	scram	scram_18.png
IEV	2	256	6	0	1.543559e+02	96	96	4.913278e-01	4.738648e+01	3450	scram	scram_2.png
IEV	2	257	6	0	1.625137e+02	108	108	4.702528e-01	5.073231e+01	3551	scram	scram_13.png
IEV	2	258	6	0	1.693767e+02	108	108	4.729682e-01	5.109324e+01	3538	scram	scram_9.png
IEV	2	259	6	0	1.775740e+02	130	130	4.091113e-01	5.306027e+01	3844	scram	scram_8.png
IEV	2	260	6	0	1.856720e+02	127	0	4.153492e-01	5.283967e+01	3814	scram	scram_7.png
IEV	2	261	6	0	1.937265e+02	102	102	4.767270e-01	4.855704e+01	3520	scram	scram_4.png
IEV	2	262	6	0	2.017990e+02	112	0	4.581328e-01	5.122332e+01	3609	scram	scram_14.png
IEV	2	263	6	0	2.089941e+02	95	0	4.950767e-01	4.720482e+01	3432	scram	scram_12.png
IEV	2	264	6	0	2.153136e+02	16	16	8.988785e-01	1.425531e+01	187	scram	scram_1.png
IEV	2	265	6	0	2.226538e+02	60	60	6.710247e-01	4.026136e+01	2542	scram	scram_10.png
IEV	2	266	6	0	2.294902e+02	83	0	5.652245e-01	4.692333e+01	3091	scram	scram_16.png
IEV	2	267	6	0	2.367631e+02	94	0	5.063047e-01	4.766465e+01	3378	scram	scram_20.png
IEV	2	268	6	0	2.428845e+02	25	25	8.649201e-01	2.161691e+01	1050	scram	scram_11.png
IEV	2	269	6	0	2.486627e+02	29	29	8.172971e-01	2.380469e+01	1564	scram	scram_21.png
IEV	2	270	6	0	2.562880e+02	50	0	7.206131e-01	3.613644e+01	2255	scram	scram_6.png
IEV	2	271	6	0	2.637028e+02	65	65	6.435372e-01	4.198518e+01	2691	scram	scram_5.png
IEV	2	272	6	0	2.713723e+02	67	67	6.210504e-01	4.145554e+01	2809	scram	scram_19.png
IEV	2	273	6	0	2.795810e+02	73	73	5.726902e-01	4.196402e+01	3054	scram	scram_15.png
IEV	2	274	6	0	2.877841e+02	90	90	5.284457e-01	4.763716e+01	3271	scram	scram_12.png
IEV	2	275	6	0	2.955135e+02	109	0	4.481013e-01	4.892998e+01	3657	scram	scram_14.png
IEV	2	276	6	0	3.031813e+02	100	100	4.725505e-01	4.732970e+01	3540	scram	scram_18.png
IEV	2	277	6	0	3.118962e+02	104	0	4.867424e-01	5.052718e+01	3472	scram	scram_6.png
IEV	2	278	6	0	3.188589e+02	68	0	6.361710e-01	4.306552e+01	2730	scram	scram_4.png
IEV	2	279	6	0	3.247955e+02	24	24	8.723162e-01	2.060173e+01	940	scram	scram_7.png
IEV	2	280	6	0	3.326941e+02	88	0	5.454904e-01	4.789185e+01	3188	scram	scram_5.png
IEV	2	281	6	0	3.381269e+02	12	12	8.978497e-01	1.087765e+01	266	scram	scram_8.png
IEV	2	282	6	0	3.452255e+02	42	0	7.609283e-01	3.223134e+01	1996	scram	scram_17.png
IEV	2	283	6	0	3.518007e+02	57	57	6.693955e-01	3.835837e+01	2551	scram	scram_15.png
IEV	2	284	6	0	3.599116e+02	103	103	4.859084e-01	5.007610e+01	3476	scram	scram_13.png
IEV	2	285	6	0	3.676986e+02	106	0	4.673278e-01	4.945017e+01	3565	scram	scram_3.png
IEV	2	286	6	0	3.752555e+02	95	0	5.079655e-01	4.809307e+01	3370	scram	scram_9.png
IEV	2	287	6	0	3.826223e+02	107	0	4.694171e-01	5.029722e+01	3555	scram	scram_10.png
IEV	2	288	6	0	3.893547e+02	45	45	7.189677e-01	3.266297e+01	2265	scram	scram_11.png
IEV	2	289	6	0	3.965313e+02	62	0	6.237487e-01	3.879591e+01	2795	scram	scram_16.png
IEV	2	290	6	0	4.026127e+02	35	35	8.126884e-01	2.834870e+01	1604	scram	scram_21.png
IEV	2	291	6	0	4.102045e+02	87	0	5.467173e-01	4.783289e+01	3182	scram	scram_19.png
IEV	2	292	6	0	4.179102e+02	100	0	4.977824e-01	4.956172e+01	3419	scram	scram_20.png
IEV	2	293	6	0	4.257688e+02	122	0	4.322296e-01	5.265578e+01	3733	scram	scram_2.png
IEV	2	294	6	0	4.321646e+02	16	16	8.792374e-01	1.430657e+01	821	scram	scram_1.png
CEV	2	295	5	0	5.011733e+02	53	53	7.537143e-01	4.001486e+01	1024	happy	happy_14.png
CEV	2	296	5	0	5.062316e+02	46	46	8.541429e-01	3.956243e+01	321	happy	happy_20.png
CEV	2	297	5	0	5.117346e+02	47	47	8.047143e-01	3.780471e+01	667	happy	happy_1.png
CEV	2	298	5	0	5.180114e+02	52	52	6.438571e-01	3.378071e+01	1793	happy	happy_10.png
CEV	2	299	5	0	5.259556e+02	71	71	5.142857e-01	3.648571e+01	2700	happy	happy_8.png
CEV	2	300	5	0	5.332137e+02	78	78	4.761429e-01	37	2967	happy	happy_21.png
CEV	2	301	5	0	5.408518e+02	76	76	4.617143e-01	3.515314e+01	3068	happy	happy_16.png
CEV	2	302	5	0	5.480563e+02	86	86	4.120000e-01	3.535200e+01	3416	happy	happy_6.png
CEV	2	303	5	0	5.560320e+02	91	0	3.857143e-01	3.507143e+01	3600	happy	happy_19.png
CEV	2	304	5	0	5.630581e+02	44	44	8.077143e-01	3.538457e+01	646	happy	happy_4.png
CEV	2	305	5	0	5.708717e+02	74	74	5.168571e-01	3.803371e+01	2682	happy	happy_11.png
CEV	2	306	5	0	5.780011e+02	72	72	5.174286e-01	3.700000e+01	2678	happy	happy_12.png
CEV	2	307	5	0	5.847782e+02	73	0	4.787143e-01	3.508514e+01	2949	happy	happy_13.png
CEV	2	308	5	0	5.924585e+02	94	0	4.125714e-01	3.865029e+01	3412	happy	happy_2.png
CEV	2	309	5	0	5.989823e+02	59	59	6.042857e-01	3.579143e+01	2070	happy	happy_5.png
CEV	2	310	5	0	6.066538e+02	66	0	5.668571e-01	3.756686e+01	2332	happy	happy_3.png
CEV	2	311	5	0	6.131711e+02	57	57	6.400000e-01	3.636000e+01	1820	happy	happy_17.png
CEV	2	312	5	0	6.207856e+02	75	75	5.222857e-01	3.908914e+01	2644	happy	happy_15.png
CEV	2	313	5	0	6.272210e+02	71	71	4.912857e-01	3.503486e+01	2861	happy	happy_18.png
CEV	2	314	5	0	6.342759e+02	78	0	4.571429e-01	3.562857e+01	3100	happy	happy_7.png
CEV	2	315	5	0	6.408617e+02	67	67	5.571429e-01	3.755714e+01	2400	happy	happy_9.png
CEV	2	316	5	0	6.484062e+02	77	0	5.094286e-01	3.903771e+01	2734	happy	happy_21.png
CEV	2	317	5	0	6.558642e+02	95	95	3.994286e-01	3.779886e+01	3504	happy	happy_10.png
CEV	2	318	5	0	6.635802e+02	101	0	3.820000e-01	3.852800e+01	3626	happy	happy_16.png
CEV	2	319	5	0	6.713284e+02	97	0	4.020000e-01	3.901000e+01	3486	happy	happy_14.png
CEV	2	320	5	0	6.777308e+02	58	58	6.722857e-01	3.901686e+01	1594	happy	happy_1.png
CEV	2	321	5	0	6.850014e+02	62	62	5.718571e-01	3.528443e+01	2297	happy	happy_5.png
CEV	2	322	5	0	6.933834e+02	69	69	5.045714e-01	3.498171e+01	2768	happy	happy_4.png
CEV	2	323	5	0	7.006476e+02	85	85	4.567143e-01	3.882686e+01	3103	happy	happy_2.png
CEV	2	324	5	0	7.086460e+02	82	82	4.408571e-01	3.611829e+01	3214	happy	happy_6.png
CEV	2	325	5	0	7.164972e+02	92	0	4.025714e-01	37	3482	happy	happy_17.png
CEV	2	326	5	0	7.233020e+02	84	0	4.148571e-01	3.492571e+01	3396	happy	happy_9.png
CEV	2	327	5	0	7.308825e+02	80	0	4.700000e-01	3.747000e+01	3010	happy	happy_20.png
CEV	2	328	5	0	7.388539e+02	71	71	5.102857e-01	3.597943e+01	2728	happy	happy_3.png
CEV	2	329	5	0	7.458964e+02	71	71	4.904286e-01	3.503829e+01	2867	happy	happy_7.png
CEV	2	330	5	0	7.527879e+02	85	85	4.474286e-01	3.789486e+01	3168	happy	happy_12.png
CEV	2	331	5	0	7.613067e+02	90	90	4.304286e-01	3.872171e+01	3287	happy	happy_11.png
CEV	2	332	5	0	7.682840e+02	94	0	4.154286e-01	3.907714e+01	3392	happy	happy_8.png
CEV	2	333	5	0	7.755815e+02	62	0	6.144286e-01	3.822886e+01	1999	happy	happy_13.png
CEV	2	334	5	0	7.825126e+02	47	47	7.502857e-01	3.549943e+01	1048	happy	happy_18.png
CEV	2	335	5	0	7.898914e+02	94	0	3.948571e-01	3.700000e+01	3536	happy	happy_15.png
CEV	2	336	5	0	7.961059e+02	48	48	8.134286e-01	3.944029e+01	606	happy	happy_19.png
CEVR	2	337	4	0	8.667012e+02	154	0	2.349846e-01	3.629505e+01	789	scram	scram_12.png
CEVR	2	338	4	0	8.725634e+02	168	0	2.146527e-01	3.614139e+01	267	scram	scram_20.png
CEVR	2	339	4	0	8.804765e+02	121	121	3.015836e-01	3.639683e+01	2006	scram	scram_6.png
CEVR	2	340	4	0	8.871210e+02	118	0	3.061466e-01	3.608156e+01	2070	scram	scram_17.png
CEVR	2	341	4	0	8.941159e+02	124	0	3.029240e-01	3.760585e+01	2025	scram	scram_19.png
CEVR	2	342	4	0	9.005700e+02	130	130	2.937174e-01	3.817487e+01	1891	scram	scram_14.png
CEVR	2	343	4	0	9.077688e+02	131	0	2.859982e-01	3.757200e+01	1772	scram	scram_3.png
CEVR	2	344	4	0	9.142348e+02	125	125	2.975643e-01	3.729756e+01	1948	scram	scram_13.png
CEVR	2	345	4	0	9.207934e+02	125	0	2.976327e-01	3.729763e+01	1949	scram	scram_7.png
CEVR	2	346	4	0	9.273053e+02	119	119	3.015134e-01	3.579395e+01	2005	scram	scram_2.png
CEVR	2	347	4	0	9.343041e+02	122	122	3.140917e-01	3.825637e+01	2177	scram	scram_11.png
CEVR	2	348	4	0	9.419762e+02	99	99	3.620352e-01	3.591389e+01	2723	scram	scram_18.png
CEVR	2	349	4	0	9.489610e+02	93	93	3.932584e-01	3.660674e+01	3007	scram	scram_21.png
CEVR	2	350	4	0	9.565613e+02	92	92	4.219616e-01	3.868785e+01	3231	scram	scram_10.png
CEVR	2	351	4	0	9.636828e+02	73	73	4.801631e-01	3.507935e+01	3603	scram	scram_9.png
CEVR	2	352	4	0	9.703544e+02	95	95	3.907664e-01	37	2986	scram	scram_5.png
CEVR	2	353	4	0	9.776291e+02	94	94	4.149311e-01	3.907466e+01	3179	scram	scram_1.png
CEVR	2	354	4	0	9.855712e+02	85	85	4.264076e-01	3.614718e+01	3263	scram	scram_4.png
CEVR	2	355	4	0	9.924899e+02	103	103	3.513294e-01	3.629734e+01	2614	scram	scram_8.png
CEVR	2	356	4	0	1.000268e+03	108	0	3.435013e-01	37	2530	scram	scram_15.png
CEVR	2	357	4	0	1.008263e+03	91	91	4.089043e-01	3.740890e+01	3133	scram	scram_16.png
CEVR	2	358	4	0	1.016128e+03	93	0	3.829095e-01	3.546836e+01	2918	scram	scram_6.png
CEVR	2	359	4	0	1.023932e+03	109	0	3.516155e-01	3.840646e+01	2617	scram	scram_7.png
CEVR	2	360	4	0	1.030902e+03	87	0	4.086463e-01	3.536541e+01	3131	scram	scram_1.png
CEVR	2	361	4	0	1.038153e+03	124	0	2.927877e-01	3.641442e+01	1877	scram	scram_16.png
CEVR	2	362	4	0	1.044426e+03	167	167	2.241260e-01	3.744825e+01	522	scram	scram_15.png
CEVR	2	363	4	0	1.050206e+03	160	0	2.245924e-01	3.587704e+01	534	scram	scram_10.png
CEVR	2	364	4	0	1.056248e+03	173	0	2.154384e-01	3.721544e+01	289	scram	scram_18.png
CEVR	2	365	4	0	1.062324e+03	171	0	2.186392e-01	3.743728e+01	377	scram	scram_8.png
CEVR	2	366	4	0	1.068488e+03	156	0	2.421013e-01	3.772630e+01	951	scram	scram_13.png
CEVR	2	367	4	0	1.075855e+03	127	0	2.948543e-01	3.758971e+01	1908	scram	scram_20.png
CEVR	2	368	4	0	1.082687e+03	167	167	2.206133e-01	3.677939e+01	430	scram	scram_12.png
CEVR	2	369	4	0	1.089093e+03	166	0	2.265174e-01	3.767955e+01	583	scram	scram_17.png
CEVR	2	370	4	0	1.096003e+03	113	0	3.313715e-01	3.733137e+01	2392	scram	scram_14.png
CEVR	2	371	4	0	1.102965e+03	93	93	3.827963e-01	3.546881e+01	2917	scram	scram_3.png
CEVR	2	372	4	0	1.110173e+03	95	0	3.902954e-01	37	2982	scram	scram_21.png
CEVR	2	373	4	0	1.116570e+03	168	0	2.257277e-01	3.790291e+01	563	scram	scram_5.png
CEVR	2	374	4	0	1.123006e+03	107	107	3.536319e-01	3.770726e+01	2638	scram	scram_19.png
CEVR	2	375	4	0	1.129204e+03	159	159	2.270337e-01	3.609187e+01	596	scram	scram_9.png
CEVR	2	376	4	0	1.136887e+03	105	0	3.614290e-01	3.808429e+01	2717	scram	scram_4.png
CEVR	2	377	4	0	1.142752e+03	166	166	2.252958e-01	3.745059e+01	552	scram	scram_2.png
CEVR	2	378	4	0	1.148783e+03	164	164	2.285160e-01	3.745703e+01	633	scram	scram_11.png
IEV	2	379	3	0	1.232280e+03	15	15	8.890391e-01	1.352886e+01	605	fear	fear_17.png
IEV	2	380	3	0	1.238728e+03	25	25	8.451927e-01	2.152331e+01	1292	fear	fear_9.png
IEV	2	381	3	0	1.246185e+03	45	45	7.485065e-01	3.399812e+01	2079	fear	fear_11.png
IEV	2	382	3	0	1.251612e+03	20	20	8.938417e-01	1.797579e+01	456	fear	fear_12.png
IEV	2	383	3	0	1.258702e+03	68	0	6.237487e-01	4.253840e+01	2795	fear	fear_8.png
IEV	2	384	3	0	1.266413e+03	58	58	6.870804e-01	3.989014e+01	2452	fear	fear_10.png
IEV	2	385	3	0	1.274044e+03	75	75	5.787158e-01	4.334241e+01	3024	fear	fear_14.png
IEV	2	386	3	0	1.281662e+03	89	0	5.319472e-01	4.746792e+01	3254	fear	fear_4.png
IEV	2	387	3	0	1.287129e+03	20	20	8.972960e-01	1.817543e+01	300	fear	fear_21.png
IEV	2	388	3	0	1.294251e+03	19	19	8.764644e-01	1.649405e+01	871	fear	fear_2.png
IEV	2	389	3	0	1.301288e+03	46	46	7.507872e-01	3.456687e+01	2064	fear	fear_18.png
IEV	2	390	3	0	1.308839e+03	62	62	6.418433e-01	3.952059e+01	2700	fear	fear_6.png
IEV	2	391	3	0	1.315164e+03	64	0	6.204712e-01	3.962935e+01	2812	fear	fear_7.png
IEV	2	392	3	0	1.321943e+03	29	29	8.371248e-01	2.413732e+01	1377	fear	fear_5.png
IEV	2	393	3	0	1.330430e+03	109	109	4.654473e-01	5.092876e+01	3574	fear	fear_15.png
IEV	2	394	3	0	1.338342e+03	123	123	4.141009e-01	5.081362e+01	3820	fear	fear_13.png
IEV	2	395	3	0	1.345581e+03	126	126	4.105660e-01	5.177747e+01	3837	fear	fear_20.png
IEV	2	396	3	0	1.353627e+03	131	131	3.970793e-01	5.188670e+01	3902	fear	fear_1.png
IEV	2	397	3	0	1.361274e+03	124	0	4.064111e-01	5.030970e+01	3857	fear	fear_19.png
IEV	2	398	3	0	1.367834e+03	17	17	8.915188e-01	1.484986e+01	534	fear	fear_3.png
IEV	2	399	3	0	1.374933e+03	45	45	7.661635e-01	3.485586e+01	1960	fear	fear_16.png
IEV	2	400	3	0	1.382552e+03	114	0	4.489372e-01	5.113710e+01	3653	fear	fear_10.png
IEV	2	401	3	0	1.390970e+03	67	0	6.166007e-01	4.110842e+01	2832	fear	fear_15.png
IEV	2	402	3	0	1.397218e+03	21	0	8.601679e-01	1.793571e+01	1114	fear	fear_7.png
IEV	2	403	3	0	1.403769e+03	40	40	7.509387e-01	3.004926e+01	2063	fear	fear_6.png
IEV	2	404	3	0	1.411449e+03	124	0	4.249297e-01	5.249343e+01	3768	fear	fear_21.png
IEV	2	405	3	0	1.418654e+03	121	121	4.313949e-01	5.225468e+01	3737	fear	fear_20.png
IEV	2	406	3	0	1.426197e+03	128	128	4.018458e-01	5.130317e+01	3879	fear	fear_3.png
IEV	2	407	3	0	1.434435e+03	128	0	4.107738e-01	5.259107e+01	3836	fear	fear_1.png
IEV	2	408	3	0	1.442076e+03	71	0	6.029350e-01	4.253717e+01	2902	fear	fear_18.png
IEV	2	409	3	0	1.447791e+03	26	26	8.310732e-01	2.148077e+01	1437	fear	fear_9.png
IEV	2	410	3	0	1.453831e+03	20	20	8.975158e-01	1.812980e+01	287	fear	fear_2.png
IEV	2	411	3	0	1.461164e+03	51	51	6.812439e-01	3.482365e+01	2485	fear	fear_16.png
IEV	2	412	3	0	1.468466e+03	92	92	5.011103e-01	4.590718e+01	3403	fear	fear_14.png
IEV	2	413	3	0	1.476597e+03	112	0	4.462208e-01	4.990669e+01	3666	fear	fear_11.png
IEV	2	414	3	0	1.482666e+03	33	33	8.249441e-01	2.711179e+01	1495	fear	fear_8.png
IEV	2	415	3	0	1.490221e+03	99	0	4.769358e-01	4.711668e+01	3519	fear	fear_19.png
IEV	2	416	3	0	1.497832e+03	119	119	4.174304e-01	4.984321e+01	3804	fear	fear_13.png
IEV	2	417	3	0	1.505295e+03	126	126	4.014310e-01	5.051662e+01	3881	fear	fear_5.png
IEV	2	418	3	0	1.513264e+03	128	128	3.991508e-01	5.100971e+01	3892	fear	fear_17.png
IEV	2	419	3	0	1.521353e+03	133	133	3.896328e-01	5.177646e+01	3938	fear	fear_12.png
IEV	2	420	3	0	1.529576e+03	135	135	3.819992e-01	5.168291e+01	3975	fear	fear_4.png
DEV	2	421	2	0	1.598592e+03	77	0	6.936606e-01	5.345251e+01	789	happy	happy_6.png
DEV	2	422	2	0	1.605570e+03	70	70	8.116334e-01	5.703800e+01	320	happy	happy_14.png
DEV	2	423	2	0	1.611923e+03	74	74	5.543622e-01	4.089752e+01	1459	happy	happy_4.png
DEV	2	424	2	0	1.618971e+03	84	0	4.340104e-01	3.643211e+01	2264	happy	happy_9.png
DEV	2	425	2	0	1.624995e+03	75	75	6.456655e-01	4.867654e+01	1001	happy	happy_21.png
DEV	2	426	2	0	1.631651e+03	71	71	6.765075e-01	4.772329e+01	863	happy	happy_8.png
DEV	2	427	2	0	1.639887e+03	87	87	3.520502e-01	3.076590e+01	3086	happy	happy_1.png
DEV	2	428	2	0	1.647717e+03	81	0	3.214892e-01	2.615453e+01	3469	happy	happy_12.png
DEV	2	429	2	0	1.655448e+03	80	0	2.908858e-01	2.334764e+01	3866	happy	happy_15.png
DEV	2	430	2	0	1.663807e+03	84	0	2.798883e-01	2.338853e+01	4005	happy	happy_5.png
DEV	2	431	2	0	1.670562e+03	76	0	5.472030e-01	4.156421e+01	1499	happy	happy_13.png
DEV	2	432	2	0	1.676502e+03	66	66	8.207534e-01	5.411766e+01	286	happy	happy_16.png
DEV	2	433	2	0	1.683018e+03	67	67	7.823571e-01	5.265934e+01	431	happy	happy_11.png
DEV	2	434	2	0	1.688712e+03	77	77	6.957755e-01	5.357330e+01	780	happy	happy_19.png
DEV	2	435	2	0	1.694826e+03	77	77	6.398087e-01	4.897556e+01	1028	happy	happy_20.png
DEV	2	436	2	0	1.701739e+03	77	0	5.636794e-01	4.314117e+01	1408	happy	happy_10.png
DEV	2	437	2	0	1.709184e+03	80	80	4.548443e-01	3.655591e+01	2099	happy	happy_18.png
DEV	2	438	2	0	1.716234e+03	79	0	4.124580e-01	3.240054e+01	2451	happy	happy_3.png
DEV	2	439	2	0	1.723886e+03	81	81	3.704342e-01	2.993642e+01	2874	happy	happy_7.png
DEV	2	440	2	0	1.730742e+03	83	0	3.664104e-01	3.038991e+01	2919	happy	happy_17.png
DEV	2	441	2	0	1.738060e+03	82	0	3.236545e-01	2.663254e+01	3441	happy	happy_2.png
DEV	2	442	2	0	1.744519e+03	73	73	5.438478e-01	3.972461e+01	1518	happy	happy_18.png
DEV	2	443	2	0	1.752389e+03	77	77	4.766829e-01	3.660226e+01	1940	happy	happy_19.png
DEV	2	444	2	0	1.759161e+03	82	0	4.313654e-01	3.537925e+01	2286	happy	happy_3.png
DEV	2	445	2	0	1.764474e+03	74	74	7.870513e-01	5.835839e+01	413	happy	happy_20.png
DEV	2	446	2	0	1.770209e+03	66	66	8.272325e-01	5.434102e+01	262	happy	happy_15.png
DEV	2	447	2	0	1.777044e+03	75	0	7.358722e-01	5.504936e+01	614	happy	happy_12.png
DEV	2	448	2	0	1.785030e+03	83	83	4.060741e-01	3.359868e+01	2510	happy	happy_6.png
DEV	2	449	2	0	1.791481e+03	83	0	3.873127e-01	3.226224e+01	2694	happy	happy_16.png
DEV	2	450	2	0	1.797937e+03	75	75	5.112484e-01	3.828336e+01	1712	happy	happy_14.png
DEV	2	451	2	0	1.805447e+03	85	85	3.605469e-01	3.069082e+01	2986	happy	happy_10.png
DEV	2	452	2	0	1.812235e+03	80	0	3.466706e-01	2.758142e+01	3151	happy	happy_7.png
DEV	2	453	2	0	1.819206e+03	73	73	8.076321e-01	5.929761e+01	335	happy	happy_4.png
DEV	2	454	2	0	1.825681e+03	83	83	3.839250e-01	3.201944e+01	2729	happy	happy_21.png
DEV	2	455	2	0	1.832538e+03	86	0	3.903592e-01	3.365126e+01	2663	happy	happy_8.png
DEV	2	456	2	0	1.838260e+03	79	79	5.568987e-01	4.383291e+01	1445	happy	happy_17.png
DEV	2	457	2	0	1.845698e+03	86	0	3.258265e-01	2.809246e+01	3413	happy	happy_13.png
DEV	2	458	2	0	1.853668e+03	80	0	3.058132e-01	2.441369e+01	3673	happy	happy_11.png
DEV	2	459	2	0	1.860492e+03	77	0	4.641014e-01	3.579176e+01	2030	happy	happy_1.png
DEV	2	460	2	0	1.867657e+03	80	0	3.836372e-01	3.084788e+01	2732	happy	happy_9.png
DEV	2	461	2	0	1.873966e+03	67	67	7.883590e-01	5.290135e+01	408	happy	happy_5.png
DEV	2	462	2	0	1.880260e+03	68	0	7.102718e-01	4.799809e+01	719	happy	happy_2.png
CEV	2	463	1	0	1.950523e+03	47	0	8.254286e-01	3.865086e+01	522	fear	fear_5.png
CEV	2	464	1	0	1.957843e+03	47	0	7.344286e-01	3.479671e+01	1159	fear	fear_11.png
CEV	2	465	1	0	1.965730e+03	65	65	5.962857e-01	3.878886e+01	2126	fear	fear_8.png
CEV	2	466	1	0	1.973130e+03	73	73	5.011429e-01	3.649886e+01	2792	fear	fear_21.png
CEV	2	467	1	0	1.980394e+03	90	90	4.265714e-01	3.827971e+01	3314	fear	fear_4.png
CEV	2	468	1	0	1.988038e+03	94	0	3.774286e-01	3.549029e+01	3658	fear	fear_9.png
CEV	2	469	1	0	1.996332e+03	111	0	3.405714e-01	3.768114e+01	3916	fear	fear_17.png
CEV	2	470	1	0	2.002318e+03	46	46	8.185714e-01	3.781857e+01	570	fear	fear_16.png
CEV	2	471	1	0	2.008936e+03	60	0	6.100000e-01	3.639000e+01	2030	fear	fear_2.png
CEV	2	472	1	0	2.016000e+03	66	0	5.451429e-01	3.590971e+01	2484	fear	fear_10.png
CEV	2	473	1	0	2.022875e+03	57	0	6.840000e-01	3.905200e+01	1512	fear	fear_19.png
CEV	2	474	1	0	2.029683e+03	78	0	4.737143e-01	37	2984	fear	fear_6.png
CEV	2	475	1	0	2.036374e+03	54	54	7.622857e-01	4.081143e+01	964	fear	fear_13.png
CEV	2	476	1	0	2.044112e+03	81	0	4.338571e-01	3.526457e+01	3263	fear	fear_7.png
CEV	2	477	1	0	2.049671e+03	51	51	7.428571e-01	3.774286e+01	1100	fear	fear_1.png
CEV	2	478	1	0	2.056320e+03	60	60	6.698571e-01	4.034929e+01	1611	fear	fear_14.png
CEV	2	479	1	0	2.063975e+03	69	0	5.525714e-01	3.810514e+01	2432	fear	fear_20.png
CEV	2	480	1	0	2.070814e+03	74	74	4.948571e-01	3.650514e+01	2836	fear	fear_18.png
CEV	2	481	1	0	2.078383e+03	76	76	4.552857e-01	3.472357e+01	3113	fear	fear_15.png
CEV	2	482	1	0	2.085736e+03	83	0	4.304286e-01	3.570871e+01	3287	fear	fear_12.png
CEV	2	483	1	0	2.094185e+03	83	0	4.422857e-01	3.655771e+01	3204	fear	fear_3.png
CEV	2	484	1	0	2.101064e+03	50	50	7.717143e-01	3.854343e+01	898	fear	fear_2.png
CEV	2	485	1	0	2.108148e+03	54	0	6.494286e-01	3.505171e+01	1754	fear	fear_3.png
CEV	2	486	1	0	2.115927e+03	70	0	5.141429e-01	3.597171e+01	2701	fear	fear_19.png
CEV	2	487	1	0	2.122809e+03	63	63	5.644286e-01	3.530671e+01	2349	fear	fear_20.png
CEV	2	488	1	0	2.129854e+03	76	0	4.638571e-01	3.514457e+01	3053	fear	fear_13.png
CEV	2	489	1	0	2.136114e+03	51	51	6.864286e-01	3.494071e+01	1495	fear	fear_18.png
CEV	2	490	1	0	2.143010e+03	97	97	3.907143e-01	3.778143e+01	3565	fear	fear_16.png
CEV	2	491	1	0	2.150947e+03	97	97	3.882857e-01	3.777657e+01	3582	fear	fear_7.png
CEV	2	492	1	0	2.159177e+03	104	104	3.608571e-01	3.736086e+01	3774	fear	fear_5.png
CEV	2	493	1	0	2.166591e+03	107	0	3.604286e-01	3.844171e+01	3777	fear	fear_14.png
CEV	2	494	1	0	2.173380e+03	67	0	5.702857e-01	3.814057e+01	2308	fear	fear_15.png
CEV	2	495	1	0	2.179179e+03	43	43	8.481429e-01	3.615186e+01	363	fear	fear_17.png
CEV	2	496	1	0	2.185756e+03	50	50	7.494286e-01	3.774943e+01	1054	fear	fear_12.png
CEV	2	497	1	0	2.192285e+03	56	56	6.414286e-01	3.571714e+01	1810	fear	fear_11.png
CEV	2	498	1	0	2.198687e+03	69	69	5.397143e-01	37	2522	fear	fear_9.png
CEV	2	499	1	0	2.206109e+03	77	0	5.021429e-01	3.850643e+01	2785	fear	fear_6.png
CEV	2	500	1	0	2.214228e+03	98	0	3.591429e-01	3.520429e+01	3786	fear	fear_1.png
CEV	2	501	1	0	2.221080e+03	52	0	6.642857e-01	3.434286e+01	1650	fear	fear_21.png
CEV	2	502	1	0	2.227190e+03	50	50	8.185714e-01	4.109286e+01	570	fear	fear_8.png
CEV	2	503	1	0	2.233800e+03	52	52	7.637143e-01	4.005486e+01	954	fear	fear_4.png
CEV	2	504	1	0	2.240359e+03	55	0	6.924286e-01	3.838486e+01	1453	fear	fear_10.png
