#Subj:	10644
#Run:	1
#Age:	14
#Gender:	female
#22-Apr-2013
Func	Run	Trial	Block	Null	trialStartTime	Mag	ScoreInc	Freq	EV	RT	Emotion	Image
CEV	   1	   1	   1	   0	1.266317e+02	  58	   0	6.591429e-01	3.831829e+01	1686	fear	fear_10.png	
CEV	   1	   2	   1	   0	1.331903e+02	  49	  49	7.810000e-01	3.856200e+01	 833	fear	fear_4.png	
CEV	   1	   3	   1	   0	1.387236e+02	  47	  47	8.151429e-01	3.863029e+01	 594	fear	fear_8.png	
CEV	   1	   4	   1	   0	1.452421e+02	  51	  51	7.562857e-01	3.851257e+01	1006	fear	fear_21.png	
CEV	   1	   5	   1	   0	1.522894e+02	  52	  52	6.911429e-01	3.561771e+01	1462	fear	fear_1.png	
CEV	   1	   6	   1	   0	1.588256e+02	  57	   0	6.084286e-01	3.456629e+01	2041	fear	fear_6.png	
CEV	   1	   7	   1	   0	1.654148e+02	  71	  71	5.360000e-01	3.807200e+01	2548	fear	fear_9.png	
CEV	   1	   8	   1	   0	1.726721e+02	  81	  81	4.880000e-01	3.944000e+01	2884	fear	fear_11.png	
CEV	   1	   9	   1	   0	1.796182e+02	  83	  83	4.415714e-01	3.655843e+01	3209	fear	fear_12.png	
CEV	   1	  10	   1	   0	1.850906e+02	  46	  46	8.552857e-01	3.956586e+01	 313	fear	fear_17.png	
CEV	   1	  11	   1	   0	1.908213e+02	  42	  42	8.155714e-01	3.455329e+01	 591	fear	fear_15.png	
CEV	   1	  12	   1	   0	1.981521e+02	  89	   0	4.102857e-01	3.658971e+01	3428	fear	fear_14.png	
CEV	   1	  13	   1	   0	2.043897e+02	  48	  48	8.082857e-01	3.861657e+01	 642	fear	fear_5.png	
CEV	   1	  14	   1	   0	2.100622e+02	  46	  46	7.712857e-01	3.545743e+01	 901	fear	fear_7.png	
CEV	   1	  15	   1	   0	2.161639e+02	  47	  47	8.232857e-01	3.864657e+01	 537	fear	fear_16.png	
CEV	   1	  16	   1	   0	2.226750e+02	  43	  43	7.874286e-01	3.385029e+01	 788	fear	fear_18.png	
CEV	   1	  17	   1	   0	2.292134e+02	  83	  83	4.732857e-01	3.936643e+01	2987	fear	fear_13.png	
CEV	   1	  18	   1	   0	2.365579e+02	  80	  80	4.675714e-01	3.746757e+01	3027	fear	fear_20.png	
CEV	   1	  19	   1	   0	2.441004e+02	  78	  78	4.958571e-01	3.848757e+01	2829	fear	fear_19.png	
CEV	   1	  20	   1	   0	2.497477e+02	  44	  44	8.347143e-01	  37	 457	fear	fear_3.png	
CEV	   1	  21	   1	   0	2.576117e+02	  80	   0	4.868571e-01	3.894743e+01	2892	fear	fear_2.png	
CEV	   1	  22	   1	   0	2.644286e+02	  45	  45	8.148571e-01	  37	 596	fear	fear_3.png	
CEV	   1	  23	   1	   0	2.713221e+02	  46	  46	7.388571e-01	3.404457e+01	1128	fear	fear_12.png	
CEV	   1	  24	   1	   0	2.790279e+02	  60	  60	6.465714e-01	3.893971e+01	1774	fear	fear_15.png	
CEV	   1	  25	   1	   0	2.850770e+02	  61	  61	6.395714e-01	3.891871e+01	1823	fear	fear_18.png	
CEV	   1	  26	   1	   0	2.918273e+02	  65	  65	6.052857e-01	3.942114e+01	2063	fear	fear_20.png	
CEV	   1	  27	   1	   0	2.985572e+02	  64	  64	5.540000e-01	3.533800e+01	2422	fear	fear_14.png	
CEV	   1	  28	   1	   0	3.055107e+02	  72	  72	5.187143e-01	3.751871e+01	2669	fear	fear_1.png	
CEV	   1	  29	   1	   0	3.123487e+02	  70	   0	5.232857e-01	3.647671e+01	2637	fear	fear_7.png	
CEV	   1	  30	   1	   0	3.181138e+02	  46	  46	8.298571e-01	3.782986e+01	 491	fear	fear_13.png	
CEV	   1	  31	   1	   0	3.245087e+02	  51	  51	7.930000e-01	4.017200e+01	 749	fear	fear_6.png	
CEV	   1	  32	   1	   0	3.307583e+02	  52	   0	7.488571e-01	3.924657e+01	1058	fear	fear_19.png	
CEV	   1	  33	   1	   0	3.375922e+02	 102	   0	3.585714e-01	3.664143e+01	3790	fear	fear_10.png	
CEV	   1	  34	   1	   0	3.443333e+02	  54	  54	6.370000e-01	3.445200e+01	1841	fear	fear_2.png	
CEV	   1	  35	   1	   0	3.509066e+02	  56	   0	6.564286e-01	3.700000e+01	1705	fear	fear_16.png	
CEV	   1	  36	   1	   0	3.583491e+02	  84	  84	4.652857e-01	3.886114e+01	3043	fear	fear_17.png	
CEV	   1	  37	   1	   0	3.656011e+02	  81	   0	4.625714e-01	3.746257e+01	3062	fear	fear_9.png	
CEV	   1	  38	   1	   0	3.726222e+02	  45	  45	7.332857e-01	3.333357e+01	1167	fear	fear_4.png	
CEV	   1	  39	   1	   0	3.800881e+02	  78	   0	4.587143e-01	3.562386e+01	3089	fear	fear_21.png	
CEV	   1	  40	   1	   0	3.872317e+02	  68	   0	5.274286e-01	3.594514e+01	2608	fear	fear_8.png	
CEV	   1	  41	   1	   0	3.940708e+02	  43	  43	8.095714e-01	3.457129e+01	 633	fear	fear_11.png	
CEV	   1	  42	   1	   0	4.010517e+02	  43	  43	8.260000e-01	3.534800e+01	 518	fear	fear_5.png	
DEV	   1	  43	   2	   0	4.745505e+02	  74	   0	7.250462e-01	5.375324e+01	 658	happy	happy_2.png	
DEV	   1	  44	   2	   0	4.809957e+02	  75	  75	6.361512e-01	4.748557e+01	1045	happy	happy_5.png	
DEV	   1	  45	   2	   0	4.874795e+02	  73	   0	5.800647e-01	4.241054e+01	1321	happy	happy_9.png	
DEV	   1	  46	   2	   0	4.940567e+02	  71	   0	6.739939e-01	4.759324e+01	 874	happy	happy_1.png	
DEV	   1	  47	   2	   0	5.006319e+02	  77	   0	5.463172e-01	4.205566e+01	1504	happy	happy_11.png	
DEV	   1	  48	   2	   0	5.073567e+02	  75	  75	4.678148e-01	3.509602e+01	2003	happy	happy_13.png	
DEV	   1	  49	   2	   0	5.139732e+02	  75	   0	4.701795e-01	3.524376e+01	1986	happy	happy_17.png	
DEV	   1	  50	   2	   0	5.202910e+02	  75	   0	4.193753e-01	3.160246e+01	2389	happy	happy_8.png	
DEV	   1	  51	   2	   0	5.265947e+02	  84	   0	4.008092e-01	3.362582e+01	2560	happy	happy_21.png	
DEV	   1	  52	   2	   0	5.344931e+02	  78	   0	3.638544e-01	2.838768e+01	2948	happy	happy_4.png	
DEV	   1	  53	   2	   0	5.411714e+02	  81	   0	3.339699e-01	2.703919e+01	3309	happy	happy_7.png	
DEV	   1	  54	   2	   0	5.487678e+02	  83	   0	3.004283e-01	2.493280e+01	3743	happy	happy_10.png	
DEV	   1	  55	   2	   0	5.546279e+02	  68	  68	7.720017e-01	5.223065e+01	 471	happy	happy_14.png	
DEV	   1	  56	   2	   0	5.609947e+02	  67	  67	7.686591e-01	5.132071e+01	 484	happy	happy_16.png	
DEV	   1	  57	   2	   0	5.669603e+02	  75	  75	7.691726e-01	5.749537e+01	 482	happy	happy_6.png	
DEV	   1	  58	   2	   0	5.728617e+02	  73	  73	7.023947e-01	5.113923e+01	 752	happy	happy_12.png	
DEV	   1	  59	   2	   0	5.791824e+02	  77	  77	6.931914e-01	5.342567e+01	 791	happy	happy_15.png	
DEV	   1	  60	   2	   0	5.852452e+02	  71	  71	7.299497e-01	5.181863e+01	 638	happy	happy_20.png	
DEV	   1	  61	   2	   0	5.910915e+02	  72	  72	6.815628e-01	4.934642e+01	 841	happy	happy_3.png	
DEV	   1	  62	   2	   0	5.972791e+02	  68	  68	7.645608e-01	5.191426e+01	 500	happy	happy_19.png	
DEV	   1	  63	   2	   0	6.038858e+02	  70	  70	7.002606e-01	4.892634e+01	 761	happy	happy_18.png	
DEV	   1	  64	   2	   0	6.108697e+02	  73	  73	6.656090e-01	4.848702e+01	 911	happy	happy_2.png	
DEV	   1	  65	   2	   0	6.160862e+02	  77	   0	6.960109e-01	5.358672e+01	 779	happy	happy_17.png	
DEV	   1	  66	   2	   0	6.222371e+02	  73	  73	6.801803e-01	4.995294e+01	 847	happy	happy_7.png	
DEV	   1	  67	   2	   0	6.289573e+02	  72	   0	6.491638e-01	4.693143e+01	 985	happy	happy_3.png	
DEV	   1	  68	   2	   0	6.353767e+02	  69	  69	7.943950e-01	5.472853e+01	 385	happy	happy_18.png	
DEV	   1	  69	   2	   0	6.407961e+02	  75	  75	7.433333e-01	5.543583e+01	 584	happy	happy_10.png	
DEV	   1	  70	   2	   0	6.464922e+02	  66	  66	8.097644e-01	5.372299e+01	 327	happy	happy_20.png	
DEV	   1	  71	   2	   0	6.528164e+02	  66	  66	7.946582e-01	5.235537e+01	 384	happy	happy_19.png	
DEV	   1	  72	   2	   0	6.590777e+02	  76	   0	7.228491e-01	5.508380e+01	 667	happy	happy_11.png	
DEV	   1	  73	   2	   0	6.646901e+02	  72	  72	7.470879e-01	5.413387e+01	 569	happy	happy_16.png	
DEV	   1	  74	   2	   0	6.713669e+02	  68	  68	7.655837e-01	5.195816e+01	 496	happy	happy_13.png	
DEV	   1	  75	   2	   0	6.778892e+02	  75	  75	7.425843e-01	5.539731e+01	 587	happy	happy_5.png	
DEV	   1	  76	   2	   0	6.838869e+02	  66	  66	7.546443e-01	4.997300e+01	 539	happy	happy_15.png	
DEV	   1	  77	   2	   0	6.898788e+02	  72	  72	7.579382e-01	5.465880e+01	 526	happy	happy_12.png	
DEV	   1	  78	   2	   0	6.963182e+02	  73	  73	7.450835e-01	5.403546e+01	 577	happy	happy_1.png	
DEV	   1	  79	   2	   0	7.027401e+02	  70	  70	7.943950e-01	5.552293e+01	 385	happy	happy_8.png	
DEV	   1	  80	   2	   0	7.089953e+02	  72	  72	7.769073e-01	5.631999e+01	 452	happy	happy_21.png	
DEV	   1	  81	   2	   0	7.157161e+02	  74	  74	7.435832e-01	5.470509e+01	 583	happy	happy_9.png	
DEV	   1	  82	   2	   0	7.216285e+02	  70	  70	7.480918e-01	5.268681e+01	 565	happy	happy_4.png	
DEV	   1	  83	   2	   0	7.277542e+02	  75	  75	7.438330e-01	5.546150e+01	 582	happy	happy_14.png	
DEV	   1	  84	   2	   0	7.339915e+02	  76	   0	7.443330e-01	5.623150e+01	 580	happy	happy_6.png	
IEV	   1	  85	   3	   0	8.071150e+02	  18	  18	8.938959e-01	1.617746e+01	 454	fear	fear_4.png	
IEV	   1	  86	   3	   0	8.123790e+02	  17	  17	8.935390e-01	1.535382e+01	 467	fear	fear_12.png	
IEV	   1	  87	   3	   0	8.187125e+02	  21	  21	8.800840e-01	1.857156e+01	 805	fear	fear_17.png	
IEV	   1	  88	   3	   0	8.254915e+02	  28	  28	8.614627e-01	2.379292e+01	1097	fear	fear_5.png	
IEV	   1	  89	   3	   0	8.322752e+02	  29	  29	8.439047e-01	2.420782e+01	1306	fear	fear_13.png	
IEV	   1	  90	   3	   0	8.382434e+02	  34	  34	8.270885e-01	2.771547e+01	1475	fear	fear_19.png	
IEV	   1	  91	   3	   0	8.440860e+02	  29	   0	8.325116e-01	2.381564e+01	1423	fear	fear_8.png	
IEV	   1	  92	   3	   0	8.513875e+02	  40	  40	7.960679e-01	3.152346e+01	1740	fear	fear_11.png	
IEV	   1	  93	   3	   0	8.578154e+02	  42	  42	7.613681e-01	3.219462e+01	1993	fear	fear_14.png	
IEV	   1	  94	   3	   0	8.647188e+02	  48	  48	7.059201e-01	3.367328e+01	2343	fear	fear_16.png	
IEV	   1	  95	   3	   0	8.712657e+02	  60	  60	6.549201e-01	3.931953e+01	2630	fear	fear_2.png	
IEV	   1	  96	   3	   0	8.785865e+02	  75	  75	5.946519e-01	4.480229e+01	2944	fear	fear_9.png	
IEV	   1	  97	   3	   0	8.866030e+02	  91	  91	5.085880e-01	4.602944e+01	3367	fear	fear_18.png	
IEV	   1	  98	   3	   0	8.934810e+02	  94	  94	4.969500e-01	4.661655e+01	3423	fear	fear_1.png	
IEV	   1	  99	   3	   0	9.014435e+02	  97	   0	4.892440e-01	4.748684e+01	3460	fear	fear_3.png	
IEV	   1	 100	   3	   0	9.092412e+02	  88	  88	5.237007e-01	4.629333e+01	3294	fear	fear_20.png	
IEV	   1	 101	   3	   0	9.164846e+02	 101	   0	4.973662e-01	5.007736e+01	3421	fear	fear_21.png	
IEV	   1	 102	   3	   0	9.236199e+02	  95	  95	5.009024e-01	4.742054e+01	3404	fear	fear_6.png	
IEV	   1	 103	   3	   0	9.310249e+02	  90	  90	5.135646e-01	4.628764e+01	3343	fear	fear_7.png	
IEV	   1	 104	   3	   0	9.387412e+02	  94	  94	5.090030e-01	4.804426e+01	3365	fear	fear_15.png	
IEV	   1	 105	   3	   0	9.453620e+02	  95	   0	5.073428e-01	4.812230e+01	3373	fear	fear_10.png	
IEV	   1	 106	   3	   0	9.537797e+02	  90	  90	5.087955e-01	4.601884e+01	3366	fear	fear_16.png	
IEV	   1	 107	   3	   0	9.618294e+02	  95	  95	4.952849e-01	4.719469e+01	3431	fear	fear_3.png	
IEV	   1	 108	   3	   0	9.689431e+02	  92	  92	5.104551e-01	4.695485e+01	3358	fear	fear_19.png	
IEV	   1	 109	   3	   0	9.768383e+02	  87	  87	5.179129e-01	4.503092e+01	3322	fear	fear_1.png	
IEV	   1	 110	   3	   0	9.842098e+02	 100	 100	4.973662e-01	4.957999e+01	3421	fear	fear_20.png	
IEV	   1	 111	   3	   0	9.924084e+02	 107	   0	4.752654e-01	5.100017e+01	3527	fear	fear_13.png	
IEV	   1	 112	   3	   0	1.000072e+03	  99	   0	4.898692e-01	4.843651e+01	3457	fear	fear_15.png	
IEV	   1	 113	   3	   0	1.006934e+03	  84	  84	5.321530e-01	4.479716e+01	3253	fear	fear_5.png	
IEV	   1	 114	   3	   0	1.014337e+03	  97	   0	5.156360e-01	4.979212e+01	3333	fear	fear_7.png	
IEV	   1	 115	   3	   0	1.022578e+03	  96	  96	4.994466e-01	4.799012e+01	3411	fear	fear_6.png	
IEV	   1	 116	   3	   0	1.030162e+03	  99	   0	4.884103e-01	4.850369e+01	3464	fear	fear_18.png	
IEV	   1	 117	   3	   0	1.038019e+03	  99	  99	4.959094e-01	4.914791e+01	3428	fear	fear_2.png	
IEV	   1	 118	   3	   0	1.044970e+03	  96	   0	4.957012e-01	4.767011e+01	3429	fear	fear_21.png	
IEV	   1	 119	   3	   0	1.052835e+03	  94	   0	4.896608e-01	4.599782e+01	3458	fear	fear_4.png	
IEV	   1	 120	   3	   0	1.059521e+03	  93	   0	5.257648e-01	4.881739e+01	3284	fear	fear_14.png	
IEV	   1	 121	   3	   0	1.067502e+03	  75	  75	5.660333e-01	4.235443e+01	3087	fear	fear_10.png	
IEV	   1	 122	   3	   0	1.074845e+03	  24	  24	8.524139e-01	2.064511e+01	1210	fear	fear_8.png	
IEV	   1	 123	   3	   0	1.082277e+03	 104	   0	4.621037e-01	4.782935e+01	3590	fear	fear_12.png	
IEV	   1	 124	   3	   0	1.090013e+03	 135	   0	3.805574e-01	5.135763e+01	3982	fear	fear_11.png	
IEV	   1	 125	   3	   0	1.097487e+03	  88	   0	5.282396e-01	4.659061e+01	3272	fear	fear_9.png	
IEV	   1	 126	   3	   0	1.105538e+03	  88	   0	5.377031e-01	4.718684e+01	3226	fear	fear_17.png	
CEVR	   1	 127	   4	   0	1.177541e+03	 160	   0	2.364433e-01	3.794577e+01	 823	scram	scram_11.png	
CEVR	   1	 128	   4	   0	1.183770e+03	 148	 148	2.528309e-01	3.750566e+01	1178	scram	scram_2.png	
CEVR	   1	 129	   4	   0	1.190125e+03	 134	   0	2.660230e-01	3.566988e+01	1432	scram	scram_4.png	
CEVR	   1	 130	   4	   0	1.196573e+03	 145	   0	2.548209e-01	  37	1218	scram	scram_9.png	
CEVR	   1	 131	   4	   0	1.202934e+03	 143	   0	2.666804e-01	3.806672e+01	1444	scram	scram_19.png	
CEVR	   1	 132	   4	   0	1.209446e+03	 160	   0	2.330814e-01	3.723308e+01	 744	scram	scram_5.png	
CEVR	   1	 133	   4	   0	1.215330e+03	 158	   0	2.393715e-01	3.771811e+01	 890	scram	scram_21.png	
CEVR	   1	 134	   4	   0	1.221181e+03	 148	 148	2.453581e-01	3.626393e+01	1022	scram	scram_3.png	
CEVR	   1	 135	   4	   0	1.226840e+03	 160	 160	2.370926e-01	3.794837e+01	 838	scram	scram_14.png	
CEVR	   1	 136	   4	   0	1.232928e+03	 154	 154	2.396373e-01	  37	 896	scram	scram_17.png	
CEVR	   1	 137	   4	   0	1.239833e+03	 165	   0	2.311674e-01	3.815584e+01	 698	scram	scram_12.png	
CEVR	   1	 138	   4	   0	1.246633e+03	 154	   0	2.405722e-01	  37	 917	scram	scram_20.png	
CEVR	   1	 139	   4	   0	1.253370e+03	 148	   0	2.438336e-01	3.602467e+01	 989	scram	scram_13.png	
CEVR	   1	 140	   4	   0	1.259591e+03	 142	 142	2.519946e-01	3.574003e+01	1161	scram	scram_8.png	
CEVR	   1	 141	   4	   0	1.265385e+03	 143	 143	2.593631e-01	  37	1307	scram	scram_18.png	
CEVR	   1	 142	   4	   0	1.272353e+03	 142	   0	2.671205e-01	3.780136e+01	1452	scram	scram_10.png	
CEVR	   1	 143	   4	   0	1.279483e+03	 137	 137	2.739581e-01	3.754792e+01	1573	scram	scram_15.png	
CEVR	   1	 144	   4	   0	1.286074e+03	 139	   0	2.697917e-01	3.753958e+01	1500	scram	scram_16.png	
CEVR	   1	 145	   4	   0	1.292691e+03	 129	   0	2.977696e-01	3.848885e+01	1951	scram	scram_1.png	
CEVR	   1	 146	   4	   0	1.299953e+03	 119	   0	3.188085e-01	3.795643e+01	2238	scram	scram_7.png	
CEVR	   1	 147	   4	   0	1.307071e+03	 100	   0	3.650973e-01	3.663490e+01	2753	scram	scram_6.png	
CEVR	   1	 148	   4	   0	1.314806e+03	  91	  91	3.905308e-01	3.543788e+01	2984	scram	scram_16.png	
CEVR	   1	 149	   4	   0	1.323030e+03	  81	  81	4.409261e-01	3.567722e+01	3363	scram	scram_15.png	
CEVR	   1	 150	   4	   0	1.330626e+03	  83	   0	4.634932e-01	3.839048e+01	3506	scram	scram_8.png	
CEVR	   1	 151	   4	   0	1.338517e+03	  62	   0	5.645161e-01	3.474194e+01	4006	scram	scram_4.png	
CEVR	   1	 152	   4	   0	1.344422e+03	 165	   0	2.242036e-01	  37	 524	scram	scram_1.png	
CEVR	   1	 153	   4	   0	1.350728e+03	 161	   0	2.321205e-01	3.746424e+01	 721	scram	scram_5.png	
CEVR	   1	 154	   4	   0	1.357023e+03	 152	   0	2.399481e-01	3.652010e+01	 903	scram	scram_9.png	
CEVR	   1	 155	   4	   0	1.363097e+03	 139	   0	2.569444e-01	3.571528e+01	1260	scram	scram_10.png	
CEVR	   1	 156	   4	   0	1.369286e+03	 129	 129	2.809720e-01	3.615708e+01	1691	scram	scram_21.png	
CEVR	   1	 157	   4	   0	1.376401e+03	 135	 135	2.720588e-01	3.672794e+01	1540	scram	scram_18.png	
CEVR	   1	 158	   4	   0	1.382887e+03	 126	   0	2.931191e-01	3.700000e+01	1882	scram	scram_11.png	
CEVR	   1	 159	   4	   0	1.389424e+03	 140	   0	2.746554e-01	3.837328e+01	1585	scram	scram_2.png	
CEVR	   1	 160	   4	   0	1.396219e+03	 122	   0	2.943851e-01	3.582246e+01	1901	scram	scram_7.png	
CEVR	   1	 161	   4	   0	1.402159e+03	 150	   0	2.437877e-01	3.651242e+01	 988	scram	scram_13.png	
CEVR	   1	 162	   4	   0	1.408840e+03	 144	   0	2.575065e-01	3.700000e+01	1271	scram	scram_3.png	
CEVR	   1	 163	   4	   0	1.415460e+03	 129	   0	2.845528e-01	3.671545e+01	1749	scram	scram_14.png	
CEVR	   1	 164	   4	   0	1.422073e+03	 128	   0	2.836802e-01	3.643264e+01	1735	scram	scram_19.png	
CEVR	   1	 165	   4	   0	1.428459e+03	 105	   0	3.578337e-01	3.771567e+01	2681	scram	scram_17.png	
CEVR	   1	 166	   4	   0	1.436529e+03	  84	   0	4.513768e-01	3.790275e+01	3431	scram	scram_6.png	
CEVR	   1	 167	   4	   0	1.442650e+03	 161	 161	2.251782e-01	3.632447e+01	 549	scram	scram_20.png	
CEVR	   1	 168	   4	   0	1.449555e+03	 176	 176	2.164104e-01	3.808205e+01	 316	scram	scram_12.png	
CEV	   1	 169	   5	   0	1.520779e+03	  41	  41	8.088571e-01	3.295571e+01	 638	happy	happy_19.png	
CEV	   1	 170	   5	   0	1.526864e+03	  52	  52	7.768571e-01	4.010743e+01	 862	happy	happy_15.png	
CEV	   1	 171	   5	   0	1.533075e+03	  47	  47	7.390000e-01	3.478300e+01	1127	happy	happy_18.png	
CEV	   1	 172	   5	   0	1.539557e+03	  49	   0	7.520000e-01	  37	1036	happy	happy_13.png	
CEV	   1	 173	   5	   0	1.545878e+03	  47	   0	7.361429e-01	3.479157e+01	1147	happy	happy_8.png	
CEV	   1	 174	   5	   0	1.553703e+03	  78	  78	4.778571e-01	3.747786e+01	2955	happy	happy_11.png	
CEV	   1	 175	   5	   0	1.560279e+03	  68	  68	5.205714e-01	3.543829e+01	2656	happy	happy_12.png	
CEV	   1	 176	   5	   0	1.566973e+03	  50	  50	7.437143e-01	3.700000e+01	1094	happy	happy_7.png	
CEV	   1	 177	   5	   0	1.574529e+03	  80	  80	4.692857e-01	3.746929e+01	3015	happy	happy_3.png	
CEV	   1	 178	   5	   0	1.582388e+03	  83	   0	4.397143e-01	3.656029e+01	3222	happy	happy_20.png	
CEV	   1	 179	   5	   0	1.589868e+03	  89	  89	4.052857e-01	3.618943e+01	3463	happy	happy_9.png	
CEV	   1	 180	   5	   0	1.597033e+03	  65	  65	5.811429e-01	3.758114e+01	2232	happy	happy_17.png	
CEV	   1	 181	   5	   0	1.604357e+03	  97	   0	3.928571e-01	3.817857e+01	3550	happy	happy_6.png	
CEV	   1	 182	   5	   0	1.610426e+03	  58	  58	6.654286e-01	3.833086e+01	1642	happy	happy_2.png	
CEV	   1	 183	   5	   0	1.618869e+03	  89	  89	4.205714e-01	3.742057e+01	3356	happy	happy_4.png	
CEV	   1	 184	   5	   0	1.627124e+03	 100	   0	3.841429e-01	3.853657e+01	3611	happy	happy_5.png	
CEV	   1	 185	   5	   0	1.633636e+03	  53	  53	7.391429e-01	3.921743e+01	1126	happy	happy_1.png	
CEV	   1	 186	   5	   0	1.640831e+03	  93	  93	4.012857e-01	3.740129e+01	3491	happy	happy_14.png	
CEV	   1	 187	   5	   0	1.648459e+03	  86	  86	4.241429e-01	3.657586e+01	3331	happy	happy_16.png	
CEV	   1	 188	   5	   0	1.654021e+03	  38	  38	8.965714e-01	3.431029e+01	  24	happy	happy_10.png	
CEV	   1	 189	   5	   0	1.661660e+03	  88	  88	4.177143e-01	3.658229e+01	3376	happy	happy_21.png	
CEV	   1	 190	   5	   0	1.669437e+03	  92	   0	4.065714e-01	3.740657e+01	3454	happy	happy_9.png	
CEV	   1	 191	   5	   0	1.676939e+03	  83	   0	4.567143e-01	3.791343e+01	3103	happy	happy_7.png	
CEV	   1	 192	   5	   0	1.683718e+03	  91	  91	4.101429e-01	3.741014e+01	3429	happy	happy_18.png	
CEV	   1	 193	   5	   0	1.691094e+03	  63	  63	5.501429e-01	3.479943e+01	2449	happy	happy_15.png	
CEV	   1	 194	   5	   0	1.697151e+03	  55	  55	6.751429e-01	  37	1574	happy	happy_17.png	
CEV	   1	 195	   5	   0	1.704725e+03	  79	   0	4.648571e-01	3.653514e+01	3046	happy	happy_3.png	
CEV	   1	 196	   5	   0	1.711360e+03	  80	   0	4.760000e-01	3.795200e+01	2968	happy	happy_5.png	
CEV	   1	 197	   5	   0	1.718933e+03	  84	  84	4.414286e-01	3.700000e+01	3210	happy	happy_2.png	
CEV	   1	 198	   5	   0	1.725952e+03	  73	   0	4.825714e-01	3.506971e+01	2922	happy	happy_13.png	
CEV	   1	 199	   5	   0	1.733401e+03	  92	   0	4.170000e-01	3.825100e+01	3381	happy	happy_12.png	
CEV	   1	 200	   5	   0	1.740080e+03	  57	  57	6.065714e-01	3.457371e+01	2054	happy	happy_11.png	
CEV	   1	 201	   5	   0	1.747826e+03	  67	  67	5.304286e-01	3.540871e+01	2587	happy	happy_4.png	
CEV	   1	 202	   5	   0	1.755847e+03	  68	  68	5.374286e-01	3.646257e+01	2538	happy	happy_19.png	
CEV	   1	 203	   5	   0	1.763190e+03	  74	   0	5.027143e-01	  37	2781	happy	happy_6.png	
CEV	   1	 204	   5	   0	1.770907e+03	  77	   0	4.815714e-01	  37	2929	happy	happy_16.png	
CEV	   1	 205	   5	   0	1.778599e+03	  85	   0	4.400000e-01	3.744000e+01	3220	happy	happy_21.png	
CEV	   1	 206	   5	   0	1.785352e+03	  48	  48	7.288571e-01	3.481343e+01	1198	happy	happy_8.png	
CEV	   1	 207	   5	   0	1.791701e+03	  64	   0	5.582857e-01	3.588343e+01	2392	happy	happy_10.png	
CEV	   1	 208	   5	   0	1.797868e+03	  53	  53	7.251429e-01	3.845029e+01	1224	happy	happy_1.png	
CEV	   1	 209	   5	   0	1.803677e+03	  48	  48	7.417143e-01	3.551657e+01	1108	happy	happy_20.png	
CEV	   1	 210	   5	   0	1.810749e+03	  60	   0	6.395714e-01	3.827914e+01	1823	happy	happy_14.png	
IEV	   1	 211	   6	   0	1.881316e+03	  19	  19	8.809108e-01	1.668025e+01	 789	scram	scram_1.png	
IEV	   1	 212	   6	   0	1.887517e+03	  24	  24	8.751233e-01	2.107248e+01	 894	scram	scram_2.png	
IEV	   1	 213	   6	   0	1.893538e+03	  26	  26	8.610843e-01	2.211883e+01	1102	scram	scram_20.png	
IEV	   1	 214	   6	   0	1.899465e+03	  29	  29	8.576669e-01	2.512681e+01	1146	scram	scram_19.png	
IEV	   1	 215	   6	   0	1.905784e+03	  31	  31	8.213348e-01	2.584024e+01	1528	scram	scram_21.png	
IEV	   1	 216	   6	   0	1.912994e+03	  35	  35	7.996088e-01	2.800319e+01	1712	scram	scram_16.png	
IEV	   1	 217	   6	   0	1.919531e+03	  43	   0	7.406365e-01	3.165503e+01	2130	scram	scram_11.png	
IEV	   1	 218	   6	   0	1.925864e+03	  29	  29	8.390764e-01	2.391756e+01	1357	scram	scram_10.png	
IEV	   1	 219	   6	   0	1.933228e+03	  81	   0	5.434440e-01	4.418572e+01	3198	scram	scram_9.png	
IEV	   1	 220	   6	   0	1.939230e+03	  31	  31	8.252678e-01	2.542766e+01	1492	scram	scram_3.png	
IEV	   1	 221	   6	   0	1.946033e+03	  29	  29	8.250521e-01	2.380038e+01	1494	scram	scram_13.png	
IEV	   1	 222	   6	   0	1.952579e+03	  20	  20	8.697388e-01	1.748430e+01	 980	scram	scram_15.png	
IEV	   1	 223	   6	   0	1.959838e+03	  20	   0	8.680630e-01	1.772145e+01	1005	scram	scram_17.png	
IEV	   1	 224	   6	   0	1.965822e+03	  36	  36	7.807545e-01	2.818498e+01	1856	scram	scram_8.png	
IEV	   1	 225	   6	   0	1.972440e+03	  28	  28	8.219976e-01	2.330522e+01	1522	scram	scram_5.png	
IEV	   1	 226	   6	   0	1.978802e+03	  29	  29	8.118687e-01	2.355796e+01	1611	scram	scram_7.png	
IEV	   1	 227	   6	   0	1.985343e+03	  31	  31	8.379094e-01	2.572506e+01	1369	scram	scram_4.png	
IEV	   1	 228	   6	   0	1.992677e+03	  56	  56	6.688516e-01	3.772619e+01	2554	scram	scram_6.png	
IEV	   1	 229	   6	   0	1.999826e+03	  75	   0	5.869080e-01	4.404767e+01	2983	scram	scram_18.png	
IEV	   1	 230	   6	   0	2.007608e+03	  99	   0	4.913278e-01	4.886047e+01	3450	scram	scram_14.png	
IEV	   1	 231	   6	   0	2.013887e+03	  15	  15	8.942417e-01	1.342649e+01	 441	scram	scram_12.png	
IEV	   1	 232	   6	   0	2.021190e+03	  22	  22	8.620638e-01	1.854384e+01	1089	scram	scram_15.png	
IEV	   1	 233	   6	   0	2.028614e+03	  33	  33	8.208914e-01	2.670721e+01	1532	scram	scram_19.png	
IEV	   1	 234	   6	   0	2.035804e+03	  30	  30	8.282541e-01	2.510950e+01	1464	scram	scram_5.png	
IEV	   1	 235	   6	   0	2.042795e+03	  37	  37	8.052925e-01	2.987065e+01	1666	scram	scram_6.png	
IEV	   1	 236	   6	   0	2.048953e+03	  35	  35	8.131550e-01	2.830277e+01	1600	scram	scram_21.png	
IEV	   1	 237	   6	   0	2.055812e+03	  50	   0	7.293885e-01	3.620989e+01	2201	scram	scram_11.png	
IEV	   1	 238	   6	   0	2.061916e+03	  33	  33	8.023479e-01	2.613563e+01	1690	scram	scram_20.png	
IEV	   1	 239	   6	   0	2.068689e+03	  42	  42	7.609283e-01	3.223134e+01	1996	scram	scram_16.png	
IEV	   1	 240	   6	   0	2.075645e+03	  50	  50	7.306725e-01	3.684462e+01	2193	scram	scram_10.png	
IEV	   1	 241	   6	   0	2.082643e+03	  41	  41	7.489639e-01	3.096585e+01	2076	scram	scram_1.png	
IEV	   1	 242	   6	   0	2.089472e+03	  49	  49	7.393859e-01	3.619356e+01	2138	scram	scram_12.png	
IEV	   1	 243	   6	   0	2.096932e+03	  52	  52	6.959807e-01	3.651099e+01	2401	scram	scram_14.png	
IEV	   1	 244	   6	   0	2.103916e+03	  61	  61	6.513933e-01	3.954919e+01	2649	scram	scram_4.png	
IEV	   1	 245	   6	   0	2.111121e+03	  70	   0	6.050943e-01	4.241037e+01	2891	scram	scram_7.png	
IEV	   1	 246	   6	   0	2.119064e+03	  65	   0	6.293127e-01	4.094847e+01	2766	scram	scram_8.png	
IEV	   1	 247	   6	   0	2.126451e+03	  74	  74	5.724889e-01	4.254839e+01	3055	scram	scram_9.png	
IEV	   1	 248	   6	   0	2.133731e+03	  73	  73	5.757062e-01	4.178547e+01	3039	scram	scram_13.png	
IEV	   1	 249	   6	   0	2.140072e+03	  71	  71	5.950477e-01	4.240048e+01	2942	scram	scram_2.png	
IEV	   1	 250	   6	   0	2.147535e+03	  74	   0	5.827183e-01	4.311446e+01	3004	scram	scram_18.png	
IEV	   1	 251	   6	   0	2.155296e+03	  76	   0	5.835174e-01	4.423576e+01	3000	scram	scram_17.png	
IEV	   1	 252	   6	   0	2.162497e+03	  82	   0	5.676498e-01	4.680129e+01	3079	scram	scram_3.png	
#22-Apr-2013
CEVR	   2	 253	   7	   0	3.745533e+01	 166	   0	2.252566e-01	3.745051e+01	 551	happy	happy_5.png	
CEVR	   2	 254	   7	   0	4.341689e+01	 150	 150	2.443857e-01	3.675561e+01	1001	happy	happy_3.png	
CEVR	   2	 255	   7	   0	5.024988e+01	 151	   0	2.417849e-01	3.651643e+01	 944	happy	happy_10.png	
CEVR	   2	 256	   7	   0	5.611051e+01	 155	 155	2.354545e-01	3.652909e+01	 800	happy	happy_1.png	
CEVR	   2	 257	   7	   0	6.306743e+01	 160	   0	2.351126e-01	3.770534e+01	 792	happy	happy_9.png	
CEVR	   2	 258	   7	   0	6.946364e+01	 159	   0	2.384899e-01	3.795396e+01	 870	happy	happy_7.png	
CEVR	   2	 259	   7	   0	7.531537e+01	 155	   0	2.434668e-01	3.773040e+01	 981	happy	happy_14.png	
CEVR	   2	 260	   7	   0	8.186090e+01	 150	   0	2.523383e-01	3.775701e+01	1168	happy	happy_17.png	
CEVR	   2	 261	   7	   0	8.831041e+01	 134	 134	2.741321e-01	3.672587e+01	1576	happy	happy_6.png	
CEVR	   2	 262	   7	   0	9.487315e+01	 138	   0	2.747136e-01	3.782414e+01	1586	happy	happy_16.png	
CEVR	   2	 263	   7	   0	1.008936e+02	 157	   0	2.319957e-01	3.653601e+01	 718	happy	happy_11.png	
CEVR	   2	 264	   7	   0	1.081202e+02	 107	   0	3.433192e-01	3.665668e+01	2528	happy	happy_19.png	
CEVR	   2	 265	   7	   0	1.148342e+02	 135	 135	2.798790e-01	3.783964e+01	1673	happy	happy_13.png	
CEVR	   2	 266	   7	   0	1.216386e+02	 130	   0	2.931191e-01	3.817248e+01	1882	happy	happy_4.png	
CEVR	   2	 267	   7	   0	1.284112e+02	 105	   0	3.519978e-01	  37	2621	happy	happy_12.png	
CEVR	   2	 268	   7	   0	1.354814e+02	 135	 135	2.764141e-01	3.727641e+01	1615	happy	happy_21.png	
CEVR	   2	 269	   7	   0	1.418874e+02	 135	   0	2.689512e-01	3.619315e+01	1485	happy	happy_18.png	
CEVR	   2	 270	   7	   0	1.488949e+02	 134	   0	2.807892e-01	3.756158e+01	1688	happy	happy_8.png	
CEVR	   2	 271	   7	   0	1.563541e+02	 120	   0	3.151618e-01	3.794549e+01	2191	happy	happy_2.png	
CEVR	   2	 272	   7	   0	1.627021e+02	 141	 141	2.626242e-01	3.700000e+01	1369	happy	happy_15.png	
CEVR	   2	 273	   7	   0	1.692382e+02	 127	 127	2.818281e-01	3.587269e+01	1705	happy	happy_20.png	
CEVR	   2	 274	   7	   0	1.765078e+02	 153	   0	2.448478e-01	3.748970e+01	1011	happy	happy_15.png	
CEVR	   2	 275	   7	   0	1.836058e+02	 141	   0	2.573529e-01	3.622794e+01	1268	happy	happy_4.png	
CEVR	   2	 276	   7	   0	1.894501e+02	 139	 139	2.584830e-01	3.596607e+01	1290	happy	happy_18.png	
CEVR	   2	 277	   7	   0	1.959298e+02	 149	   0	2.554745e-01	3.802190e+01	1231	happy	happy_12.png	
CEVR	   2	 278	   7	   0	2.020556e+02	 141	   0	2.710339e-01	3.808414e+01	1522	happy	happy_5.png	
CEVR	   2	 279	   7	   0	2.084614e+02	 139	   0	2.687837e-01	3.726878e+01	1482	happy	happy_3.png	
CEVR	   2	 280	   7	   0	2.154189e+02	 144	   0	2.633720e-01	3.805349e+01	1383	happy	happy_11.png	
CEVR	   2	 281	   7	   0	2.226638e+02	 102	   0	3.462567e-01	3.526872e+01	2560	happy	happy_2.png	
CEVR	   2	 282	   7	   0	2.306578e+02	  94	   0	3.993216e-01	3.739932e+01	3057	happy	happy_19.png	
CEVR	   2	 283	   7	   0	2.377115e+02	  84	   0	4.427350e-01	  37	3375	happy	happy_1.png	
CEVR	   2	 284	   7	   0	2.450606e+02	  81	  81	4.738383e-01	3.842151e+01	3567	happy	happy_6.png	
CEVR	   2	 285	   7	   0	2.529141e+02	  72	   0	5.130745e-01	  37	3776	happy	happy_20.png	
CEVR	   2	 286	   7	   0	2.588730e+02	 153	   0	2.436959e-01	3.724370e+01	 986	happy	happy_17.png	
CEVR	   2	 287	   7	   0	2.651094e+02	 157	   0	2.393715e-01	3.747874e+01	 890	happy	happy_14.png	
CEVR	   2	 288	   7	   0	2.712249e+02	 146	   0	2.489427e-01	3.625317e+01	1098	happy	happy_13.png	
CEVR	   2	 289	   7	   0	2.778769e+02	 143	   0	2.524859e-01	3.599006e+01	1171	happy	happy_7.png	
CEVR	   2	 290	   7	   0	2.842196e+02	 178	   0	2.106719e-01	3.742134e+01	 153	happy	happy_8.png	
CEVR	   2	 291	   7	   0	2.907722e+02	 145	   0	2.625177e-01	3.805007e+01	1367	happy	happy_10.png	
CEVR	   2	 292	   7	   0	2.979253e+02	 150	   0	2.524859e-01	3.775746e+01	1171	happy	happy_9.png	
CEVR	   2	 293	   7	   0	3.036370e+02	 147	   0	2.584315e-01	3.803373e+01	1289	happy	happy_16.png	
CEVR	   2	 294	   7	   0	3.099935e+02	 136	 136	2.631579e-01	3.568421e+01	1379	happy	happy_21.png	
DEV	   2	 295	   8	   0	3.826312e+02	  77	  77	6.861911e-01	5.302283e+01	 821	scram	scram_17.png	
DEV	   2	 296	   8	   0	3.885222e+02	  76	  76	6.808712e-01	5.203308e+01	 844	scram	scram_12.png	
DEV	   2	 297	   8	   0	3.955033e+02	  76	  76	6.404565e-01	4.837357e+01	1025	scram	scram_21.png	
DEV	   2	 298	   8	   0	4.021723e+02	  71	   0	6.034826e-01	4.254951e+01	1202	scram	scram_10.png	
DEV	   2	 299	   8	   0	4.085761e+02	  76	  76	5.523805e-01	4.188415e+01	1470	scram	scram_14.png	
DEV	   2	 300	   8	   0	4.158978e+02	  75	  75	6.234294e-01	4.674671e+01	1105	scram	scram_1.png	
DEV	   2	 301	   8	   0	4.224376e+02	  71	  71	6.163503e-01	4.386551e+01	1139	scram	scram_4.png	
DEV	   2	 302	   8	   0	4.289759e+02	  70	  70	6.595583e-01	4.617720e+01	 938	scram	scram_19.png	
DEV	   2	 303	   8	   0	4.363277e+02	  75	   0	4.464224e-01	3.330300e+01	2164	scram	scram_11.png	
DEV	   2	 304	   8	   0	4.426707e+02	  75	  75	5.440237e-01	4.082305e+01	1517	scram	scram_5.png	
DEV	   2	 305	   8	   0	4.497466e+02	  78	  78	6.018718e-01	4.667431e+01	1210	scram	scram_9.png	
DEV	   2	 306	   8	   0	4.562353e+02	  76	  76	5.960769e-01	4.512259e+01	1239	scram	scram_13.png	
DEV	   2	 307	   8	   0	4.624169e+02	  71	  71	6.411051e-01	4.520587e+01	1022	scram	scram_20.png	
DEV	   2	 308	   8	   0	4.692193e+02	  81	   0	5.531000e-01	4.469400e+01	1466	scram	scram_6.png	
DEV	   2	 309	   8	   0	4.757222e+02	  73	  73	6.323040e-01	4.599868e+01	1063	scram	scram_3.png	
DEV	   2	 310	   8	   0	4.819162e+02	  76	   0	6.359368e-01	4.810914e+01	1046	scram	scram_18.png	
DEV	   2	 311	   8	   0	4.875644e+02	  72	  72	7.019199e-01	5.041240e+01	 754	scram	scram_2.png	
DEV	   2	 312	   8	   0	4.933482e+02	  79	  79	6.411051e-01	5.033471e+01	1022	scram	scram_16.png	
DEV	   2	 313	   8	   0	5.004081e+02	  71	  71	6.085499e-01	4.343483e+01	1177	scram	scram_15.png	
DEV	   2	 314	   8	   0	5.064832e+02	  71	  71	6.441414e-01	4.601153e+01	1008	scram	scram_7.png	
DEV	   2	 315	   8	   0	5.126140e+02	  78	  78	5.491588e-01	4.278355e+01	1488	scram	scram_8.png	
DEV	   2	 316	   8	   0	5.192968e+02	  79	   0	6.055034e-01	4.810960e+01	1192	scram	scram_6.png	
DEV	   2	 317	   8	   0	5.263197e+02	  82	  82	4.332860e-01	3.551350e+01	2270	scram	scram_5.png	
DEV	   2	 318	   8	   0	5.325646e+02	  78	   0	6.575542e-01	5.133336e+01	 947	scram	scram_18.png	
DEV	   2	 319	   8	   0	5.390936e+02	  86	   0	3.856605e-01	3.330086e+01	2711	scram	scram_2.png	
DEV	   2	 320	   8	   0	5.466359e+02	  86	   0	3.338119e-01	2.869713e+01	3311	scram	scram_14.png	
DEV	   2	 321	   8	   0	5.535453e+02	  79	   0	3.703440e-01	2.918948e+01	2875	scram	scram_7.png	
DEV	   2	 322	   8	   0	5.601848e+02	  71	  71	6.175927e-01	4.393375e+01	1133	scram	scram_12.png	
DEV	   2	 323	   8	   0	5.664229e+02	  81	  81	5.415691e-01	4.392236e+01	1531	scram	scram_1.png	
DEV	   2	 324	   8	   0	5.724090e+02	  71	  71	6.852630e-01	4.885754e+01	 825	scram	scram_15.png	
DEV	   2	 325	   8	   0	5.788898e+02	  78	   0	4.960598e-01	3.882977e+01	1809	scram	scram_21.png	
DEV	   2	 326	   8	   0	5.861007e+02	  76	   0	4.099468e-01	3.100324e+01	2474	scram	scram_19.png	
DEV	   2	 327	   8	   0	5.929431e+02	  79	   0	5.071057e-01	4.005594e+01	1738	scram	scram_8.png	
DEV	   2	 328	   8	   0	6.007559e+02	  77	  77	4.636920e-01	3.576528e+01	2033	scram	scram_17.png	
DEV	   2	 329	   8	   0	6.075637e+02	  74	  74	5.185435e-01	3.821344e+01	1667	scram	scram_4.png	
DEV	   2	 330	   8	   0	6.143446e+02	  79	  79	5.633100e-01	4.424486e+01	1410	scram	scram_20.png	
DEV	   2	 331	   8	   0	6.217077e+02	  84	  84	4.206256e-01	3.546730e+01	2378	scram	scram_10.png	
DEV	   2	 332	   8	   0	6.285531e+02	  86	   0	4.028996e-01	3.458219e+01	2540	scram	scram_3.png	
DEV	   2	 333	   8	   0	6.348627e+02	  76	   0	6.746785e-01	5.100210e+01	 871	scram	scram_16.png	
DEV	   2	 334	   8	   0	6.422984e+02	  74	  74	5.796810e-01	4.296791e+01	1323	scram	scram_9.png	
DEV	   2	 335	   8	   0	6.478946e+02	  73	   0	6.811017e-01	5.000297e+01	 843	scram	scram_11.png	
DEV	   2	 336	   8	   0	6.549790e+02	  82	  82	4.656080e-01	3.821720e+01	2019	scram	scram_13.png	
CEVR	   2	 337	   9	   0	7.670152e+02	 155	   0	2.335859e-01	3.629924e+01	 756	fear	fear_5.png	
CEVR	   2	 338	   9	   0	7.737047e+02	 147	   0	2.442935e-01	3.602283e+01	 999	fear	fear_4.png	
CEVR	   2	 339	   9	   0	7.805125e+02	 142	 142	2.570975e-01	3.648581e+01	1263	fear	fear_14.png	
CEVR	   2	 340	   9	   0	7.872178e+02	 135	   0	2.675620e-01	3.619731e+01	1460	fear	fear_20.png	
CEVR	   2	 341	   9	   0	7.943234e+02	 135	   0	2.789746e-01	3.755795e+01	1658	fear	fear_10.png	
CEVR	   2	 342	   9	   0	8.018363e+02	  85	  85	4.582449e-01	3.883298e+01	3474	fear	fear_8.png	
CEVR	   2	 343	   9	   0	8.091117e+02	 132	   0	2.856198e-01	3.757124e+01	1766	fear	fear_9.png	
CEVR	   2	 344	   9	   0	8.160313e+02	  88	  88	4.255669e-01	3.742557e+01	3257	fear	fear_17.png	
CEVR	   2	 345	   9	   0	8.231948e+02	 102	 102	3.672717e-01	3.736727e+01	2774	fear	fear_11.png	
CEVR	   2	 346	   9	   0	8.306782e+02	 101	 101	3.513294e-01	3.559468e+01	2614	fear	fear_6.png	
CEVR	   2	 347	   9	   0	8.385120e+02	 113	 113	3.391828e-01	3.835673e+01	2482	fear	fear_13.png	
CEVR	   2	 348	   9	   0	8.452163e+02	 101	 101	3.551838e-01	3.593445e+01	2654	fear	fear_1.png	
CEVR	   2	 349	   9	   0	8.528243e+02	 103	 103	3.559648e-01	3.664404e+01	2662	fear	fear_15.png	
CEVR	   2	 350	   9	   0	8.597088e+02	 109	 109	3.510436e-01	3.840417e+01	2611	fear	fear_2.png	
CEVR	   2	 351	   9	   0	8.664687e+02	 103	 103	3.466274e-01	3.561349e+01	2564	fear	fear_16.png	
CEVR	   2	 352	   9	   0	8.732694e+02	 104	 104	3.544061e-01	  37	2646	fear	fear_12.png	
CEVR	   2	 353	   9	   0	8.801324e+02	 106	 106	3.666478e-01	3.883324e+01	2768	fear	fear_19.png	
CEVR	   2	 354	   9	   0	8.870328e+02	  98	  98	3.713794e-01	3.625724e+01	2813	fear	fear_3.png	
CEVR	   2	 355	   9	   0	8.944549e+02	 107	 107	3.397167e-01	3.632057e+01	2488	fear	fear_18.png	
CEVR	   2	 356	   9	   0	9.014041e+02	 102	   0	3.638663e-01	  37	2741	fear	fear_7.png	
CEVR	   2	 357	   9	   0	9.089328e+02	 110	 110	3.407895e-01	3.734079e+01	2500	fear	fear_21.png	
CEVR	   2	 358	   9	   0	9.162862e+02	 103	   0	3.452413e-01	3.561903e+01	2549	fear	fear_14.png	
CEVR	   2	 359	   9	   0	9.237433e+02	 117	   0	3.282636e-01	3.831305e+01	2355	fear	fear_4.png	
CEVR	   2	 360	   9	   0	9.301563e+02	 105	   0	3.379436e-01	3.564823e+01	2468	fear	fear_9.png	
CEVR	   2	 361	   9	   0	9.377764e+02	 102	 102	3.547945e-01	3.629041e+01	2650	fear	fear_7.png	
CEVR	   2	 362	   9	   0	9.448169e+02	 104	 104	3.619340e-01	3.772387e+01	2722	fear	fear_12.png	
CEVR	   2	 363	   9	   0	9.522842e+02	  96	   0	3.672717e-01	3.516364e+01	2774	fear	fear_19.png	
CEVR	   2	 364	   9	   0	9.591639e+02	  95	   0	3.924242e-01	3.739242e+01	3000	fear	fear_17.png	
CEVR	   2	 365	   9	   0	9.668763e+02	 100	   0	3.768917e-01	3.775378e+01	2864	fear	fear_20.png	
CEVR	   2	 366	   9	   0	9.737593e+02	 114	 114	3.324775e-01	3.799743e+01	2405	fear	fear_3.png	
CEVR	   2	 367	   9	   0	9.804386e+02	 113	   0	3.318811e-01	3.766376e+01	2398	fear	fear_1.png	
CEVR	   2	 368	   9	   0	9.874901e+02	 112	 112	3.271854e-01	3.667281e+01	2342	fear	fear_13.png	
CEVR	   2	 369	   9	   0	9.943525e+02	 110	 110	3.465347e-01	3.803960e+01	2563	fear	fear_18.png	
CEVR	   2	 370	   9	   0	1.002147e+03	 112	   0	3.344525e-01	3.733445e+01	2428	fear	fear_6.png	
CEVR	   2	 371	   9	   0	1.009263e+03	 106	 106	3.364510e-01	3.565420e+01	2451	fear	fear_8.png	
CEVR	   2	 372	   9	   0	1.016833e+03	 107	   0	3.465347e-01	3.700000e+01	2563	fear	fear_11.png	
CEVR	   2	 373	   9	   0	1.024312e+03	 121	   0	3.154689e-01	3.826188e+01	2195	fear	fear_5.png	
CEVR	   2	 374	   9	   0	1.029516e+03	 164	 164	2.289604e-01	3.745792e+01	 644	fear	fear_21.png	
CEVR	   2	 375	   9	   0	1.036227e+03	 163	 163	2.215569e-01	3.611377e+01	 455	fear	fear_15.png	
CEVR	   2	 376	   9	   0	1.042542e+03	 171	   0	2.208767e-01	3.766263e+01	 437	fear	fear_2.png	
CEVR	   2	 377	   9	   0	1.048226e+03	 165	 165	2.273924e-01	3.745478e+01	 605	fear	fear_16.png	
CEVR	   2	 378	   9	   0	1.054236e+03	 152	 152	2.469489e-01	3.749390e+01	1056	fear	fear_10.png	
IEV	   2	 379	  10	   0	1.136937e+03	  17	  17	8.809108e-01	1.491843e+01	 789	happy	happy_16.png	
IEV	   2	 380	  10	   0	1.143071e+03	  23	  23	8.613116e-01	1.950558e+01	1099	happy	happy_12.png	
IEV	   2	 381	  10	   0	1.150250e+03	  28	  28	8.540084e-01	2.386193e+01	1191	happy	happy_15.png	
IEV	   2	 382	  10	   0	1.156103e+03	  33	  33	8.214455e-01	2.747162e+01	1527	happy	happy_3.png	
IEV	   2	 383	  10	   0	1.163097e+03	  44	   0	7.573864e-01	3.328272e+01	2020	happy	happy_14.png	
IEV	   2	 384	  10	   0	1.170733e+03	  60	  60	6.776779e-01	4.050529e+01	2505	happy	happy_4.png	
IEV	   2	 385	  10	   0	1.177855e+03	  54	  54	6.826643e-01	3.676745e+01	2477	happy	happy_17.png	
IEV	   2	 386	  10	   0	1.185096e+03	  65	  65	6.390121e-01	4.161988e+01	2715	happy	happy_7.png	
IEV	   2	 387	  10	   0	1.192589e+03	  79	  79	5.799178e-01	4.559382e+01	3018	happy	happy_18.png	
IEV	   2	 388	  10	   0	1.198696e+03	  18	  18	8.789149e-01	1.611565e+01	 827	happy	happy_13.png	
IEV	   2	 389	  10	   0	1.205463e+03	  96	  96	5.092105e-01	4.905290e+01	3364	happy	happy_20.png	
IEV	   2	 390	  10	   0	1.212325e+03	 104	   0	4.696260e-01	4.887956e+01	3554	happy	happy_6.png	
IEV	   2	 391	  10	   0	1.219180e+03	  29	  29	8.198888e-01	2.353050e+01	1541	happy	happy_5.png	
IEV	   2	 392	  10	   0	1.226622e+03	  71	  71	6.003777e-01	4.268661e+01	2915	happy	happy_2.png	
IEV	   2	 393	  10	   0	1.234901e+03	 110	 110	4.623127e-01	5.105565e+01	3589	happy	happy_19.png	
IEV	   2	 394	  10	   0	1.241722e+03	 111	 111	4.449672e-01	4.951519e+01	3672	happy	happy_11.png	
IEV	   2	 395	  10	   0	1.249654e+03	 128	 128	4.055806e-01	5.196670e+01	3861	happy	happy_9.png	
IEV	   2	 396	  10	   0	1.256886e+03	 130	 130	3.991508e-01	5.180801e+01	3892	happy	happy_1.png	
IEV	   2	 397	  10	   0	1.264149e+03	 132	   0	3.867419e-01	5.111288e+01	3952	happy	happy_8.png	
IEV	   2	 398	  10	   0	1.271264e+03	 110	   0	4.478924e-01	4.938726e+01	3658	happy	happy_10.png	
IEV	   2	 399	  10	   0	1.278608e+03	  39	  39	8.033345e-01	3.166167e+01	1682	happy	happy_21.png	
IEV	   2	 400	  10	   0	1.286303e+03	  44	   0	7.578314e-01	3.324639e+01	2017	happy	happy_1.png	
IEV	   2	 401	  10	   0	1.292905e+03	  52	  52	6.907630e-01	3.619159e+01	2431	happy	happy_11.png	
IEV	   2	 402	  10	   0	1.300045e+03	  59	   0	6.410893e-01	3.764597e+01	2704	happy	happy_3.png	
IEV	   2	 403	  10	   0	1.307226e+03	  71	  71	5.857123e-01	4.177130e+01	2989	happy	happy_16.png	
IEV	   2	 404	  10	   0	1.315046e+03	  72	  72	6.101808e-01	4.393997e+01	2865	happy	happy_9.png	
IEV	   2	 405	  10	   0	1.323365e+03	  81	  81	5.706761e-01	4.607741e+01	3064	happy	happy_20.png	
IEV	   2	 406	  10	   0	1.331416e+03	 101	 101	4.752654e-01	4.814858e+01	3527	happy	happy_21.png	
IEV	   2	 407	  10	   0	1.339165e+03	 105	 105	4.763094e-01	5.000508e+01	3522	happy	happy_10.png	
IEV	   2	 408	  10	   0	1.346861e+03	 108	   0	4.621037e-01	4.967776e+01	3590	happy	happy_4.png	
IEV	   2	 409	  10	   0	1.355292e+03	  97	  97	4.838227e-01	4.677820e+01	3486	happy	happy_7.png	
IEV	   2	 410	  10	   0	1.363021e+03	 103	   0	4.846570e-01	5.012946e+01	3482	happy	happy_2.png	
IEV	   2	 411	  10	   0	1.369816e+03	  78	  78	5.530437e-01	4.310189e+01	3151	happy	happy_15.png	
IEV	   2	 412	  10	   0	1.377677e+03	  88	  88	5.131502e-01	4.528229e+01	3345	happy	happy_6.png	
IEV	   2	 413	  10	   0	1.385534e+03	 103	   0	4.735948e-01	4.869993e+01	3535	happy	happy_13.png	
IEV	   2	 414	  10	   0	1.392387e+03	  65	  65	6.412779e-01	4.148091e+01	2703	happy	happy_8.png	
IEV	   2	 415	  10	   0	1.399778e+03	  70	   0	5.879035e-01	4.105266e+01	2978	happy	happy_5.png	
IEV	   2	 416	  10	   0	1.406871e+03	  55	  55	6.593504e-01	3.639116e+01	2606	happy	happy_17.png	
IEV	   2	 417	  10	   0	1.414443e+03	  54	  54	6.664890e-01	3.588784e+01	2567	happy	happy_14.png	
IEV	   2	 418	  10	   0	1.421213e+03	  55	  55	6.681256e-01	3.643954e+01	2558	happy	happy_12.png	
IEV	   2	 419	  10	   0	1.428685e+03	  56	  56	6.670350e-01	3.718312e+01	2564	happy	happy_18.png	
IEV	   2	 420	  10	   0	1.435692e+03	  50	  50	6.909378e-01	3.479718e+01	2430	happy	happy_19.png	
DEV	   2	 421	  11	   0	1.559503e+03	  77	  77	7.095523e-01	5.435043e+01	 722	fear	fear_15.png	
DEV	   2	 422	  11	   0	1.565329e+03	  75	  75	6.749069e-01	5.034016e+01	 870	fear	fear_14.png	
DEV	   2	 423	  11	   0	1.572645e+03	  70	  70	6.794902e-01	4.787695e+01	 850	fear	fear_13.png	
DEV	   2	 424	  11	   0	1.578511e+03	  78	   0	6.617925e-01	5.158744e+01	 928	fear	fear_2.png	
DEV	   2	 425	  11	   0	1.584298e+03	  76	  76	6.057059e-01	4.630537e+01	1191	fear	fear_18.png	
DEV	   2	 426	  11	   0	1.591785e+03	  74	   0	5.367073e-01	3.983805e+01	1559	fear	fear_11.png	
DEV	   2	 427	  11	   0	1.598060e+03	  85	  85	4.460406e-01	3.773959e+01	2167	fear	fear_8.png	
DEV	   2	 428	  11	   0	1.604927e+03	  79	   0	3.817279e-01	3.033481e+01	2752	fear	fear_20.png	
DEV	   2	 429	  11	   0	1.613167e+03	  79	   0	3.349981e-01	2.644156e+01	3296	fear	fear_12.png	
DEV	   2	 430	  11	   0	1.619269e+03	  74	   0	6.413215e-01	4.714137e+01	1021	fear	fear_6.png	
DEV	   2	 431	  11	   0	1.625914e+03	  68	  68	8.156484e-01	5.556803e+01	 305	fear	fear_5.png	
DEV	   2	 432	  11	   0	1.634300e+03	  81	   0	2.971070e-01	2.409156e+01	3786	fear	fear_17.png	
DEV	   2	 433	  11	   0	1.639690e+03	  69	   0	7.423348e-01	5.093045e+01	 588	fear	fear_21.png	
DEV	   2	 434	  11	   0	1.644949e+03	  73	  73	8.084312e-01	5.933282e+01	 332	fear	fear_10.png	
DEV	   2	 435	  11	   0	1.650984e+03	  73	  73	7.686591e-01	5.593266e+01	 484	fear	fear_4.png	
DEV	   2	 436	  11	   0	1.656296e+03	  72	   0	7.299497e-01	5.254858e+01	 638	fear	fear_16.png	
DEV	   2	 437	  11	   0	1.663379e+03	  73	  73	7.443330e-01	5.399850e+01	 580	fear	fear_9.png	
DEV	   2	 438	  11	   0	1.670367e+03	  72	  72	6.478495e-01	4.685944e+01	 991	fear	fear_7.png	
DEV	   2	 439	  11	   0	1.677265e+03	  73	  73	6.441414e-01	4.729981e+01	1008	fear	fear_19.png	
DEV	   2	 440	  11	   0	1.684129e+03	  77	   0	5.775768e-01	4.457599e+01	1334	fear	fear_1.png	
DEV	   2	 441	  11	   0	1.691078e+03	  70	  70	7.622631e-01	5.333973e+01	 509	fear	fear_3.png	
DEV	   2	 442	  11	   0	1.697747e+03	  67	  67	7.521185e-01	5.061832e+01	 549	fear	fear_5.png	
DEV	   2	 443	  11	   0	1.703875e+03	  73	  73	6.312400e-01	4.593915e+01	1068	fear	fear_19.png	
DEV	   2	 444	  11	   0	1.709996e+03	  68	   0	8.934747e-01	6.060805e+01	  23	fear	fear_14.png	
DEV	   2	 445	  11	   0	1.716370e+03	  79	  79	6.122301e-01	4.853634e+01	1159	fear	fear_3.png	
DEV	   2	 446	  11	   0	1.722501e+03	  73	   0	5.960769e-01	4.333436e+01	1239	fear	fear_20.png	
DEV	   2	 447	  11	   0	1.730389e+03	  84	   0	3.979169e-01	3.341720e+01	2588	fear	fear_4.png	
DEV	   2	 448	  11	   0	1.736768e+03	  75	  75	6.988413e-01	5.235002e+01	 767	fear	fear_1.png	
DEV	   2	 449	  11	   0	1.743201e+03	  76	  76	6.735379e-01	5.093729e+01	 876	fear	fear_8.png	
DEV	   2	 450	  11	   0	1.749860e+03	  71	  71	6.620164e-01	4.696671e+01	 927	fear	fear_2.png	
DEV	   2	 451	  11	   0	1.756006e+03	  82	  82	4.551079e-01	3.748407e+01	2097	fear	fear_15.png	
DEV	   2	 452	  11	   0	1.763582e+03	  77	   0	4.228020e-01	3.266502e+01	2359	fear	fear_12.png	
DEV	   2	 453	  11	   0	1.771262e+03	  84	   0	4.226869e-01	3.561632e+01	2360	fear	fear_21.png	
DEV	   2	 454	  11	   0	1.778289e+03	  83	  83	4.114719e-01	3.398069e+01	2460	fear	fear_10.png	
DEV	   2	 455	  11	   0	1.785993e+03	  87	   0	3.588243e-01	3.128125e+01	3006	fear	fear_9.png	
DEV	   2	 456	  11	   0	1.792546e+03	  83	  83	3.853703e-01	3.212308e+01	2714	fear	fear_17.png	
DEV	   2	 457	  11	   0	1.798775e+03	  84	   0	3.902602e-01	3.286337e+01	2664	fear	fear_6.png	
DEV	   2	 458	  11	   0	1.806235e+03	  78	   0	3.487275e-01	2.737363e+01	3126	fear	fear_11.png	
DEV	   2	 459	  11	   0	1.813639e+03	  80	   0	3.761003e-01	2.995240e+01	2812	fear	fear_16.png	
DEV	   2	 460	  11	   0	1.820435e+03	  81	   0	3.596840e-01	2.918838e+01	2996	fear	fear_18.png	
DEV	   2	 461	  11	   0	1.826993e+03	  78	  78	3.848874e-01	3.016403e+01	2719	fear	fear_13.png	
DEV	   2	 462	  11	   0	1.834486e+03	  76	   0	3.978143e-01	3.022728e+01	2589	fear	fear_7.png	
CEV	   2	 463	  12	   0	1.903864e+03	  47	   0	8.280000e-01	3.865600e+01	 504	scram	scram_17.png	
CEV	   2	 464	  12	   0	1.910280e+03	  43	   0	8.091429e-01	3.457257e+01	 636	scram	scram_1.png	
CEV	   2	 465	  12	   0	1.916894e+03	  52	  52	7.578571e-01	3.927357e+01	 995	scram	scram_13.png	
CEV	   2	 466	  12	   0	1.922644e+03	  47	  47	7.710000e-01	3.622900e+01	 903	scram	scram_16.png	
CEV	   2	 467	  12	   0	1.929921e+03	  48	  48	8.207143e-01	3.946214e+01	 555	scram	scram_18.png	
CEV	   2	 468	  12	   0	1.936129e+03	  47	   0	7.258571e-01	3.409657e+01	1219	scram	scram_4.png	
CEV	   2	 469	  12	   0	1.943073e+03	  74	   0	5.155714e-01	3.803114e+01	2691	scram	scram_7.png	
CEV	   2	 470	  12	   0	1.949259e+03	  48	  48	7.894286e-01	3.778943e+01	 774	scram	scram_15.png	
CEV	   2	 471	  12	   0	1.954973e+03	  50	   0	7.245714e-01	3.627543e+01	1228	scram	scram_14.png	
CEV	   2	 472	  12	   0	1.960779e+03	  45	   0	7.838571e-01	3.543229e+01	 813	scram	scram_6.png	
CEV	   2	 473	  12	   0	1.967135e+03	  62	   0	6.310000e-01	3.889300e+01	1883	scram	scram_8.png	
CEV	   2	 474	  12	   0	1.973461e+03	  49	  49	7.540000e-01	  37	1022	scram	scram_10.png	
CEV	   2	 475	  12	   0	1.980097e+03	  61	  61	6.660000e-01	4.033000e+01	1638	scram	scram_19.png	
CEV	   2	 476	  12	   0	1.987101e+03	  51	   0	6.704286e-01	3.431829e+01	1607	scram	scram_20.png	
CEV	   2	 477	  12	   0	1.994450e+03	  55	  55	6.861429e-01	3.768614e+01	1497	scram	scram_21.png	
CEV	   2	 478	  12	   0	2.000619e+03	  64	  64	6.232857e-01	4.011643e+01	1937	scram	scram_5.png	
CEV	   2	 479	  12	   0	2.007332e+03	  60	  60	6.392857e-01	3.827857e+01	1825	scram	scram_9.png	
CEV	   2	 480	  12	   0	2.014499e+03	  56	  56	6.527143e-01	3.634729e+01	1731	scram	scram_11.png	
CEV	   2	 481	  12	   0	2.021462e+03	  52	  52	6.542857e-01	3.372857e+01	1720	scram	scram_2.png	
CEV	   2	 482	  12	   0	2.028113e+03	  56	   0	6.287143e-01	3.511386e+01	1899	scram	scram_3.png	
CEV	   2	 483	  12	   0	2.035727e+03	  57	   0	6.391429e-01	3.636086e+01	1826	scram	scram_12.png	
CEV	   2	 484	  12	   0	2.042502e+03	  59	  59	6.531429e-01	3.830629e+01	1728	scram	scram_4.png	
CEV	   2	 485	  12	   0	2.049990e+03	  70	   0	5.040000e-01	3.548800e+01	2772	scram	scram_1.png	
CEV	   2	 486	  12	   0	2.056753e+03	  55	   0	6.541429e-01	3.569171e+01	1721	scram	scram_13.png	
CEV	   2	 487	  12	   0	2.063451e+03	  54	  54	6.454286e-01	3.506371e+01	1782	scram	scram_10.png	
CEV	   2	 488	  12	   0	2.070167e+03	  54	   0	6.388571e-01	3.444457e+01	1828	scram	scram_14.png	
CEV	   2	 489	  12	   0	2.077202e+03	  58	  58	6.050000e-01	3.518500e+01	2065	scram	scram_11.png	
CEV	   2	 490	  12	   0	2.083013e+03	  60	  60	6.401429e-01	3.828029e+01	1819	scram	scram_17.png	
CEV	   2	 491	  12	   0	2.089912e+03	  59	  59	6.438571e-01	3.828771e+01	1793	scram	scram_20.png	
CEV	   2	 492	  12	   0	2.096921e+03	  71	  71	5.282857e-01	3.752829e+01	2602	scram	scram_9.png	
CEV	   2	 493	  12	   0	2.104168e+03	  72	   0	5.448571e-01	3.917943e+01	2486	scram	scram_19.png	
CEV	   2	 494	  12	   0	2.112316e+03	  82	   0	4.607143e-01	3.792143e+01	3075	scram	scram_6.png	
CEV	   2	 495	  12	   0	2.118584e+03	  64	   0	5.671429e-01	3.643286e+01	2330	scram	scram_21.png	
CEV	   2	 496	  12	   0	2.126700e+03	  80	   0	4.680000e-01	3.746800e+01	3024	scram	scram_7.png	
CEV	   2	 497	  12	   0	2.134388e+03	  76	  76	4.757143e-01	3.604857e+01	2970	scram	scram_18.png	
CEV	   2	 498	  12	   0	2.141450e+03	  81	  81	4.574286e-01	3.700000e+01	3098	scram	scram_5.png	
CEV	   2	 499	  12	   0	2.149875e+03	  99	   0	3.844286e-01	3.815329e+01	3609	scram	scram_2.png	
CEV	   2	 500	  12	   0	2.157911e+03	  86	   0	4.048571e-01	3.497571e+01	3466	scram	scram_3.png	
CEV	   2	 501	  12	   0	2.164969e+03	  77	   0	4.562857e-01	3.517486e+01	3106	scram	scram_12.png	
CEV	   2	 502	  12	   0	2.171258e+03	  50	  50	8.257143e-01	4.112857e+01	 520	scram	scram_15.png	
CEV	   2	 503	  12	   0	2.177143e+03	  59	  59	6.771429e-01	3.970857e+01	1560	scram	scram_8.png	
CEV	   2	 504	  12	   0	2.184925e+03	  74	   0	5.108571e-01	3.802171e+01	2724	scram	scram_16.png	
