#Subj:	10717
#Run:	1
#Age:	14
#Gender:	female
#24-Apr-2013
Func	Run	Trial	Block	Null	trialStartTime	Mag	ScoreInc	Freq	EV	RT	Emotion	Image
CEV	   1	   1	  12	   0	1.260693e+02	  55	   0	7.021429e-01	3.840429e+01	1385	scram	scram_16.png	
CEV	   1	   2	  12	   0	1.335332e+02	  67	  67	5.694286e-01	3.813886e+01	2314	scram	scram_8.png	
CEV	   1	   3	  12	   0	1.412367e+02	  78	  78	4.860000e-01	3.797200e+01	2898	scram	scram_15.png	
CEV	   1	   4	  12	   0	1.479140e+02	  82	  82	4.631429e-01	3.792629e+01	3058	scram	scram_12.png	
CEV	   1	   5	  12	   0	1.563219e+02	  99	  99	3.662857e-01	3.626743e+01	3736	scram	scram_3.png	
CEV	   1	   6	  12	   0	1.640735e+02	  93	   0	3.820000e-01	3.547200e+01	3626	scram	scram_2.png	
CEV	   1	   7	  12	   0	1.702214e+02	  47	  47	8.161429e-01	3.863229e+01	 587	scram	scram_5.png	
CEV	   1	   8	  12	   0	1.770241e+02	  61	  61	6.561429e-01	4.028071e+01	1707	scram	scram_18.png	
CEV	   1	   9	  12	   0	1.839897e+02	  74	  74	4.964286e-01	3.650357e+01	2825	scram	scram_7.png	
CEV	   1	  10	  12	   0	1.916365e+02	  86	   0	4.435714e-01	3.833071e+01	3195	scram	scram_21.png	
CEV	   1	  11	  12	   0	1.993656e+02	  51	  51	6.840000e-01	3.494800e+01	1512	scram	scram_6.png	
CEV	   1	  12	  12	   0	2.062814e+02	  64	   0	5.667143e-01	3.643329e+01	2333	scram	scram_19.png	
CEV	   1	  13	  12	   0	2.124667e+02	  46	  46	8.337143e-01	3.866743e+01	 464	scram	scram_9.png	
CEV	   1	  14	  12	   0	2.189487e+02	  48	  48	7.467143e-01	3.550657e+01	1073	scram	scram_20.png	
CEV	   1	  15	  12	   0	2.247728e+02	  49	  49	7.904286e-01	3.858086e+01	 767	scram	scram_17.png	
CEV	   1	  16	  12	   0	2.320084e+02	  55	  55	6.270000e-01	3.449200e+01	1911	scram	scram_11.png	
CEV	   1	  17	  12	   0	2.381337e+02	  74	  74	5.361429e-01	3.968071e+01	2547	scram	scram_14.png	
CEV	   1	  18	  12	   0	2.449333e+02	  94	  94	4.000000e-01	3.740000e+01	3500	scram	scram_10.png	
CEV	   1	  19	  12	   0	2.528746e+02	  98	  98	3.895714e-01	3.816871e+01	3573	scram	scram_13.png	
CEV	   1	  20	  12	   0	2.615250e+02	 104	   0	3.570000e-01	  37	3801	scram	scram_1.png	
CEV	   1	  21	  12	   0	2.692226e+02	  97	   0	3.998571e-01	3.859943e+01	3501	scram	scram_4.png	
CEV	   1	  22	  12	   0	2.767103e+02	  85	  85	4.368571e-01	  37	3242	scram	scram_12.png	
CEV	   1	  23	  12	   0	2.841790e+02	  86	  86	4.098571e-01	3.536057e+01	3431	scram	scram_3.png	
CEV	   1	  24	  12	   0	2.938195e+02	  91	  91	4.205714e-01	3.826171e+01	3356	scram	scram_2.png	
CEV	   1	  25	  12	   0	3.020381e+02	  96	  96	3.975714e-01	3.819271e+01	3517	scram	scram_11.png	
CEV	   1	  26	  12	   0	3.089385e+02	  97	  97	3.988571e-01	3.859543e+01	3508	scram	scram_9.png	
CEV	   1	  27	  12	   0	3.163116e+02	  95	  95	3.791429e-01	3.586257e+01	3646	scram	scram_5.png	
CEV	   1	  28	  12	   0	3.243751e+02	  99	   0	3.794286e-01	3.737943e+01	3644	scram	scram_21.png	
CEV	   1	  29	  12	   0	3.332061e+02	  91	   0	4.024286e-01	3.659757e+01	3483	scram	scram_20.png	
CEV	   1	  30	  12	   0	3.399607e+02	  48	  48	7.844286e-01	3.778443e+01	 809	scram	scram_19.png	
CEV	   1	  31	  12	   0	3.473843e+02	  69	  69	5.687143e-01	3.927486e+01	2319	scram	scram_10.png	
CEV	   1	  32	  12	   0	3.542308e+02	  81	   0	4.747143e-01	3.842414e+01	2977	scram	scram_8.png	
CEV	   1	  33	  12	   0	3.603004e+02	  63	  63	5.790000e-01	3.642100e+01	2247	scram	scram_6.png	
CEV	   1	  34	  12	   0	3.669885e+02	  66	  66	5.257143e-01	3.489714e+01	2620	scram	scram_14.png	
CEV	   1	  35	  12	   0	3.742210e+02	  81	   0	4.581429e-01	  37	3093	scram	scram_15.png	
CEV	   1	  36	  12	   0	3.801347e+02	  52	  52	7.730000e-01	4.009200e+01	 889	scram	scram_7.png	
CEV	   1	  37	  12	   0	3.872847e+02	  64	  64	5.872857e-01	3.758729e+01	2189	scram	scram_4.png	
CEV	   1	  38	  12	   0	3.954797e+02	  79	  79	4.384286e-01	3.480786e+01	3231	scram	scram_18.png	
CEV	   1	  39	  12	   0	4.021024e+02	  91	   0	3.937143e-01	3.581886e+01	3544	scram	scram_16.png	
CEV	   1	  40	  12	   0	4.103148e+02	  79	   0	4.565714e-01	3.608686e+01	3104	scram	scram_13.png	
CEV	   1	  41	  12	   0	4.173551e+02	  57	  57	6.208571e-01	3.513743e+01	1954	scram	scram_1.png	
CEV	   1	  42	  12	   0	4.232868e+02	  42	  42	8.474286e-01	3.530514e+01	 368	scram	scram_17.png	
DEV	   1	  43	  11	   0	4.935818e+02	  80	   0	5.221682e-01	4.156480e+01	1645	fear	fear_7.png	
DEV	   1	  44	  11	   0	5.006769e+02	  82	  82	3.697136e-01	3.025617e+01	2882	fear	fear_13.png	
DEV	   1	  45	  11	   0	5.085995e+02	  81	   0	3.013531e-01	2.439869e+01	3731	fear	fear_18.png	
DEV	   1	  46	  11	   0	5.153623e+02	  80	   0	3.410654e-01	2.719603e+01	3220	fear	fear_16.png	
DEV	   1	  47	  11	   0	5.215342e+02	  75	   0	6.398087e-01	4.769595e+01	1028	fear	fear_11.png	
DEV	   1	  48	  11	   0	5.287271e+02	  77	   0	3.899636e-01	3.011212e+01	2667	fear	fear_6.png	
DEV	   1	  49	  11	   0	5.356781e+02	  76	   0	4.157778e-01	3.178999e+01	2421	fear	fear_17.png	
DEV	   1	  50	  11	   0	5.428461e+02	  77	   0	3.566028e-01	2.754650e+01	3032	fear	fear_9.png	
DEV	   1	  51	  11	   0	5.498599e+02	  87	   0	3.044304e-01	2.644682e+01	3691	fear	fear_10.png	
DEV	   1	  52	  11	   0	5.560017e+02	  68	  68	7.398435e-01	5.007690e+01	 598	fear	fear_21.png	
DEV	   1	  53	  11	   0	5.631346e+02	  73	   0	6.169711e-01	4.513356e+01	1136	fear	fear_12.png	
DEV	   1	  54	  11	   0	5.711902e+02	  71	   0	7.383521e-01	5.222506e+01	 604	fear	fear_15.png	
DEV	   1	  55	  11	   0	5.786235e+02	  76	  76	4.573603e-01	3.489754e+01	2080	fear	fear_2.png	
DEV	   1	  56	  11	   0	5.853215e+02	  75	  75	4.580266e-01	3.448210e+01	2075	fear	fear_8.png	
DEV	   1	  57	  11	   0	5.926075e+02	  83	   0	4.664334e-01	3.874108e+01	2013	fear	fear_1.png	
DEV	   1	  58	  11	   0	5.992915e+02	  74	  74	6.778825e-01	4.982786e+01	 857	fear	fear_4.png	
DEV	   1	  59	  11	   0	6.057845e+02	  81	   0	5.545429e-01	4.479008e+01	1458	fear	fear_20.png	
DEV	   1	  60	  11	   0	6.124137e+02	  72	  72	6.981327e-01	5.021681e+01	 770	fear	fear_3.png	
DEV	   1	  61	  11	   0	6.197185e+02	  72	  72	7.107519e-01	5.086352e+01	 717	fear	fear_14.png	
DEV	   1	  62	  11	   0	6.258974e+02	  72	  72	6.391616e-01	4.574131e+01	1031	fear	fear_19.png	
DEV	   1	  63	  11	   0	6.328544e+02	  71	  71	6.465381e-01	4.614095e+01	 997	fear	fear_5.png	
DEV	   1	  64	  11	   0	6.391339e+02	  75	  75	5.948865e-01	4.445597e+01	1245	fear	fear_3.png	
DEV	   1	  65	  11	   0	6.459575e+02	  82	   0	5.098084e-01	4.176318e+01	1721	fear	fear_1.png	
DEV	   1	  66	  11	   0	6.533459e+02	  76	  76	5.929092e-01	4.493152e+01	1255	fear	fear_19.png	
DEV	   1	  67	  11	   0	6.625228e+02	  82	   0	3.098805e-01	2.532037e+01	3620	fear	fear_7.png	
DEV	   1	  68	  11	   0	6.705267e+02	  81	  81	3.532229e-01	2.873596e+01	3072	fear	fear_9.png	
DEV	   1	  69	  11	   0	6.771500e+02	  79	  79	5.771953e-01	4.570661e+01	1336	fear	fear_16.png	
DEV	   1	  70	  11	   0	6.853431e+02	  79	   0	3.533909e-01	2.804096e+01	3070	fear	fear_4.png	
DEV	   1	  71	  11	   0	6.907220e+02	  71	  71	6.348659e-01	4.487196e+01	1051	fear	fear_10.png	
DEV	   1	  72	  11	   0	6.964581e+02	  80	   0	5.751029e-01	4.614701e+01	1347	fear	fear_21.png	
DEV	   1	  73	  11	   0	7.027740e+02	  77	  77	5.808329e-01	4.477854e+01	1317	fear	fear_17.png	
DEV	   1	  74	  11	   0	7.088396e+02	  73	  73	6.012691e-01	4.363066e+01	1213	fear	fear_5.png	
DEV	   1	  75	  11	   0	7.158899e+02	  79	  79	5.700090e-01	4.524295e+01	1374	fear	fear_6.png	
DEV	   1	  76	  11	   0	7.235470e+02	  72	  72	5.631254e-01	4.029116e+01	1411	fear	fear_12.png	
DEV	   1	  77	  11	   0	7.294460e+02	  78	   0	5.541817e-01	4.310349e+01	1460	fear	fear_20.png	
DEV	   1	  78	  11	   0	7.359750e+02	  77	  77	5.760528e-01	4.448098e+01	1342	fear	fear_8.png	
DEV	   1	  79	  11	   0	7.437160e+02	  81	  81	3.818230e-01	3.110490e+01	2751	fear	fear_11.png	
DEV	   1	  80	  11	   0	7.500920e+02	  83	  83	3.917496e-01	3.257953e+01	2649	fear	fear_18.png	
DEV	   1	  81	  11	   0	7.573936e+02	  83	  83	3.901613e-01	3.246604e+01	2665	fear	fear_2.png	
DEV	   1	  82	  11	   0	7.646099e+02	  80	   0	4.075719e-01	3.248207e+01	2496	fear	fear_13.png	
DEV	   1	  83	  11	   0	7.717652e+02	  87	  87	3.151758e-01	2.727818e+01	3551	fear	fear_14.png	
DEV	   1	  84	  11	   0	7.796132e+02	  88	   0	3.119518e-01	2.734177e+01	3593	fear	fear_15.png	
IEV	   1	  85	  10	   0	8.528192e+02	  22	  22	8.773167e-01	1.899556e+01	 856	happy	happy_19.png	
IEV	   1	  86	  10	   0	8.593422e+02	  30	  30	8.215561e-01	2.499567e+01	1526	happy	happy_18.png	
IEV	   1	  87	  10	   0	8.659169e+02	  60	  60	6.547349e-01	3.933163e+01	2631	happy	happy_12.png	
IEV	   1	  88	  10	   0	8.747310e+02	 134	   0	3.974935e-01	5.346097e+01	3900	happy	happy_14.png	
IEV	   1	  89	  10	   0	8.821399e+02	 101	 101	4.854913e-01	4.912292e+01	3478	happy	happy_17.png	
IEV	   1	  90	  10	   0	8.893036e+02	 111	   0	4.591778e-01	5.118156e+01	3604	happy	happy_5.png	
IEV	   1	  91	  10	   0	8.968688e+02	 106	   0	4.635666e-01	4.915074e+01	3583	happy	happy_8.png	
IEV	   1	  92	  10	   0	9.046430e+02	 115	   0	4.520719e-01	5.191541e+01	3638	happy	happy_13.png	
IEV	   1	  93	  10	   0	9.122484e+02	  62	  62	6.478494e-01	4.042606e+01	2668	happy	happy_6.png	
IEV	   1	  94	  10	   0	9.201102e+02	 106	 106	4.562518e-01	4.856069e+01	3618	happy	happy_15.png	
IEV	   1	  95	  10	   0	9.274083e+02	  61	  61	6.489704e-01	3.970596e+01	2662	happy	happy_2.png	
IEV	   1	  96	  10	   0	9.351743e+02	 113	 113	4.549978e-01	5.134793e+01	3624	happy	happy_7.png	
IEV	   1	  97	  10	   0	9.422296e+02	  54	  54	6.693955e-01	3.635019e+01	2551	happy	happy_4.png	
IEV	   1	  98	  10	   0	9.502945e+02	 105	 105	4.600138e-01	4.838800e+01	3600	happy	happy_10.png	
IEV	   1	  99	  10	   0	9.576201e+02	  54	   0	6.739106e-01	3.670449e+01	2526	happy	happy_21.png	
IEV	   1	 100	  10	   0	9.656927e+02	 107	 107	4.591778e-01	4.934485e+01	3604	happy	happy_20.png	
IEV	   1	 101	  10	   0	9.738468e+02	 109	   0	4.687904e-01	5.126113e+01	3558	happy	happy_9.png	
IEV	   1	 102	  10	   0	9.815465e+02	  54	  54	6.803545e-01	3.692981e+01	2490	happy	happy_16.png	
IEV	   1	 103	  10	   0	9.890883e+02	 116	 116	4.305603e-01	5.013293e+01	3741	happy	happy_3.png	
IEV	   1	 104	  10	   0	9.958115e+02	  65	  65	6.356016e-01	4.119218e+01	2733	happy	happy_11.png	
IEV	   1	 105	  10	   0	1.004008e+03	 112	   0	4.524898e-01	5.054192e+01	3636	happy	happy_1.png	
IEV	   1	 106	  10	   0	1.011083e+03	  56	  56	6.608209e-01	3.694891e+01	2598	happy	happy_21.png	
IEV	   1	 107	  10	   0	1.019126e+03	 103	 103	4.706706e-01	4.836176e+01	3549	happy	happy_10.png	
IEV	   1	 108	  10	   0	1.026660e+03	 103	   0	4.725505e-01	4.874735e+01	3540	happy	happy_8.png	
IEV	   1	 109	  10	   0	1.032776e+03	  52	  52	6.773201e-01	3.510987e+01	2507	happy	happy_1.png	
IEV	   1	 110	  10	   0	1.040406e+03	  82	  82	5.638080e-01	4.643048e+01	3098	happy	happy_9.png	
IEV	   1	 111	  10	   0	1.047443e+03	  97	   0	5.121139e-01	4.943359e+01	3350	happy	happy_11.png	
IEV	   1	 112	  10	   0	1.055359e+03	 102	   0	4.804843e-01	4.886481e+01	3502	happy	happy_19.png	
IEV	   1	 113	  10	   0	1.062868e+03	  97	  97	4.869509e-01	4.710981e+01	3471	happy	happy_2.png	
IEV	   1	 114	  10	   0	1.070661e+03	 103	   0	4.938274e-01	5.072231e+01	3438	happy	happy_5.png	
IEV	   1	 115	  10	   0	1.076566e+03	  30	  30	8.278314e-01	2.515480e+01	1468	happy	happy_6.png	
IEV	   1	 116	  10	   0	1.084126e+03	  56	  56	6.783928e-01	3.774543e+01	2501	happy	happy_20.png	
IEV	   1	 117	  10	   0	1.091181e+03	 107	 107	4.698349e-01	5.027964e+01	3553	happy	happy_13.png	
IEV	   1	 118	  10	   0	1.098198e+03	  61	   0	6.433492e-01	3.942321e+01	2692	happy	happy_18.png	
IEV	   1	 119	  10	   0	1.105958e+03	 101	   0	4.664921e-01	4.715431e+01	3569	happy	happy_7.png	
IEV	   1	 120	  10	   0	1.113221e+03	  62	   0	6.644833e-01	4.134588e+01	2578	happy	happy_17.png	
IEV	   1	 121	  10	   0	1.119786e+03	  22	  22	8.536752e-01	1.878035e+01	1195	happy	happy_4.png	
IEV	   1	 122	  10	   0	1.127008e+03	  89	   0	5.185336e-01	4.603505e+01	3319	happy	happy_14.png	
IEV	   1	 123	  10	   0	1.134020e+03	  58	   0	6.457901e-01	3.732735e+01	2679	happy	happy_3.png	
IEV	   1	 124	  10	   0	1.141276e+03	  42	  42	7.352919e-01	3.061905e+01	2164	happy	happy_15.png	
IEV	   1	 125	  10	   0	1.147972e+03	  53	   0	6.923337e-01	3.677103e+01	2422	happy	happy_12.png	
IEV	   1	 126	  10	   0	1.157062e+03	 107	   0	4.687904e-01	5.032355e+01	3558	happy	happy_16.png	
CEVR	   1	 127	   9	   0	1.229391e+03	 156	   0	2.431468e-01	3.797259e+01	 974	fear	fear_10.png	
CEVR	   1	 128	   9	   0	1.235539e+03	 132	 132	2.849912e-01	3.756998e+01	1756	fear	fear_16.png	
CEVR	   1	 129	   9	   0	1.241858e+03	 132	   0	2.691748e-01	3.565413e+01	1489	fear	fear_2.png	
CEVR	   1	 130	   9	   0	1.248327e+03	 129	   0	2.875861e-01	  37	1797	fear	fear_15.png	
CEVR	   1	 131	   9	   0	1.254508e+03	 138	   0	2.762372e-01	3.810495e+01	1612	fear	fear_21.png	
CEVR	   1	 132	   9	   0	1.262002e+03	 111	   0	3.350582e-01	3.733506e+01	2435	fear	fear_5.png	
CEVR	   1	 133	   9	   0	1.269390e+03	  91	   0	4.203181e-01	3.826095e+01	3219	fear	fear_11.png	
CEVR	   1	 134	   9	   0	1.276224e+03	 157	   0	2.318296e-01	3.630451e+01	 714	fear	fear_8.png	
CEVR	   1	 135	   9	   0	1.283047e+03	 147	 147	2.580709e-01	3.803228e+01	1282	fear	fear_6.png	
CEVR	   1	 136	   9	   0	1.289680e+03	 142	 142	2.611414e-01	  37	1341	fear	fear_18.png	
CEVR	   1	 137	   9	   0	1.296516e+03	 147	   0	2.598315e-01	3.829916e+01	1316	fear	fear_13.png	
CEVR	   1	 138	   9	   0	1.303160e+03	 140	   0	2.645557e-01	  37	1405	fear	fear_1.png	
CEVR	   1	 139	   9	   0	1.309998e+03	 144	   0	2.493742e-01	3.600250e+01	1107	fear	fear_3.png	
CEVR	   1	 140	   9	   0	1.316399e+03	 133	 133	2.671756e-01	3.566412e+01	1453	fear	fear_20.png	
CEVR	   1	 141	   9	   0	1.322445e+03	 131	 131	2.831220e-01	  37	1726	fear	fear_17.png	
CEVR	   1	 142	   9	   0	1.329995e+03	 145	   0	2.614577e-01	3.778437e+01	1347	fear	fear_19.png	
CEVR	   1	 143	   9	   0	1.336406e+03	 135	 135	2.774207e-01	3.755484e+01	1632	fear	fear_12.png	
CEVR	   1	 144	   9	   0	1.343529e+03	 134	   0	2.800606e-01	3.756012e+01	1676	fear	fear_7.png	
CEVR	   1	 145	   9	   0	1.349516e+03	 145	   0	2.643936e-01	3.832197e+01	1402	fear	fear_9.png	
CEVR	   1	 146	   9	   0	1.356687e+03	 119	   0	3.201483e-01	3.796044e+01	2255	fear	fear_4.png	
CEVR	   1	 147	   9	   0	1.363294e+03	 115	   0	3.199901e-01	3.668001e+01	2253	fear	fear_14.png	
CEVR	   1	 148	   9	   0	1.370774e+03	 124	 124	2.882903e-01	3.584684e+01	1808	fear	fear_21.png	
CEVR	   1	 149	   9	   0	1.377649e+03	 126	   0	2.859982e-01	3.614201e+01	1772	fear	fear_7.png	
CEVR	   1	 150	   9	   0	1.384752e+03	 125	   0	3.043478e-01	3.791304e+01	2045	fear	fear_18.png	
CEVR	   1	 151	   9	   0	1.391186e+03	 138	   0	2.602492e-01	3.595900e+01	1324	fear	fear_3.png	
CEVR	   1	 152	   9	   0	1.398448e+03	 127	   0	2.914697e-01	  37	1857	fear	fear_19.png	
CEVR	   1	 153	   9	   0	1.406391e+03	  77	   0	4.931455e-01	3.798629e+01	3674	fear	fear_12.png	
CEVR	   1	 154	   9	   0	1.412687e+03	 148	   0	2.461509e-01	3.650770e+01	1039	fear	fear_16.png	
CEVR	   1	 155	   9	   0	1.418640e+03	 131	   0	2.720588e-01	3.563971e+01	1540	fear	fear_2.png	
CEVR	   1	 156	   9	   0	1.424603e+03	 137	 137	2.633720e-01	3.620988e+01	1383	fear	fear_15.png	
CEVR	   1	 157	   9	   0	1.432028e+03	 138	 138	2.653145e-01	3.673469e+01	1419	fear	fear_1.png	
CEVR	   1	 158	   9	   0	1.439171e+03	 141	   0	2.616162e-01	  37	1350	fear	fear_13.png	
CEVR	   1	 159	   9	   0	1.446028e+03	 129	   0	2.977011e-01	3.848851e+01	1950	fear	fear_6.png	
CEVR	   1	 160	   9	   0	1.453136e+03	 134	   0	2.672307e-01	3.593108e+01	1454	fear	fear_11.png	
CEVR	   1	 161	   9	   0	1.459098e+03	 139	   0	2.626775e-01	3.647465e+01	1370	fear	fear_17.png	
CEVR	   1	 162	   9	   0	1.466580e+03	 100	   0	3.694722e-01	  37	2795	fear	fear_9.png	
CEVR	   1	 163	   9	   0	1.473061e+03	 145	   0	2.539216e-01	3.674608e+01	1200	fear	fear_8.png	
CEVR	   1	 164	   9	   0	1.480573e+03	 130	   0	2.792754e-01	3.644145e+01	1663	fear	fear_10.png	
CEVR	   1	 165	   9	   0	1.487180e+03	 140	   0	2.676726e-01	3.753535e+01	1462	fear	fear_20.png	
CEVR	   1	 166	   9	   0	1.493757e+03	 125	   0	3.000463e-01	3.760009e+01	1984	fear	fear_14.png	
CEVR	   1	 167	   9	   0	1.500538e+03	 145	 145	2.493742e-01	3.625188e+01	1107	fear	fear_4.png	
CEVR	   1	 168	   9	   0	1.507946e+03	 154	 154	2.475626e-01	3.823781e+01	1069	fear	fear_5.png	
DEV	   1	 169	   8	   0	1.580858e+03	  71	  71	5.954813e-01	4.210930e+01	1242	scram	scram_13.png	
DEV	   1	 170	   8	   0	1.587633e+03	  88	   0	3.121820e-01	2.735976e+01	3590	scram	scram_11.png	
DEV	   1	 171	   8	   0	1.595717e+03	  80	   0	3.421947e-01	2.727384e+01	3206	scram	scram_9.png	
DEV	   1	 172	   8	   0	1.602969e+03	  80	   0	4.240718e-01	3.402006e+01	2348	scram	scram_16.png	
DEV	   1	 173	   8	   0	1.609821e+03	  74	   0	5.419188e-01	4.015243e+01	1529	scram	scram_3.png	
DEV	   1	 174	   8	   0	1.615842e+03	  75	  75	6.726269e-01	5.021281e+01	 880	scram	scram_10.png	
DEV	   1	 175	   8	   0	1.622083e+03	  72	  72	6.219642e-01	4.479502e+01	1112	scram	scram_20.png	
DEV	   1	 176	   8	   0	1.628559e+03	  77	  77	5.642341e-01	4.317559e+01	1405	scram	scram_4.png	
DEV	   1	 177	   8	   0	1.635581e+03	  71	  71	7.996710e-01	5.654258e+01	 365	scram	scram_17.png	
DEV	   1	 178	   8	   0	1.642317e+03	  77	   0	5.099681e-01	3.922431e+01	1720	scram	scram_8.png	
DEV	   1	 179	   8	   0	1.650354e+03	  79	  79	4.063942e-01	3.199578e+01	2507	scram	scram_19.png	
DEV	   1	 180	   8	   0	1.658108e+03	  82	  82	3.813481e-01	3.145309e+01	2756	scram	scram_21.png	
DEV	   1	 181	   8	   0	1.665302e+03	  86	   0	3.431658e-01	2.939967e+01	3194	scram	scram_15.png	
DEV	   1	 182	   8	   0	1.671444e+03	  74	  74	7.146028e-01	5.320176e+01	 701	scram	scram_1.png	
DEV	   1	 183	   8	   0	1.678293e+03	  82	  82	3.838290e-01	3.162872e+01	2730	scram	scram_12.png	
DEV	   1	 184	   8	   0	1.684259e+03	  77	   0	6.938953e-01	5.346594e+01	 788	scram	scram_7.png	
DEV	   1	 185	   8	   0	1.692300e+03	  84	  84	3.860481e-01	3.255770e+01	2707	scram	scram_14.png	
DEV	   1	 186	   8	   0	1.698802e+03	  82	  82	3.911526e-01	3.214573e+01	2655	scram	scram_2.png	
DEV	   1	 187	   8	   0	1.705668e+03	  81	  81	3.621078e-01	2.935754e+01	2968	scram	scram_18.png	
DEV	   1	 188	   8	   0	1.712597e+03	  79	  79	3.689057e-01	2.909259e+01	2891	scram	scram_5.png	
DEV	   1	 189	   8	   0	1.720968e+03	  80	  80	3.825850e-01	3.077551e+01	2743	scram	scram_6.png	
DEV	   1	 190	   8	   0	1.727841e+03	  83	   0	3.786145e-01	3.125926e+01	2785	scram	scram_8.png	
DEV	   1	 191	   8	   0	1.734621e+03	  83	   0	3.961799e-01	3.289558e+01	2605	scram	scram_7.png	
DEV	   1	 192	   8	   0	1.740883e+03	  75	  75	6.518009e-01	4.903090e+01	 973	scram	scram_15.png	
DEV	   1	 193	   8	   0	1.747914e+03	  77	  77	3.860481e-01	2.985537e+01	2707	scram	scram_16.png	
DEV	   1	 194	   8	   0	1.755788e+03	  81	   0	3.880947e-01	3.154203e+01	2686	scram	scram_2.png	
DEV	   1	 195	   8	   0	1.762011e+03	  73	   0	6.765075e-01	4.907630e+01	 863	scram	scram_18.png	
DEV	   1	 196	   8	   0	1.768676e+03	  81	   0	4.703193e-01	3.807440e+01	1985	scram	scram_3.png	
DEV	   1	 197	   8	   0	1.775591e+03	  83	   0	3.237320e-01	2.696186e+01	3440	scram	scram_6.png	
DEV	   1	 198	   8	   0	1.782368e+03	  72	   0	5.980673e-01	4.285007e+01	1229	scram	scram_20.png	
DEV	   1	 199	   8	   0	1.789344e+03	  73	  73	7.957116e-01	5.796534e+01	 380	scram	scram_13.png	
DEV	   1	 200	   8	   0	1.795827e+03	  69	  69	6.917859e-01	4.781083e+01	 797	scram	scram_9.png	
DEV	   1	 201	   8	   0	1.803171e+03	  81	  81	2.871192e-01	2.336246e+01	3914	scram	scram_5.png	
DEV	   1	 202	   8	   0	1.811544e+03	  84	   0	2.819676e-01	2.354667e+01	3979	scram	scram_11.png	
DEV	   1	 203	   8	   0	1.819370e+03	  84	   0	2.905730e-01	2.448737e+01	3870	scram	scram_19.png	
DEV	   1	 204	   8	   0	1.826942e+03	  80	   0	4.454055e-01	3.546659e+01	2172	scram	scram_4.png	
DEV	   1	 205	   8	   0	1.833898e+03	  76	   0	6.178000e-01	4.703413e+01	1132	scram	scram_1.png	
DEV	   1	 206	   8	   0	1.840554e+03	  74	   0	5.419188e-01	4.015243e+01	1529	scram	scram_14.png	
DEV	   1	 207	   8	   0	1.847136e+03	  70	  70	7.438330e-01	5.174234e+01	 582	scram	scram_10.png	
DEV	   1	 208	   8	   0	1.853217e+03	  74	  74	7.445831e-01	5.475540e+01	 579	scram	scram_21.png	
DEV	   1	 209	   8	   0	1.859145e+03	  69	  69	7.709720e-01	5.295825e+01	 475	scram	scram_12.png	
DEV	   1	 210	   8	   0	1.865827e+03	  74	   0	7.423348e-01	5.464212e+01	 588	scram	scram_17.png	
CEVR	   1	 211	   7	   0	1.936265e+03	 139	   0	2.629976e-01	3.647400e+01	1376	happy	happy_21.png	
CEVR	   1	 212	   7	   0	1.943054e+03	  96	  96	3.917120e-01	3.778342e+01	2994	happy	happy_16.png	
CEVR	   1	 213	   7	   0	1.950578e+03	  82	  82	4.566291e-01	3.745663e+01	3464	happy	happy_9.png	
CEVR	   1	 214	   7	   0	1.957115e+03	 107	 107	3.592233e-01	3.843689e+01	2695	happy	happy_10.png	
CEVR	   1	 215	   7	   0	1.964874e+03	  96	   0	3.854167e-01	  37	2940	happy	happy_8.png	
CEVR	   1	 216	   7	   0	1.972011e+03	 115	   0	3.221393e-01	  37	2280	happy	happy_7.png	
CEVR	   1	 217	   7	   0	1.979753e+03	  84	   0	4.309484e-01	3.613810e+01	3295	happy	happy_13.png	
CEVR	   1	 218	   7	   0	1.987566e+03	 140	 140	2.634791e-01	  37	1385	happy	happy_14.png	
CEVR	   1	 219	   7	   0	1.994828e+03	  99	   0	3.612273e-01	3.591632e+01	2715	happy	happy_17.png	
CEVR	   1	 220	   7	   0	2.003077e+03	 138	 138	2.678941e-01	3.700000e+01	1466	happy	happy_20.png	
CEVR	   1	 221	   7	   0	2.009011e+03	 136	   0	2.686165e-01	3.646277e+01	1479	happy	happy_6.png	
CEVR	   1	 222	   7	   0	2.015553e+03	 106	   0	3.386506e-01	3.598405e+01	2476	happy	happy_1.png	
CEVR	   1	 223	   7	   0	2.024009e+03	  95	   0	3.785443e-01	3.586437e+01	2879	happy	happy_19.png	
CEVR	   1	 224	   7	   0	2.029826e+03	 136	   0	2.676726e-01	3.646465e+01	1462	happy	happy_2.png	
CEVR	   1	 225	   7	   0	2.036669e+03	 139	   0	2.597272e-01	3.622082e+01	1314	happy	happy_11.png	
CEVR	   1	 226	   7	   0	2.044515e+03	 116	   0	3.070903e-01	3.577164e+01	2083	happy	happy_3.png	
CEVR	   1	 227	   7	   0	2.051297e+03	 143	   0	2.624113e-01	3.752482e+01	1365	happy	happy_5.png	
CEVR	   1	 228	   7	   0	2.058690e+03	  77	   0	4.754038e-01	3.652460e+01	3576	happy	happy_12.png	
CEVR	   1	 229	   7	   0	2.065329e+03	  80	   0	4.654925e-01	3.746549e+01	3518	happy	happy_18.png	
CEVR	   1	 230	   7	   0	2.071495e+03	 166	   0	2.243201e-01	3.722432e+01	 527	happy	happy_4.png	
CEVR	   1	 231	   7	   0	2.078127e+03	 146	   0	2.481794e-01	3.625546e+01	1082	happy	happy_15.png	
CEVR	   1	 232	   7	   0	2.085630e+03	 135	 135	2.681159e-01	3.619565e+01	1470	happy	happy_20.png	
CEVR	   1	 233	   7	   0	2.092677e+03	 133	   0	2.812161e-01	3.728122e+01	1695	happy	happy_15.png	
CEVR	   1	 234	   7	   0	2.099151e+03	 141	   0	2.616690e-01	  37	1351	happy	happy_2.png	
CEVR	   1	 235	   7	   0	2.106428e+03	 104	 104	3.657159e-01	3.809715e+01	2759	happy	happy_8.png	
CEVR	   1	 236	   7	   0	2.113457e+03	 141	   0	2.666804e-01	3.753336e+01	1444	happy	happy_18.png	
CEVR	   1	 237	   7	   0	2.120706e+03	 135	   0	2.806675e-01	3.784200e+01	1686	happy	happy_21.png	
CEVR	   1	 238	   7	   0	2.127356e+03	 113	   0	3.223799e-01	3.635524e+01	2283	happy	happy_12.png	
CEVR	   1	 239	   7	   0	2.133650e+03	 169	   0	2.203130e-01	3.722031e+01	 422	happy	happy_4.png	
CEVR	   1	 240	   7	   0	2.140786e+03	 113	 113	3.387392e-01	3.835496e+01	2477	happy	happy_13.png	
CEVR	   1	 241	   7	   0	2.147729e+03	 129	 129	2.815830e-01	3.643683e+01	1701	happy	happy_19.png	
CEVR	   1	 242	   7	   0	2.153836e+03	 172	   0	2.201258e-01	3.788050e+01	 417	happy	happy_11.png	
CEVR	   1	 243	   7	   0	2.161931e+03	 108	   0	3.416887e-01	  37	2510	happy	happy_16.png	
CEVR	   1	 244	   7	   0	2.168214e+03	 141	   0	2.626775e-01	  37	1370	happy	happy_6.png	
CEVR	   1	 245	   7	   0	2.175938e+03	 132	   0	2.807284e-01	3.700000e+01	1687	happy	happy_17.png	
CEVR	   1	 246	   7	   0	2.182643e+03	 106	   0	3.483992e-01	  37	2583	happy	happy_14.png	
CEVR	   1	 247	   7	   0	2.189907e+03	 133	 133	2.720017e-01	3.618399e+01	1539	happy	happy_7.png	
CEVR	   1	 248	   7	   0	2.197541e+03	 129	 129	2.771832e-01	3.589127e+01	1628	happy	happy_9.png	
CEVR	   1	 249	   7	   0	2.203725e+03	 128	   0	2.861878e-01	3.671381e+01	1775	happy	happy_1.png	
CEVR	   1	 250	   7	   0	2.211068e+03	 136	   0	2.696793e-01	3.673032e+01	1498	happy	happy_10.png	
CEVR	   1	 251	   7	   0	2.217743e+03	 143	   0	2.605634e-01	3.726056e+01	1330	happy	happy_3.png	
CEVR	   1	 252	   7	   0	2.225226e+03	 111	   0	3.460716e-01	3.838429e+01	2558	happy	happy_5.png	
#24-Apr-2013
IEV	   2	 253	   6	   0	4.682404e+01	  30	  30	8.424129e-01	2.522136e+01	1322	scram	scram_3.png	
IEV	   2	 254	   6	   0	5.357977e+01	  44	  44	7.404804e-01	3.240828e+01	2131	scram	scram_17.png	
IEV	   2	 255	   6	   0	5.993041e+01	  69	  69	6.003777e-01	4.148585e+01	2915	scram	scram_18.png	
IEV	   2	 256	   6	   0	6.724075e+01	  75	  75	5.738974e-01	4.304048e+01	3048	scram	scram_2.png	
IEV	   2	 257	   6	   0	7.537897e+01	 102	 102	4.882018e-01	4.997787e+01	3465	scram	scram_13.png	
IEV	   2	 258	   6	   0	8.200332e+01	  82	  82	5.712806e-01	4.661736e+01	3061	scram	scram_9.png	
IEV	   2	 259	   6	   0	9.022097e+01	 128	 128	4.145170e-01	5.286932e+01	3818	scram	scram_8.png	
IEV	   2	 260	   6	   0	9.800963e+01	  86	   0	5.497811e-01	4.713515e+01	3167	scram	scram_7.png	
IEV	   2	 261	   6	   0	1.061412e+02	  57	  57	6.675805e-01	3.781298e+01	2561	scram	scram_4.png	
IEV	   2	 262	   6	   0	1.140978e+02	  95	   0	5.139790e-01	4.883657e+01	3341	scram	scram_14.png	
IEV	   2	 263	   6	   0	1.217893e+02	 101	   0	4.761006e-01	4.810960e+01	3523	scram	scram_12.png	
IEV	   2	 264	   6	   0	1.295423e+02	  80	   0	5.565037e-01	4.457414e+01	3134	scram	scram_1.png	
IEV	   2	 265	   6	   0	1.364497e+02	  36	  36	8.099804e-01	2.942352e+01	1627	scram	scram_10.png	
IEV	   2	 266	   6	   0	1.428981e+02	  53	   0	7.159900e-01	3.790817e+01	2283	scram	scram_16.png	
IEV	   2	 267	   6	   0	1.497389e+02	  55	   0	6.819546e-01	3.749938e+01	2481	scram	scram_20.png	
IEV	   2	 268	   6	   0	1.560331e+02	  30	  30	8.350402e-01	2.520465e+01	1398	scram	scram_11.png	
IEV	   2	 269	   6	   0	1.618454e+02	  31	  31	8.081917e-01	2.474596e+01	1642	scram	scram_21.png	
IEV	   2	 270	   6	   0	1.693914e+02	  46	   0	7.451334e-01	3.426525e+01	2101	scram	scram_6.png	
IEV	   2	 271	   6	   0	1.771339e+02	  92	  92	5.267962e-01	4.824323e+01	3279	scram	scram_5.png	
IEV	   2	 272	   6	   0	1.851268e+02	  94	  94	5.063047e-01	4.766465e+01	3378	scram	scram_19.png	
IEV	   2	 273	   6	   0	1.938429e+02	  72	  72	5.803182e-01	4.151042e+01	3016	scram	scram_15.png	
IEV	   2	 274	   6	   0	2.025281e+02	  88	  88	5.381137e-01	4.716666e+01	3224	scram	scram_12.png	
IEV	   2	 275	   6	   0	2.100817e+02	  86	  86	5.265900e-01	4.509338e+01	3280	scram	scram_14.png	
IEV	   2	 276	   6	   0	2.175964e+02	  82	  82	5.362655e-01	4.403979e+01	3233	scram	scram_18.png	
IEV	   2	 277	   6	   0	2.260914e+02	  79	  79	5.829181e-01	4.601762e+01	3003	scram	scram_6.png	
IEV	   2	 278	   6	   0	2.331546e+02	  76	   0	5.968271e-01	4.528008e+01	2933	scram	scram_4.png	
IEV	   2	 279	   6	   0	2.402074e+02	  81	   0	5.611740e-01	4.544213e+01	3111	scram	scram_7.png	
IEV	   2	 280	   6	   0	2.475921e+02	  49	   0	7.371870e-01	3.635932e+01	2152	scram	scram_5.png	
IEV	   2	 281	   6	   0	2.545134e+02	  81	   0	5.352381e-01	4.356099e+01	3238	scram	scram_8.png	
IEV	   2	 282	   6	   0	2.611908e+02	  27	   0	8.554917e-01	2.282518e+01	1173	scram	scram_17.png	
IEV	   2	 283	   6	   0	2.687003e+02	  84	  84	5.440581e-01	4.578424e+01	3195	scram	scram_15.png	
IEV	   2	 284	   6	   0	2.770837e+02	 100	 100	4.965338e-01	4.961649e+01	3425	scram	scram_13.png	
IEV	   2	 285	   6	   0	2.847436e+02	  90	   0	5.226680e-01	4.686823e+01	3299	scram	scram_3.png	
IEV	   2	 286	   6	   0	2.924200e+02	 107	   0	4.664921e-01	4.995326e+01	3569	scram	scram_9.png	
IEV	   2	 287	   6	   0	2.996101e+02	  85	   0	5.491687e-01	4.661625e+01	3170	scram	scram_10.png	
IEV	   2	 288	   6	   0	3.069771e+02	 100	   0	4.748478e-01	4.769320e+01	3529	scram	scram_11.png	
IEV	   2	 289	   6	   0	3.134974e+02	  25	  25	8.339339e-01	2.115617e+01	1409	scram	scram_16.png	
IEV	   2	 290	   6	   0	3.203130e+02	  79	   0	5.742995e-01	4.531467e+01	3046	scram	scram_21.png	
IEV	   2	 291	   6	   0	3.276497e+02	  65	   0	6.519513e-01	4.212078e+01	2646	scram	scram_19.png	
IEV	   2	 292	   6	   0	3.351608e+02	  79	   0	5.793169e-01	4.562556e+01	3021	scram	scram_20.png	
IEV	   2	 293	   6	   0	3.425201e+02	  67	  67	6.390121e-01	4.289791e+01	2715	scram	scram_2.png	
IEV	   2	 294	   6	   0	3.499186e+02	  62	  62	6.218221e-01	3.829944e+01	2805	scram	scram_1.png	
CEV	   2	 295	   5	   0	4.212897e+02	  58	  58	6.914286e-01	3.976571e+01	1460	happy	happy_14.png	
CEV	   2	 296	   5	   0	4.266875e+02	  52	  52	7.567143e-01	3.927014e+01	1003	happy	happy_20.png	
CEV	   2	 297	   5	   0	4.333485e+02	  77	   0	4.851429e-01	3.748514e+01	2904	happy	happy_1.png	
CEV	   2	 298	   5	   0	4.399354e+02	  61	   0	5.614286e-01	3.419286e+01	2370	happy	happy_10.png	
CEV	   2	 299	   5	   0	4.482858e+02	  91	  91	4.004286e-01	3.659957e+01	3497	happy	happy_8.png	
CEV	   2	 300	   5	   0	4.560120e+02	 105	 105	3.525714e-01	  37	3832	happy	happy_21.png	
CEV	   2	 301	   5	   0	4.640502e+02	 102	 102	3.491429e-01	3.560343e+01	3856	happy	happy_16.png	
CEV	   2	 302	   5	   0	4.713397e+02	  91	  91	3.907143e-01	3.543714e+01	3565	happy	happy_6.png	
CEV	   2	 303	   5	   0	4.793793e+02	  94	   0	3.744286e-01	3.512786e+01	3679	happy	happy_19.png	
CEV	   2	 304	   5	   0	4.876198e+02	  54	  54	6.595714e-01	3.568086e+01	1683	happy	happy_4.png	
CEV	   2	 305	   5	   0	4.959706e+02	 101	   0	3.721429e-01	3.774429e+01	3695	happy	happy_11.png	
CEV	   2	 306	   5	   0	5.035791e+02	  96	   0	3.864286e-01	3.700000e+01	3595	happy	happy_12.png	
CEV	   2	 307	   5	   0	5.102386e+02	  67	  67	5.201429e-01	3.491943e+01	2659	happy	happy_13.png	
CEV	   2	 308	   5	   0	5.181101e+02	 105	   0	3.648571e-01	3.845943e+01	3746	happy	happy_2.png	
CEV	   2	 309	   5	   0	5.262291e+02	  95	  95	3.805714e-01	3.623886e+01	3636	happy	happy_5.png	
CEV	   2	 310	   5	   0	5.345813e+02	 100	   0	3.727143e-01	3.737271e+01	3691	happy	happy_3.png	
CEV	   2	 311	   5	   0	5.417768e+02	  82	  82	4.448571e-01	3.655514e+01	3186	happy	happy_17.png	
CEV	   2	 312	   5	   0	5.498751e+02	  99	  99	3.885714e-01	3.855429e+01	3580	happy	happy_15.png	
CEV	   2	 313	   5	   0	5.566483e+02	  89	  89	3.965714e-01	3.541371e+01	3524	happy	happy_18.png	
CEV	   2	 314	   5	   0	5.638483e+02	  86	   0	4.135714e-01	3.575929e+01	3405	happy	happy_7.png	
CEV	   2	 315	   5	   0	5.699353e+02	  47	  47	7.972857e-01	3.779729e+01	 719	happy	happy_9.png	
CEV	   2	 316	   5	   0	5.779605e+02	 100	   0	3.840000e-01	3.853600e+01	3612	happy	happy_21.png	
CEV	   2	 317	   5	   0	5.840841e+02	  43	  43	8.982857e-01	3.879657e+01	  12	happy	happy_10.png	
CEV	   2	 318	   5	   0	5.924262e+02	  86	   0	4.500000e-01	3.880000e+01	3150	happy	happy_16.png	
CEV	   2	 319	   5	   0	5.994541e+02	  65	   0	6.152857e-01	4.007643e+01	1993	happy	happy_14.png	
CEV	   2	 320	   5	   0	6.058997e+02	  59	  59	6.584286e-01	3.897529e+01	1691	happy	happy_1.png	
CEV	   2	 321	   5	   0	6.137152e+02	  87	  87	4.118571e-01	3.576443e+01	3417	happy	happy_5.png	
CEV	   2	 322	   5	   0	6.228612e+02	  85	  85	4.145714e-01	3.534171e+01	3398	happy	happy_4.png	
CEV	   2	 323	   5	   0	6.305120e+02	 109	 109	3.525714e-01	3.841029e+01	3832	happy	happy_2.png	
CEV	   2	 324	   5	   0	6.386958e+02	  92	  92	3.921429e-01	3.621571e+01	3555	happy	happy_6.png	
CEV	   2	 325	   5	   0	6.471420e+02	  94	   0	3.918571e-01	  37	3557	happy	happy_17.png	
CEV	   2	 326	   5	   0	6.542001e+02	 103	   0	3.424286e-01	3.528786e+01	3903	happy	happy_9.png	
CEV	   2	 327	   5	   0	6.610805e+02	  55	   0	6.811429e-01	3.768114e+01	1532	happy	happy_20.png	
CEV	   2	 328	   5	   0	6.689344e+02	  66	  66	5.442857e-01	3.591143e+01	2490	happy	happy_3.png	
CEV	   2	 329	   5	   0	6.764038e+02	  70	  70	4.978571e-01	3.500857e+01	2815	happy	happy_7.png	
CEV	   2	 330	   5	   0	6.831945e+02	  79	  79	4.785714e-01	3.795714e+01	2950	happy	happy_12.png	
CEV	   2	 331	   5	   0	6.914443e+02	  75	  75	5.192857e-01	3.907714e+01	2665	happy	happy_11.png	
CEV	   2	 332	   5	   0	6.983283e+02	  87	   0	4.531429e-01	3.926571e+01	3128	happy	happy_8.png	
CEV	   2	 333	   5	   0	7.065982e+02	  81	   0	4.654286e-01	3.793086e+01	3042	happy	happy_13.png	
CEV	   2	 334	   5	   0	7.146923e+02	  86	  86	4.220000e-01	3.615600e+01	3346	happy	happy_18.png	
CEV	   2	 335	   5	   0	7.211443e+02	  56	   0	6.604286e-01	3.700000e+01	1677	happy	happy_15.png	
CEV	   2	 336	   5	   0	7.291379e+02	 117	   0	3.258571e-01	3.797757e+01	4019	happy	happy_19.png	
CEVR	   2	 337	   4	   0	8.066152e+02	 137	   0	2.648262e-01	3.620552e+01	1410	scram	scram_12.png	
CEVR	   2	 338	   4	   0	8.126752e+02	 156	   0	2.309613e-01	3.607615e+01	 693	scram	scram_20.png	
CEVR	   2	 339	   4	   0	8.213448e+02	  78	  78	4.626652e-01	3.607467e+01	3501	scram	scram_6.png	
CEVR	   2	 340	   4	   0	8.288089e+02	  71	   0	4.986523e-01	3.550404e+01	3703	scram	scram_17.png	
CEVR	   2	 341	   4	   0	8.366035e+02	  80	  80	4.740117e-01	3.794802e+01	3568	scram	scram_19.png	
CEVR	   2	 342	   4	   0	8.439831e+02	  77	  77	5.036951e-01	3.901478e+01	3729	scram	scram_14.png	
CEVR	   2	 343	   4	   0	8.517943e+02	  98	   0	3.867981e-01	3.777360e+01	2952	scram	scram_3.png	
CEVR	   2	 344	   4	   0	8.576674e+02	 161	 161	2.311262e-01	3.723113e+01	 697	scram	scram_13.png	
CEVR	   2	 345	   4	   0	8.638376e+02	 149	   0	2.493261e-01	3.724933e+01	1106	scram	scram_7.png	
CEVR	   2	 346	   4	   0	8.701805e+02	 156	 156	2.307144e-01	3.607714e+01	 687	scram	scram_2.png	
CEVR	   2	 347	   4	   0	8.764335e+02	 165	 165	2.296099e-01	3.791844e+01	 660	scram	scram_11.png	
CEVR	   2	 348	   4	   0	8.831253e+02	 156	 156	2.334174e-01	3.629975e+01	 752	scram	scram_18.png	
CEVR	   2	 349	   4	   0	8.889880e+02	 160	 160	2.298545e-01	3.677015e+01	 666	scram	scram_21.png	
CEVR	   2	 350	   4	   0	8.953717e+02	 163	 163	2.329556e-01	3.793182e+01	 741	scram	scram_10.png	
CEVR	   2	 351	   4	   0	9.010934e+02	 153	   0	2.354117e-01	3.605835e+01	 799	scram	scram_9.png	
CEVR	   2	 352	   4	   0	9.066034e+02	 164	 164	2.261614e-01	3.700000e+01	 574	scram	scram_5.png	
CEVR	   2	 353	   4	   0	9.126630e+02	 165	   0	2.311674e-01	3.815584e+01	 698	scram	scram_1.png	
CEVR	   2	 354	   4	   0	9.192804e+02	 161	 161	2.269541e-01	3.654609e+01	 594	scram	scram_4.png	
CEVR	   2	 355	   4	   0	9.252133e+02	 160	 160	2.277123e-01	3.654458e+01	 613	scram	scram_8.png	
CEVR	   2	 356	   4	   0	9.320329e+02	 163	   0	2.275123e-01	3.700000e+01	 608	scram	scram_15.png	
CEVR	   2	 357	   4	   0	9.393214e+02	 170	 170	2.190831e-01	3.721908e+01	 389	scram	scram_16.png	
CEVR	   2	 358	   4	   0	9.460402e+02	 159	   0	2.265570e-01	3.609377e+01	 584	scram	scram_6.png	
CEVR	   2	 359	   4	   0	9.528668e+02	 167	   0	2.267951e-01	3.790718e+01	 590	scram	scram_7.png	
CEVR	   2	 360	   4	   0	9.584560e+02	 166	   0	2.174643e-01	3.613014e+01	 345	scram	scram_1.png	
CEVR	   2	 361	   4	   0	9.649928e+02	 165	   0	2.211407e-01	3.655772e+01	 444	scram	scram_16.png	
CEVR	   2	 362	   4	   0	9.727704e+02	  81	  81	4.680159e-01	3.793603e+01	3533	scram	scram_15.png	
CEVR	   2	 363	   4	   0	9.786589e+02	 154	   0	2.331653e-01	3.583417e+01	 746	scram	scram_10.png	
CEVR	   2	 364	   4	   0	9.848257e+02	 166	   0	2.240097e-01	3.722401e+01	 519	scram	scram_18.png	
CEVR	   2	 365	   4	   0	9.910334e+02	 165	   0	2.263590e-01	3.745272e+01	 579	scram	scram_8.png	
CEVR	   2	 366	   4	   0	9.969538e+02	 172	   0	2.194543e-01	3.765836e+01	 399	scram	scram_13.png	
CEVR	   2	 367	   4	   0	1.003749e+03	 162	   0	2.308378e-01	3.746168e+01	 690	scram	scram_20.png	
CEVR	   2	 368	   4	   0	1.012386e+03	  65	  65	5.623100e-01	3.643769e+01	3997	scram	scram_12.png	
CEVR	   2	 369	   4	   0	1.019878e+03	 106	 106	3.596223e-01	3.807887e+01	2699	scram	scram_17.png	
CEVR	   2	 370	   4	   0	1.026890e+03	 107	   0	3.489625e-01	3.734896e+01	2589	scram	scram_14.png	
CEVR	   2	 371	   4	   0	1.033671e+03	 104	 104	3.422304e-01	3.563108e+01	2516	scram	scram_3.png	
CEVR	   2	 372	   4	   0	1.039716e+03	 161	   0	2.291630e-01	  37	 649	scram	scram_21.png	
CEVR	   2	 373	   4	   0	1.046096e+03	 170	   0	2.229299e-01	3.789172e+01	 491	scram	scram_5.png	
CEVR	   2	 374	   4	   0	1.052574e+03	 104	 104	3.630502e-01	3.772610e+01	2733	scram	scram_19.png	
CEVR	   2	 375	   4	   0	1.060596e+03	  99	  99	3.609253e-01	3.555630e+01	2712	scram	scram_9.png	
CEVR	   2	 376	   4	   0	1.068190e+03	 110	   0	3.448735e-01	3.803462e+01	2545	scram	scram_4.png	
CEVR	   2	 377	   4	   0	1.075103e+03	 109	 109	3.472781e-01	3.769456e+01	2571	scram	scram_2.png	
CEVR	   2	 378	   4	   0	1.082204e+03	 104	 104	3.640708e-01	3.772814e+01	2743	scram	scram_11.png	
IEV	   2	 379	   3	   0	1.154183e+03	  22	  22	8.511342e-01	1.910128e+01	1225	fear	fear_17.png	
IEV	   2	 380	   3	   0	1.160937e+03	  36	  36	7.789746e-01	2.834760e+01	1869	fear	fear_9.png	
IEV	   2	 381	   3	   0	1.168692e+03	  63	  63	6.506486e-01	4.089876e+01	2653	fear	fear_11.png	
IEV	   2	 382	   3	   0	1.175418e+03	  76	  76	5.849146e-01	4.474333e+01	2993	fear	fear_12.png	
IEV	   2	 383	   3	   0	1.182665e+03	  79	   0	5.751035e-01	4.527186e+01	3042	fear	fear_8.png	
IEV	   2	 384	   3	   0	1.190461e+03	  62	  62	6.657604e-01	4.126564e+01	2571	fear	fear_10.png	
IEV	   2	 385	   3	   0	1.197903e+03	  58	  58	6.582454e-01	3.844315e+01	2612	fear	fear_14.png	
IEV	   2	 386	   3	   0	1.205356e+03	  71	  71	6.103760e-01	4.331857e+01	2864	fear	fear_4.png	
IEV	   2	 387	   3	   0	1.211997e+03	  63	  63	6.554754e-01	4.124964e+01	2627	fear	fear_21.png	
IEV	   2	 388	   3	   0	1.220276e+03	  76	  76	5.642128e-01	4.302454e+01	3096	fear	fear_2.png	
IEV	   2	 389	   3	   0	1.226544e+03	  21	  21	8.931131e-01	1.900938e+01	 482	fear	fear_18.png	
IEV	   2	 390	   3	   0	1.235088e+03	 126	   0	4.080725e-01	5.146434e+01	3849	fear	fear_6.png	
IEV	   2	 391	   3	   0	1.241817e+03	 104	   0	4.641935e-01	4.819447e+01	3580	fear	fear_7.png	
IEV	   2	 392	   3	   0	1.249782e+03	 113	 113	4.466387e-01	5.033547e+01	3664	fear	fear_5.png	
IEV	   2	 393	   3	   0	1.258514e+03	  71	  71	6.171822e-01	4.354149e+01	2829	fear	fear_15.png	
IEV	   2	 394	   3	   0	1.266162e+03	  84	  84	5.370871e-01	4.506875e+01	3229	fear	fear_13.png	
IEV	   2	 395	   3	   0	1.273120e+03	  88	  88	5.284457e-01	4.658027e+01	3271	fear	fear_20.png	
IEV	   2	 396	   3	   0	1.280944e+03	  94	  94	5.015261e-01	4.739042e+01	3401	fear	fear_1.png	
IEV	   2	 397	   3	   0	1.289219e+03	 140	   0	3.702835e-01	5.175602e+01	4032	fear	fear_19.png	
IEV	   2	 398	   3	   0	1.297296e+03	 100	   0	4.811104e-01	4.787430e+01	3499	fear	fear_3.png	
IEV	   2	 399	   3	   0	1.305057e+03	  91	  91	5.364709e-01	4.885673e+01	3232	fear	fear_16.png	
IEV	   2	 400	   3	   0	1.312456e+03	  83	   0	5.575201e-01	4.619155e+01	3129	fear	fear_10.png	
IEV	   2	 401	   3	   0	1.321372e+03	  83	   0	5.450813e-01	4.518606e+01	3190	fear	fear_15.png	
IEV	   2	 402	   3	   0	1.328684e+03	  78	   0	5.522286e-01	4.314817e+01	3155	fear	fear_7.png	
IEV	   2	 403	   3	   0	1.336287e+03	  86	  86	5.270025e-01	4.507153e+01	3278	fear	fear_6.png	
IEV	   2	 404	   3	   0	1.343765e+03	  93	  93	5.210150e-01	4.851301e+01	3307	fear	fear_21.png	
IEV	   2	 405	   3	   0	1.351245e+03	  86	  86	5.489646e-01	4.717550e+01	3171	fear	fear_20.png	
IEV	   2	 406	   3	   0	1.358461e+03	  82	  82	5.458995e-01	4.459681e+01	3186	fear	fear_3.png	
IEV	   2	 407	   3	   0	1.366450e+03	  92	  92	5.220482e-01	4.794301e+01	3302	fear	fear_1.png	
IEV	   2	 408	   3	   0	1.374334e+03	  90	   0	5.232876e-01	4.683752e+01	3296	fear	fear_18.png	
IEV	   2	 409	   3	   0	1.381005e+03	  84	  84	5.294761e-01	4.441064e+01	3266	fear	fear_9.png	
IEV	   2	 410	   3	   0	1.388579e+03	  93	   0	5.201881e-01	4.855131e+01	3311	fear	fear_2.png	
IEV	   2	 411	   3	   0	1.396369e+03	  85	  85	5.251457e-01	4.464460e+01	3287	fear	fear_16.png	
IEV	   2	 412	   3	   0	1.403688e+03	  90	  90	5.083805e-01	4.553165e+01	3368	fear	fear_14.png	
IEV	   2	 413	   3	   0	1.412403e+03	  94	   0	5.015261e-01	4.739042e+01	3401	fear	fear_11.png	
IEV	   2	 414	   3	   0	1.421231e+03	  95	   0	5.102477e-01	4.849580e+01	3359	fear	fear_8.png	
IEV	   2	 415	   3	   0	1.429139e+03	  84	   0	5.290640e-01	4.443299e+01	3268	fear	fear_19.png	
IEV	   2	 416	   3	   0	1.435128e+03	  15	  15	8.914211e-01	1.308544e+01	 537	fear	fear_13.png	
IEV	   2	 417	   3	   0	1.441895e+03	  50	  50	6.863761e-01	3.444569e+01	2456	fear	fear_5.png	
IEV	   2	 418	   3	   0	1.449783e+03	 114	 114	4.347340e-01	4.952135e+01	3721	fear	fear_17.png	
IEV	   2	 419	   3	   0	1.457775e+03	 116	 116	4.313949e-01	5.009770e+01	3737	fear	fear_12.png	
IEV	   2	 420	   3	   0	1.466554e+03	 110	 110	4.466387e-01	4.899555e+01	3664	fear	fear_4.png	
DEV	   2	 421	   2	   0	1.537663e+03	  80	   0	5.823734e-01	4.662128e+01	1309	happy	happy_6.png	
DEV	   2	 422	   2	   0	1.545721e+03	  75	  75	6.714899e-01	5.014914e+01	 885	happy	happy_14.png	
DEV	   2	 423	   2	   0	1.551584e+03	  67	  67	7.849624e-01	5.276499e+01	 421	happy	happy_4.png	
DEV	   2	 424	   2	   0	1.558179e+03	  80	   0	5.739657e-01	4.607256e+01	1353	happy	happy_9.png	
DEV	   2	 425	   2	   0	1.564730e+03	  80	  80	4.630111e-01	3.711026e+01	2038	happy	happy_21.png	
DEV	   2	 426	   2	   0	1.572327e+03	  78	   0	3.844057e-01	3.013189e+01	2724	happy	happy_8.png	
DEV	   2	 427	   2	   0	1.580572e+03	  87	  87	3.560081e-01	3.106731e+01	3039	happy	happy_1.png	
DEV	   2	 428	   2	   0	1.588587e+03	  80	   0	3.646446e-01	2.916962e+01	2939	happy	happy_12.png	
DEV	   2	 429	   2	   0	1.595813e+03	  77	   0	3.806851e-01	2.950268e+01	2763	happy	happy_15.png	
DEV	   2	 430	   2	   0	1.603335e+03	  79	   0	4.206256e-01	3.336417e+01	2378	happy	happy_5.png	
DEV	   2	 431	   2	   0	1.609930e+03	  74	  74	6.329434e-01	4.666736e+01	1060	happy	happy_13.png	
DEV	   2	 432	   2	   0	1.616402e+03	  73	  73	5.913332e-01	4.306224e+01	1263	happy	happy_16.png	
DEV	   2	 433	   2	   0	1.624465e+03	  80	   0	3.234222e-01	2.596892e+01	3444	happy	happy_11.png	
DEV	   2	 434	   2	   0	1.631621e+03	  88	   0	3.073485e-01	2.698096e+01	3653	happy	happy_19.png	
DEV	   2	 435	   2	   0	1.638869e+03	  85	  85	3.393786e-01	2.877656e+01	3241	happy	happy_20.png	
DEV	   2	 436	   2	   0	1.647044e+03	  84	   0	2.890061e-01	2.436794e+01	3890	happy	happy_10.png	
DEV	   2	 437	   2	   0	1.655084e+03	  84	  84	3.433279e-01	2.872514e+01	3192	happy	happy_18.png	
DEV	   2	 438	   2	   0	1.662769e+03	  82	   0	3.051219e-01	2.497502e+01	3682	happy	happy_3.png	
DEV	   2	 439	   2	   0	1.670887e+03	  83	   0	2.978032e-01	2.473765e+01	3777	happy	happy_7.png	
DEV	   2	 440	   2	   0	1.678358e+03	  86	   0	2.787638e-01	2.386038e+01	4019	happy	happy_17.png	
DEV	   2	 441	   2	   0	1.685760e+03	  83	   0	3.159441e-01	2.607346e+01	3541	happy	happy_2.png	
DEV	   2	 442	   2	   0	1.693314e+03	  79	  79	3.466706e-01	2.723475e+01	3151	happy	happy_18.png	
DEV	   2	 443	   2	   0	1.700365e+03	  67	  67	8.318422e-01	5.532736e+01	 245	happy	happy_19.png	
DEV	   2	 444	   2	   0	1.706887e+03	  76	   0	6.624644e-01	5.030266e+01	 925	happy	happy_3.png	
DEV	   2	 445	   2	   0	1.712805e+03	  81	  81	5.356737e-01	4.352526e+01	1565	happy	happy_20.png	
DEV	   2	 446	   2	   0	1.719706e+03	  78	   0	4.056481e-01	3.154024e+01	2514	happy	happy_15.png	
DEV	   2	 447	   2	   0	1.727337e+03	  83	   0	4.418794e-01	3.655432e+01	2200	happy	happy_12.png	
DEV	   2	 448	   2	   0	1.735785e+03	  81	  81	4.682306e-01	3.793139e+01	2000	happy	happy_6.png	
DEV	   2	 449	   2	   0	1.742022e+03	  82	   0	4.450252e-01	3.633100e+01	2175	happy	happy_16.png	
DEV	   2	 450	   2	   0	1.748473e+03	  75	  75	5.229973e-01	3.900465e+01	1640	happy	happy_14.png	
DEV	   2	 451	   2	   0	1.755257e+03	  80	  80	5.484465e-01	4.383496e+01	1492	happy	happy_10.png	
DEV	   2	 452	   2	   0	1.761327e+03	  74	   0	5.276773e-01	3.929015e+01	1612	happy	happy_7.png	
DEV	   2	 453	   2	   0	1.769408e+03	  85	   0	4.088640e-01	3.461399e+01	2484	happy	happy_4.png	
DEV	   2	 454	   2	   0	1.775508e+03	  81	  81	4.782609e-01	3.861650e+01	1929	happy	happy_21.png	
DEV	   2	 455	   2	   0	1.782631e+03	  84	   0	4.543177e-01	3.833735e+01	2103	happy	happy_8.png	
DEV	   2	 456	   2	   0	1.788563e+03	  80	  80	5.016120e-01	4.019511e+01	1773	happy	happy_17.png	
DEV	   2	 457	   2	   0	1.795203e+03	  81	   0	4.982072e-01	4.046460e+01	1795	happy	happy_13.png	
DEV	   2	 458	   2	   0	1.802632e+03	  77	   0	4.035307e-01	3.099711e+01	2534	happy	happy_11.png	
DEV	   2	 459	   2	   0	1.809954e+03	  80	   0	3.612394e-01	2.893572e+01	2978	happy	happy_1.png	
DEV	   2	 460	   2	   0	1.816371e+03	  74	  74	6.085499e-01	4.526048e+01	1177	happy	happy_9.png	
DEV	   2	 461	   2	   0	1.823208e+03	  74	  74	5.631254e-01	4.141741e+01	1411	happy	happy_5.png	
DEV	   2	 462	   2	   0	1.830042e+03	  72	   0	5.302101e-01	3.838381e+01	1597	happy	happy_2.png	
CEV	   2	 463	   1	   0	1.917941e+03	  53	   0	7.201429e-01	3.844029e+01	1259	fear	fear_5.png	
CEV	   2	 464	   1	   0	1.925995e+03	  68	   0	5.210000e-01	3.543700e+01	2653	fear	fear_11.png	
CEV	   2	 465	   1	   0	1.934602e+03	  96	   0	3.988571e-01	3.819657e+01	3508	fear	fear_8.png	
CEV	   2	 466	   1	   0	1.940810e+03	  43	  43	8.485714e-01	3.615143e+01	 360	fear	fear_21.png	
CEV	   2	 467	   1	   0	1.947722e+03	  48	  48	8.220000e-01	3.946600e+01	 546	fear	fear_4.png	
CEV	   2	 468	   1	   0	1.953771e+03	  40	  40	8.394286e-01	3.364229e+01	 424	fear	fear_9.png	
CEV	   2	 469	   1	   0	1.960613e+03	  51	  51	7.590000e-01	3.851800e+01	 987	fear	fear_17.png	
CEV	   2	 470	   1	   0	1.966923e+03	  51	  51	7.408571e-01	3.774086e+01	1114	fear	fear_16.png	
CEV	   2	 471	   1	   0	1.973161e+03	  50	   0	7.268571e-01	3.627314e+01	1212	fear	fear_2.png	
CEV	   2	 472	   1	   0	1.981043e+03	  47	   0	7.514286e-01	3.549714e+01	1040	fear	fear_10.png	
CEV	   2	 473	   1	   0	1.988069e+03	  60	   0	6.517143e-01	3.895514e+01	1738	fear	fear_19.png	
CEV	   2	 474	   1	   0	1.993880e+03	  48	  48	7.648571e-01	  37	 946	fear	fear_6.png	
CEV	   2	 475	   1	   0	2.001013e+03	  63	  63	6.432857e-01	4.021643e+01	1797	fear	fear_13.png	
CEV	   2	 476	   1	   0	2.008063e+03	  54	   0	6.401429e-01	3.443943e+01	1819	fear	fear_7.png	
CEV	   2	 477	   1	   0	2.013874e+03	  55	  55	6.857143e-01	3.768571e+01	1500	fear	fear_1.png	
CEV	   2	 478	   1	   0	2.020578e+03	  61	  61	6.571429e-01	4.028571e+01	1700	fear	fear_14.png	
CEV	   2	 479	   1	   0	2.027814e+03	  57	  57	6.750000e-01	3.835000e+01	1575	fear	fear_20.png	
CEV	   2	 480	   1	   0	2.034114e+03	  56	  56	6.540000e-01	3.634600e+01	1722	fear	fear_18.png	
CEV	   2	 481	   1	   0	2.041661e+03	  50	  50	6.748571e-01	3.362571e+01	1576	fear	fear_15.png	
CEV	   2	 482	   1	   0	2.048184e+03	  51	   0	6.798571e-01	3.496043e+01	1541	fear	fear_12.png	
CEV	   2	 483	   1	   0	2.056307e+03	  53	   0	6.871429e-01	3.631286e+01	1490	fear	fear_3.png	
CEV	   2	 484	   1	   0	2.063556e+03	  57	  57	6.697143e-01	3.833943e+01	1612	fear	fear_2.png	
CEV	   2	 485	   1	   0	2.070835e+03	  58	   0	6.077143e-01	3.517686e+01	2046	fear	fear_3.png	
CEV	   2	 486	   1	   0	2.078445e+03	  63	   0	5.701429e-01	3.585971e+01	2309	fear	fear_19.png	
CEV	   2	 487	   1	   0	2.085633e+03	  50	  50	6.927143e-01	3.492186e+01	1451	fear	fear_20.png	
CEV	   2	 488	   1	   0	2.091840e+03	  48	  48	7.117143e-01	3.415314e+01	1318	fear	fear_13.png	
CEV	   2	 489	   1	   0	2.098090e+03	  50	  50	6.968571e-01	3.490943e+01	1422	fear	fear_18.png	
CEV	   2	 490	   1	   0	2.104060e+03	  58	  58	6.634286e-01	3.832686e+01	1656	fear	fear_16.png	
CEV	   2	 491	   1	   0	2.110903e+03	  55	  55	6.981429e-01	3.839629e+01	1413	fear	fear_7.png	
CEV	   2	 492	   1	   0	2.118371e+03	  55	  55	6.860000e-01	3.768600e+01	1498	fear	fear_5.png	
CEV	   2	 493	   1	   0	2.124664e+03	  58	   0	6.877143e-01	3.975086e+01	1486	fear	fear_14.png	
CEV	   2	 494	   1	   0	2.131004e+03	  55	   0	7.022857e-01	3.840457e+01	1384	fear	fear_15.png	
CEV	   2	 495	   1	   0	2.137233e+03	  49	  49	7.341429e-01	3.626586e+01	1161	fear	fear_17.png	
CEV	   2	 496	   1	   0	2.143879e+03	  52	  52	7.270000e-01	3.772700e+01	1211	fear	fear_12.png	
CEV	   2	 497	   1	   0	2.150195e+03	  50	  50	7.065714e-01	3.558686e+01	1354	fear	fear_11.png	
CEV	   2	 498	   1	   0	2.155994e+03	  52	  52	7.104286e-01	  37	1327	fear	fear_9.png	
CEV	   2	 499	   1	   0	2.162853e+03	  58	   0	6.682857e-01	3.900486e+01	1622	fear	fear_6.png	
CEV	   2	 500	   1	   0	2.171373e+03	  94	   0	3.745714e-01	3.512714e+01	3678	fear	fear_1.png	
CEV	   2	 501	   1	   0	2.179144e+03	  86	   0	4.091429e-01	3.536343e+01	3436	fear	fear_21.png	
CEV	   2	 502	   1	   0	2.186610e+03	  89	  89	4.382857e-01	3.919143e+01	3232	fear	fear_8.png	
CEV	   2	 503	   1	   0	2.195023e+03	  89	  89	4.337143e-01	3.873486e+01	3264	fear	fear_4.png	
CEV	   2	 504	   1	   0	2.202421e+03	  84	   0	4.537143e-01	3.790743e+01	3124	fear	fear_10.png	
