#Subj:	10811
#Run:	1
#Age:	14
#Gender:	male
#23-Apr-2013
Func	Run	Trial	Block	Null	trialStartTime	Mag	ScoreInc	Freq	EV	RT	Emotion	Image
CEV	   1	   1	  12	   0	1.051094e+02	  50	  50	7.721429e-01	3.854429e+01	 895	scram	scram_16.png	
CEV	   1	   2	  12	   0	1.128812e+02	 100	   0	3.768571e-01	3.775371e+01	3662	scram	scram_8.png	
CEV	   1	   3	  12	   0	1.207480e+02	  87	  87	4.358571e-01	3.787171e+01	3249	scram	scram_15.png	
CEV	   1	   4	  12	   0	1.273292e+02	  79	  79	4.814286e-01	3.796286e+01	2930	scram	scram_12.png	
CEV	   1	   5	  12	   0	1.348722e+02	  58	  58	6.162857e-01	3.576743e+01	1986	scram	scram_3.png	
CEV	   1	   6	  12	   0	1.426353e+02	  95	   0	3.721429e-01	3.551143e+01	3695	scram	scram_2.png	
CEV	   1	   7	  12	   0	1.499717e+02	  81	  81	4.655714e-01	3.793114e+01	3041	scram	scram_5.png	
CEV	   1	   8	  12	   0	1.575720e+02	  93	  93	4.185714e-01	3.909286e+01	3370	scram	scram_18.png	
CEV	   1	   9	  12	   0	1.647904e+02	  88	  88	4.134286e-01	3.658657e+01	3406	scram	scram_7.png	
CEV	   1	  10	  12	   0	1.725753e+02	  95	   0	4.035714e-01	3.821071e+01	3475	scram	scram_21.png	
CEV	   1	  11	  12	   0	1.808908e+02	  86	   0	4.144286e-01	3.575671e+01	3399	scram	scram_6.png	
CEV	   1	  12	  12	   0	1.868202e+02	  43	  43	8.391429e-01	3.616086e+01	 426	scram	scram_19.png	
CEV	   1	  13	  12	   0	1.943881e+02	  88	   0	4.282857e-01	3.785657e+01	3302	scram	scram_9.png	
CEV	   1	  14	  12	   0	2.018089e+02	  77	   0	4.705714e-01	3.605886e+01	3006	scram	scram_20.png	
CEV	   1	  15	  12	   0	2.081799e+02	  61	  61	6.274286e-01	3.825486e+01	1908	scram	scram_17.png	
CEV	   1	  16	  12	   0	2.158292e+02	  81	   0	4.338571e-01	3.526457e+01	3263	scram	scram_11.png	
CEV	   1	  17	  12	   0	2.220390e+02	  79	  79	5.021429e-01	3.951071e+01	2785	scram	scram_14.png	
CEV	   1	  18	  12	   0	2.284393e+02	  74	  74	5.048571e-01	3.750486e+01	2766	scram	scram_10.png	
CEV	   1	  19	  12	   0	2.356907e+02	  67	  67	5.761429e-01	3.872843e+01	2267	scram	scram_13.png	
CEV	   1	  20	  12	   0	2.439500e+02	  81	   0	4.595714e-01	  37	3083	scram	scram_1.png	
CEV	   1	  21	  12	   0	2.505721e+02	  57	   0	6.990000e-01	3.979600e+01	1407	scram	scram_4.png	
CEV	   1	  22	  12	   0	2.578405e+02	  76	  76	4.857143e-01	  37	2900	scram	scram_12.png	
CEV	   1	  23	  12	   0	2.650058e+02	  71	  71	4.917143e-01	3.503314e+01	2858	scram	scram_3.png	
CEV	   1	  24	  12	   0	2.732184e+02	  77	  77	5.017143e-01	3.850514e+01	2788	scram	scram_2.png	
CEV	   1	  25	  12	   0	2.802856e+02	  59	  59	6.575714e-01	3.897271e+01	1697	scram	scram_11.png	
CEV	   1	  26	  12	   0	2.868933e+02	  82	  82	4.747143e-01	3.889886e+01	2977	scram	scram_9.png	
CEV	   1	  27	  12	   0	2.939255e+02	  76	  76	4.700000e-01	3.559000e+01	3010	scram	scram_5.png	
CEV	   1	  28	  12	   0	3.014206e+02	  70	  70	5.354286e-01	3.753543e+01	2552	scram	scram_21.png	
CEV	   1	  29	  12	   0	3.078517e+02	  54	   0	6.681429e-01	3.633186e+01	1623	scram	scram_20.png	
CEV	   1	  30	  12	   0	3.156184e+02	  77	   0	4.891429e-01	3.748914e+01	2876	scram	scram_19.png	
CEV	   1	  31	  12	   0	3.233932e+02	  85	  85	4.575714e-01	3.883029e+01	3097	scram	scram_10.png	
CEV	   1	  32	  12	   0	3.302586e+02	  84	   0	4.585714e-01	3.837571e+01	3090	scram	scram_8.png	
CEV	   1	  33	  12	   0	3.367603e+02	  82	   0	4.482857e-01	3.655171e+01	3162	scram	scram_6.png	
CEV	   1	  34	  12	   0	3.434648e+02	  69	  69	5.048571e-01	3.498057e+01	2766	scram	scram_14.png	
CEV	   1	  35	  12	   0	3.504522e+02	  73	   0	5.095714e-01	  37	2733	scram	scram_15.png	
CEV	   1	  36	  12	   0	3.566734e+02	  59	  59	6.775714e-01	3.971029e+01	1557	scram	scram_7.png	
CEV	   1	  37	  12	   0	3.637774e+02	  64	  64	5.905714e-01	3.759057e+01	2166	scram	scram_4.png	
CEV	   1	  38	  12	   0	3.712430e+02	  67	  67	5.158571e-01	3.442071e+01	2689	scram	scram_18.png	
CEV	   1	  39	  12	   0	3.779250e+02	  97	   0	3.684286e-01	3.589471e+01	3721	scram	scram_16.png	
CEV	   1	  40	  12	   0	3.847125e+02	  41	  41	8.527143e-01	3.529457e+01	 331	scram	scram_13.png	
CEV	   1	  41	  12	   0	3.915687e+02	  53	  53	6.620000e-01	3.501400e+01	1666	scram	scram_1.png	
CEV	   1	  42	  12	   0	3.985457e+02	  66	   0	5.414286e-01	3.591714e+01	2510	scram	scram_17.png	
DEV	   1	  43	  11	   0	4.684356e+02	  80	   0	5.114088e-01	4.085029e+01	1711	fear	fear_7.png	
DEV	   1	  44	  11	   0	4.741990e+02	  69	  69	8.221005e-01	5.663099e+01	 281	fear	fear_13.png	
DEV	   1	  45	  11	   0	4.820077e+02	  81	   0	3.136401e-01	2.527815e+01	3571	fear	fear_18.png	
DEV	   1	  46	  11	   0	4.884805e+02	  78	   0	3.867281e-01	3.028673e+01	2700	fear	fear_16.png	
DEV	   1	  47	  11	   0	4.950583e+02	  79	   0	4.812981e-01	3.786054e+01	1908	fear	fear_11.png	
DEV	   1	  48	  11	   0	5.010230e+02	  65	  65	8.218309e-01	5.333347e+01	 282	fear	fear_6.png	
DEV	   1	  49	  11	   0	5.068649e+02	  72	   0	5.964743e-01	4.276062e+01	1237	fear	fear_17.png	
DEV	   1	  50	  11	   0	5.140916e+02	  78	   0	3.421947e-01	2.658945e+01	3206	fear	fear_9.png	
DEV	   1	  51	  11	   0	5.196196e+02	  76	   0	6.892161e-01	5.250820e+01	 808	fear	fear_10.png	
DEV	   1	  52	  11	   0	5.273850e+02	  80	   0	2.895551e-01	2.325159e+01	3883	fear	fear_21.png	
DEV	   1	  53	  11	   0	5.340808e+02	  67	  67	8.055037e-01	5.437034e+01	 343	fear	fear_12.png	
DEV	   1	  54	  11	   0	5.402499e+02	  68	   0	8.202151e-01	5.573921e+01	 288	fear	fear_15.png	
DEV	   1	  55	  11	   0	5.468180e+02	  68	  68	7.681458e-01	5.206755e+01	 486	fear	fear_2.png	
DEV	   1	  56	  11	   0	5.527871e+02	  68	  68	7.175035e-01	4.905098e+01	 689	fear	fear_8.png	
DEV	   1	  57	  11	   0	5.588901e+02	  77	  77	7.014454e-01	5.389520e+01	 756	fear	fear_1.png	
DEV	   1	  58	  11	   0	5.654498e+02	  72	  72	7.223617e-01	5.216777e+01	 669	fear	fear_4.png	
DEV	   1	  59	  11	   0	5.714429e+02	  75	  75	7.648164e-01	5.727896e+01	 499	fear	fear_20.png	
DEV	   1	  60	  11	   0	5.780406e+02	  72	  72	7.119532e-01	5.092432e+01	 712	fear	fear_3.png	
DEV	   1	  61	  11	   0	5.836139e+02	  70	  70	7.658396e-01	5.350080e+01	 495	fear	fear_14.png	
DEV	   1	  62	  11	   0	5.896109e+02	  70	  70	7.047730e-01	4.914937e+01	 742	fear	fear_19.png	
DEV	   1	  63	  11	   0	5.964292e+02	  70	  70	6.948348e-01	4.865578e+01	 784	fear	fear_5.png	
DEV	   1	  64	  11	   0	6.023978e+02	  71	  71	7.189579e-01	5.127615e+01	 683	fear	fear_3.png	
DEV	   1	  65	  11	   0	6.087186e+02	  77	   0	6.938953e-01	5.346594e+01	 788	fear	fear_1.png	
DEV	   1	  66	  11	   0	6.157227e+02	  71	  71	7.589540e-01	5.394830e+01	 522	fear	fear_19.png	
DEV	   1	  67	  11	   0	6.238929e+02	  81	   0	3.219527e-01	2.618760e+01	3463	fear	fear_7.png	
DEV	   1	  68	  11	   0	6.306281e+02	  71	  71	7.430836e-01	5.245066e+01	 585	fear	fear_9.png	
DEV	   1	  69	  11	   0	6.369087e+02	  75	  75	7.131565e-01	5.383772e+01	 707	fear	fear_16.png	
DEV	   1	  70	  11	   0	6.439429e+02	  70	  70	6.880511e-01	4.831392e+01	 813	fear	fear_4.png	
DEV	   1	  71	  11	   0	6.490925e+02	  68	  68	7.284756e-01	4.956115e+01	 644	fear	fear_10.png	
DEV	   1	  72	  11	   0	6.544678e+02	  76	   0	7.160518e-01	5.471101e+01	 695	fear	fear_21.png	
DEV	   1	  73	  11	   0	6.604885e+02	  74	  74	6.945998e-01	5.142240e+01	 785	fear	fear_17.png	
DEV	   1	  74	  11	   0	6.662579e+02	  69	  69	7.194432e-01	4.986147e+01	 681	fear	fear_5.png	
DEV	   1	  75	  11	   0	6.729457e+02	  76	  76	7.105118e-01	5.369340e+01	 718	fear	fear_6.png	
DEV	   1	  76	  11	   0	6.801658e+02	  67	  67	7.435832e-01	4.950001e+01	 583	fear	fear_12.png	
DEV	   1	  77	  11	   0	6.856631e+02	  74	   0	7.059651e-01	5.203183e+01	 737	fear	fear_20.png	
DEV	   1	  78	  11	   0	6.918461e+02	  73	  73	7.129157e-01	5.239877e+01	 708	fear	fear_8.png	
DEV	   1	  79	  11	   0	6.992175e+02	  79	  79	4.568286e-01	3.623402e+01	2084	fear	fear_11.png	
DEV	   1	  80	  11	   0	7.052482e+02	  81	  81	4.678148e-01	3.790291e+01	2003	fear	fear_18.png	
DEV	   1	  81	  11	   0	7.122592e+02	  82	  82	4.465498e-01	3.643679e+01	2163	fear	fear_2.png	
DEV	   1	  82	  11	   0	7.191493e+02	  78	   0	4.795585e-01	3.726616e+01	1920	fear	fear_13.png	
DEV	   1	  83	  11	   0	7.248101e+02	  75	  75	7.255352e-01	5.450434e+01	 656	fear	fear_14.png	
DEV	   1	  84	  11	   0	7.319305e+02	  84	   0	4.443928e-01	3.717588e+01	2180	fear	fear_15.png	
IEV	   1	  85	  10	   0	8.029231e+02	  40	  40	7.705963e-01	3.064258e+01	1929	happy	happy_19.png	
IEV	   1	  86	  10	   0	8.092125e+02	  23	  23	8.621386e-01	2.025810e+01	1088	happy	happy_18.png	
IEV	   1	  87	  10	   0	8.159736e+02	  78	  78	5.714821e-01	4.432118e+01	3060	happy	happy_12.png	
IEV	   1	  88	  10	   0	8.243339e+02	  81	   0	5.716835e-01	4.602517e+01	3059	happy	happy_14.png	
IEV	   1	  89	  10	   0	8.305318e+02	  26	  26	8.586146e-01	2.243427e+01	1134	happy	happy_17.png	
IEV	   1	  90	  10	   0	8.368761e+02	  45	  45	7.564946e-01	3.411188e+01	2026	happy	happy_5.png	
IEV	   1	  91	  10	   0	8.445734e+02	 133	   0	3.908726e-01	5.211995e+01	3932	happy	happy_8.png	
IEV	   1	  92	  10	   0	8.506349e+02	  21	  21	8.979552e-01	1.893651e+01	 259	happy	happy_13.png	
IEV	   1	  93	  10	   0	8.579121e+02	  45	  45	7.466708e-01	3.339714e+01	2091	happy	happy_6.png	
IEV	   1	  94	  10	   0	8.644962e+02	  22	  22	8.609324e-01	1.869468e+01	1104	happy	happy_15.png	
IEV	   1	  95	  10	   0	8.719452e+02	  76	  76	5.775127e-01	4.398808e+01	3030	happy	happy_2.png	
IEV	   1	  96	  10	   0	8.793653e+02	  77	  77	5.885004e-01	4.513586e+01	2975	happy	happy_7.png	
IEV	   1	  97	  10	   0	8.856085e+02	  20	  20	8.679268e-01	1.774058e+01	1007	happy	happy_4.png	
IEV	   1	  98	  10	   0	8.928780e+02	  40	  40	7.492685e-01	3.019109e+01	2074	happy	happy_10.png	
IEV	   1	  99	  10	   0	9.004443e+02	  76	   0	5.700713e-01	4.325836e+01	3067	happy	happy_21.png	
IEV	   1	 100	  10	   0	9.071605e+02	  22	  22	8.706554e-01	1.909439e+01	 966	happy	happy_20.png	
IEV	   1	 101	  10	   0	9.142821e+02	  36	   0	8.158133e-01	2.967106e+01	1577	happy	happy_9.png	
IEV	   1	 102	  10	   0	9.219848e+02	  55	  55	6.776779e-01	3.711690e+01	2505	happy	happy_16.png	
IEV	   1	 103	  10	   0	9.293100e+02	  92	  92	5.052664e-01	4.670371e+01	3383	happy	happy_3.png	
IEV	   1	 104	  10	   0	9.363768e+02	 100	 100	4.882018e-01	4.900147e+01	3465	happy	happy_11.png	
IEV	   1	 105	  10	   0	9.444659e+02	 103	   0	4.788146e-01	4.941889e+01	3510	happy	happy_1.png	
IEV	   1	 106	  10	   0	9.519827e+02	 103	 103	4.671189e-01	4.805797e+01	3566	happy	happy_21.png	
IEV	   1	 107	  10	   0	9.600714e+02	 112	 112	4.418336e-01	4.965130e+01	3687	happy	happy_10.png	
IEV	   1	 108	  10	   0	9.677427e+02	 128	   0	4.028828e-01	5.166520e+01	3874	happy	happy_8.png	
IEV	   1	 109	  10	   0	9.729979e+02	  17	  17	8.781515e-01	1.535650e+01	 841	happy	happy_1.png	
IEV	   1	 110	  10	   0	9.808718e+02	 115	 115	4.476834e-01	5.163484e+01	3659	happy	happy_9.png	
IEV	   1	 111	  10	   0	9.879728e+02	 107	   0	4.777709e-01	5.089806e+01	3515	happy	happy_11.png	
IEV	   1	 112	  10	   0	9.959570e+02	 115	   0	4.397450e-01	5.062097e+01	3697	happy	happy_19.png	
IEV	   1	 113	  10	   0	1.003572e+03	 117	   0	4.272231e-01	4.984587e+01	3757	happy	happy_2.png	
IEV	   1	 114	  10	   0	1.010640e+03	  48	  48	7.506357e-01	3.608012e+01	2065	happy	happy_5.png	
IEV	   1	 115	  10	   0	1.016306e+03	  24	  24	8.641994e-01	2.084818e+01	1060	happy	happy_6.png	
IEV	   1	 116	  10	   0	1.023389e+03	  78	   0	5.710791e-01	4.434329e+01	3062	happy	happy_20.png	
IEV	   1	 117	  10	   0	1.030443e+03	 113	 113	4.522808e-01	5.100284e+01	3637	happy	happy_13.png	
IEV	   1	 118	  10	   0	1.037858e+03	 102	   0	4.763094e-01	4.857615e+01	3522	happy	happy_18.png	
IEV	   1	 119	  10	   0	1.044834e+03	  38	   0	7.485065e-01	2.875857e+01	2079	happy	happy_7.png	
IEV	   1	 120	  10	   0	1.052551e+03	 108	   0	4.719239e-01	5.113537e+01	3543	happy	happy_17.png	
IEV	   1	 121	  10	   0	1.059012e+03	  20	  20	8.673787e-01	1.694993e+01	1015	happy	happy_4.png	
IEV	   1	 122	  10	   0	1.066042e+03	  72	   0	5.865095e-01	4.231031e+01	2985	happy	happy_14.png	
IEV	   1	 123	  10	   0	1.073498e+03	 107	   0	4.524898e-01	4.827948e+01	3636	happy	happy_3.png	
IEV	   1	 124	  10	   0	1.081448e+03	 103	   0	4.623127e-01	4.781946e+01	3589	happy	happy_15.png	
IEV	   1	 125	  10	   0	1.087906e+03	  42	   0	7.542538e-01	3.202864e+01	2041	happy	happy_12.png	
IEV	   1	 126	  10	   0	1.095080e+03	  26	   0	8.634707e-01	2.267183e+01	1070	happy	happy_16.png	
CEVR	   1	 127	   9	   0	1.167046e+03	 127	   0	3.007431e-01	3.820297e+01	1994	fear	fear_10.png	
CEVR	   1	 128	   9	   0	1.172812e+03	 152	 152	2.468547e-01	3.749371e+01	1054	fear	fear_16.png	
CEVR	   1	 129	   9	   0	1.178879e+03	 145	   0	2.469018e-01	3.576549e+01	1055	fear	fear_2.png	
CEVR	   1	 130	   9	   0	1.185058e+03	 144	   0	2.575577e-01	  37	1272	fear	fear_15.png	
CEVR	   1	 131	   9	   0	1.191961e+03	  95	   0	4.085174e-01	3.863407e+01	3130	fear	fear_21.png	
CEVR	   1	 132	   9	   0	1.198590e+03	 159	   0	2.340080e-01	3.723401e+01	 766	fear	fear_5.png	
CEVR	   1	 133	   9	   0	1.204868e+03	 153	   0	2.465258e-01	3.773958e+01	1047	fear	fear_11.png	
CEVR	   1	 134	   9	   0	1.213036e+03	  78	  78	4.555047e-01	3.563349e+01	3457	fear	fear_8.png	
CEVR	   1	 135	   9	   0	1.219484e+03	 166	 166	2.278726e-01	3.791149e+01	 617	fear	fear_6.png	
CEVR	   1	 136	   9	   0	1.225872e+03	 155	 155	2.388858e-01	3.700000e+01	 879	fear	fear_18.png	
CEVR	   1	 137	   9	   0	1.233859e+03	  80	   0	4.965491e-01	3.948275e+01	3692	fear	fear_13.png	
CEVR	   1	 138	   9	   0	1.239758e+03	 137	   0	2.708072e-01	3.700000e+01	1518	fear	fear_1.png	
CEVR	   1	 139	   9	   0	1.246299e+03	 159	   0	2.272328e-01	3.609107e+01	 601	fear	fear_3.png	
CEVR	   1	 140	   9	   0	1.252347e+03	 152	 152	2.360985e-01	3.581951e+01	 815	fear	fear_20.png	
CEVR	   1	 141	   9	   0	1.257930e+03	 155	 155	2.391064e-01	  37	 884	fear	fear_17.png	
CEVR	   1	 142	   9	   0	1.264698e+03	 164	   0	2.294066e-01	3.768822e+01	 655	fear	fear_19.png	
CEVR	   1	 143	   9	   0	1.270684e+03	 157	 157	2.393715e-01	3.747874e+01	 890	fear	fear_12.png	
CEVR	   1	 144	   9	   0	1.277362e+03	 157	   0	2.387097e-01	3.747742e+01	 875	fear	fear_7.png	
CEVR	   1	 145	   9	   0	1.283035e+03	 160	   0	2.382266e-01	3.819113e+01	 864	fear	fear_9.png	
CEVR	   1	 146	   9	   0	1.289216e+03	 158	   0	2.386217e-01	3.771587e+01	 873	fear	fear_4.png	
CEVR	   1	 147	   9	   0	1.295123e+03	 152	   0	2.412444e-01	3.675876e+01	 932	fear	fear_14.png	
CEVR	   1	 148	   9	   0	1.302273e+03	 141	 141	2.546706e-01	3.598132e+01	1215	fear	fear_21.png	
CEVR	   1	 149	   9	   0	1.308948e+03	 136	   0	2.670103e-01	3.619897e+01	1450	fear	fear_7.png	
CEVR	   1	 150	   9	   0	1.316816e+03	  79	   0	4.890483e-01	3.846715e+01	3652	fear	fear_18.png	
CEVR	   1	 151	   9	   0	1.322953e+03	 153	   0	2.350699e-01	3.605972e+01	 791	fear	fear_3.png	
CEVR	   1	 152	   9	   0	1.330223e+03	 110	   0	3.368010e-01	3.700000e+01	2455	fear	fear_19.png	
CEVR	   1	 153	   9	   0	1.336074e+03	 147	   0	2.546706e-01	3.750934e+01	1215	fear	fear_12.png	
CEVR	   1	 154	   9	   0	1.342324e+03	 149	   0	2.450795e-01	3.650984e+01	1016	fear	fear_16.png	
CEVR	   1	 155	   9	   0	1.349351e+03	  67	   0	5.114534e-01	3.444273e+01	3768	fear	fear_2.png	
CEVR	   1	 156	   9	   0	1.356092e+03	  93	  93	3.872608e-01	3.583822e+01	2956	fear	fear_15.png	
CEVR	   1	 157	   9	   0	1.363583e+03	  96	  96	3.800998e-01	3.661990e+01	2893	fear	fear_1.png	
CEVR	   1	 158	   9	   0	1.371459e+03	  98	  98	3.770015e-01	3.700000e+01	2865	fear	fear_13.png	
CEVR	   1	 159	   9	   0	1.378785e+03	 100	   0	3.880731e-01	3.894037e+01	2963	fear	fear_6.png	
CEVR	   1	 160	   9	   0	1.386094e+03	 121	   0	2.964065e-01	3.581437e+01	1931	fear	fear_11.png	
CEVR	   1	 161	   9	   0	1.393065e+03	  79	  79	4.543860e-01	3.609123e+01	3450	fear	fear_17.png	
CEVR	   1	 162	   9	   0	1.400846e+03	  81	   0	4.580828e-01	3.700000e+01	3473	fear	fear_9.png	
CEVR	   1	 163	   9	   0	1.407126e+03	 154	   0	2.385338e-01	3.676147e+01	 871	fear	fear_8.png	
CEVR	   1	 164	   9	   0	1.414647e+03	 128	   0	2.848032e-01	3.643039e+01	1753	fear	fear_10.png	
CEVR	   1	 165	   9	   0	1.421436e+03	 128	   0	2.936508e-01	3.758730e+01	1890	fear	fear_20.png	
CEVR	   1	 166	   9	   0	1.428139e+03	 116	   0	3.241552e-01	3.764831e+01	2305	fear	fear_14.png	
CEVR	   1	 167	   9	   0	1.433660e+03	 167	 167	2.176471e-01	3.634706e+01	 350	fear	fear_4.png	
CEVR	   1	 168	   9	   0	1.440647e+03	 177	 177	2.151878e-01	3.807594e+01	 282	fear	fear_5.png	
DEV	   1	 169	   8	   0	1.510228e+03	  74	   0	4.617898e-01	3.425679e+01	2047	scram	scram_13.png	
DEV	   1	 170	   8	   0	1.515730e+03	  79	   0	6.219642e-01	4.914877e+01	1112	scram	scram_11.png	
DEV	   1	 171	   8	   0	1.523747e+03	  79	   0	3.503008e-01	2.782999e+01	3107	scram	scram_9.png	
DEV	   1	 172	   8	   0	1.530129e+03	  72	   0	7.218745e-01	5.214313e+01	 671	scram	scram_16.png	
DEV	   1	 173	   8	   0	1.536977e+03	  74	   0	5.293638e-01	3.939279e+01	1602	scram	scram_3.png	
DEV	   1	 174	   8	   0	1.543719e+03	  81	  81	4.223420e-01	3.432437e+01	2363	scram	scram_10.png	
DEV	   1	 175	   8	   0	1.551139e+03	  81	   0	3.154831e-01	2.540891e+01	3547	scram	scram_20.png	
DEV	   1	 176	   8	   0	1.558053e+03	  80	  80	4.256983e-01	3.413095e+01	2334	scram	scram_4.png	
DEV	   1	 177	   8	   0	1.565807e+03	  82	  82	3.953675e-01	3.244231e+01	2613	scram	scram_17.png	
DEV	   1	 178	   8	   0	1.571791e+03	  68	  68	8.237188e-01	5.586821e+01	 275	scram	scram_8.png	
DEV	   1	 179	   8	   0	1.578711e+03	  67	  67	8.055037e-01	5.437034e+01	 343	scram	scram_19.png	
DEV	   1	 180	   8	   0	1.586296e+03	  82	  82	4.132281e-01	3.369152e+01	2444	scram	scram_21.png	
DEV	   1	 181	   8	   0	1.593049e+03	  83	   0	4.221124e-01	3.515269e+01	2365	scram	scram_15.png	
DEV	   1	 182	   8	   0	1.598666e+03	  73	  73	7.543914e-01	5.524308e+01	 540	scram	scram_1.png	
DEV	   1	 183	   8	   0	1.604409e+03	  73	  73	7.420854e-01	5.388743e+01	 589	scram	scram_12.png	
DEV	   1	 184	   8	   0	1.610248e+03	  76	   0	7.450835e-01	5.627071e+01	 577	scram	scram_7.png	
DEV	   1	 185	   8	   0	1.617136e+03	  74	  74	7.704575e-01	5.678830e+01	 477	scram	scram_14.png	
DEV	   1	 186	   8	   0	1.622573e+03	  73	  73	7.453338e-01	5.404777e+01	 576	scram	scram_2.png	
DEV	   1	 187	   8	   0	1.628216e+03	  71	  71	7.425843e-01	5.242697e+01	 587	scram	scram_18.png	
DEV	   1	 188	   8	   0	1.633893e+03	  68	  68	7.756140e-01	5.238176e+01	 457	scram	scram_5.png	
DEV	   1	 189	   8	   0	1.640121e+03	  69	  69	8.049722e-01	5.515486e+01	 345	scram	scram_6.png	
DEV	   1	 190	   8	   0	1.645819e+03	  72	  72	7.668639e-01	5.508037e+01	 491	scram	scram_8.png	
DEV	   1	 191	   8	   0	1.651565e+03	  74	  74	7.410883e-01	5.457908e+01	 593	scram	scram_7.png	
DEV	   1	 192	   8	   0	1.657556e+03	  72	  72	7.689158e-01	5.517593e+01	 483	scram	scram_15.png	
DEV	   1	 193	   8	   0	1.663378e+03	  66	  66	8.052379e-01	5.274964e+01	 344	scram	scram_16.png	
DEV	   1	 194	   8	   0	1.669766e+03	  71	  71	7.707147e-01	5.448856e+01	 476	scram	scram_2.png	
DEV	   1	 195	   8	   0	1.675750e+03	  70	   0	7.730324e-01	5.382000e+01	 467	scram	scram_18.png	
DEV	   1	 196	   8	   0	1.681929e+03	  77	   0	6.333701e-01	4.859172e+01	1058	scram	scram_3.png	
DEV	   1	 197	   8	   0	1.687880e+03	  77	  77	5.297021e-01	4.100246e+01	1600	scram	scram_6.png	
DEV	   1	 198	   8	   0	1.694442e+03	  75	   0	4.651963e-01	3.493216e+01	2022	scram	scram_20.png	
DEV	   1	 199	   8	   0	1.702429e+03	  84	   0	4.103814e-01	3.431399e+01	2470	scram	scram_13.png	
DEV	   1	 200	   8	   0	1.709980e+03	  78	  78	3.595979e-01	2.810357e+01	2997	scram	scram_9.png	
DEV	   1	 201	   8	   0	1.716816e+03	  79	  79	3.620208e-01	2.862743e+01	2969	scram	scram_5.png	
DEV	   1	 202	   8	   0	1.724683e+03	  81	   0	3.566028e-01	2.897291e+01	3032	scram	scram_11.png	
DEV	   1	 203	   8	   0	1.732314e+03	  84	   0	3.145614e-01	2.628724e+01	3559	scram	scram_19.png	
DEV	   1	 204	   8	   0	1.738911e+03	  69	   0	8.196769e-01	5.653889e+01	 290	scram	scram_4.png	
DEV	   1	 205	   8	   0	1.745822e+03	  76	   0	6.209201e-01	4.722062e+01	1117	scram	scram_1.png	
DEV	   1	 206	   8	   0	1.752508e+03	  75	   0	5.187075e-01	3.874203e+01	1666	scram	scram_14.png	
DEV	   1	 207	   8	   0	1.759841e+03	  78	   0	4.473157e-01	3.470064e+01	2157	scram	scram_10.png	
DEV	   1	 208	   8	   0	1.766901e+03	  83	  83	3.952661e-01	3.283045e+01	2614	scram	scram_21.png	
DEV	   1	 209	   8	   0	1.773897e+03	  79	  79	3.882907e-01	3.077908e+01	2684	scram	scram_12.png	
DEV	   1	 210	   8	   0	1.781466e+03	  84	   0	3.742565e-01	3.132384e+01	2832	scram	scram_17.png	
CEVR	   1	 211	   7	   0	1.850410e+03	 119	   0	3.068720e-01	3.638626e+01	2080	happy	happy_21.png	
CEVR	   1	 212	   7	   0	1.855805e+03	 174	 174	2.151878e-01	3.743038e+01	 282	happy	happy_16.png	
CEVR	   1	 213	   7	   0	1.861874e+03	 164	   0	2.275923e-01	3.722759e+01	 610	happy	happy_9.png	
CEVR	   1	 214	   7	   0	1.867741e+03	 143	 143	2.655321e-01	3.806213e+01	1423	happy	happy_10.png	
CEVR	   1	 215	   7	   0	1.875827e+03	  76	  76	4.899735e-01	3.700000e+01	3657	happy	happy_8.png	
CEVR	   1	 216	   7	   0	1.883288e+03	  94	   0	3.939763e-01	  37	3013	happy	happy_7.png	
CEVR	   1	 217	   7	   0	1.891161e+03	  75	   0	4.805195e-01	3.603896e+01	3605	happy	happy_13.png	
CEVR	   1	 218	   7	   0	1.897337e+03	 162	 162	2.288795e-01	  37	 642	happy	happy_14.png	
CEVR	   1	 219	   7	   0	1.903575e+03	 155	   0	2.340926e-01	3.629772e+01	 768	happy	happy_17.png	
CEVR	   1	 220	   7	   0	1.911779e+03	  97	  97	3.804348e-01	  37	2896	happy	happy_20.png	
CEVR	   1	 221	   7	   0	1.918142e+03	 109	   0	3.335050e-01	3.633299e+01	2417	happy	happy_6.png	
CEVR	   1	 222	   7	   0	1.923855e+03	 151	   0	2.404382e-01	3.627869e+01	 914	happy	happy_1.png	
CEVR	   1	 223	   7	   0	1.931148e+03	 130	   0	2.791550e-01	3.616254e+01	1661	happy	happy_19.png	
CEVR	   1	 224	   7	   0	1.937787e+03	  88	   0	4.130781e-01	3.617384e+01	3165	happy	happy_2.png	
CEVR	   1	 225	   7	   0	1.944620e+03	 138	   0	2.617748e-01	3.621468e+01	1353	happy	happy_11.png	
CEVR	   1	 226	   7	   0	1.952579e+03	 107	   0	3.325629e-01	3.566975e+01	2406	happy	happy_3.png	
CEVR	   1	 227	   7	   0	1.958918e+03	 166	   0	2.257671e-01	3.745153e+01	 564	happy	happy_5.png	
CEVR	   1	 228	   7	   0	1.965449e+03	 123	   0	2.977011e-01	3.670230e+01	1950	happy	happy_12.png	
CEVR	   1	 229	   7	   0	1.971166e+03	 133	   0	2.808501e-01	3.728085e+01	1689	happy	happy_18.png	
CEVR	   1	 230	   7	   0	1.978781e+03	  81	   0	4.653252e-01	3.746533e+01	3517	happy	happy_4.png	
CEVR	   1	 231	   7	   0	1.986176e+03	 101	   0	3.572414e-01	3.592828e+01	2675	happy	happy_15.png	
CEVR	   1	 232	   7	   0	1.993050e+03	 147	 147	2.459172e-01	3.626225e+01	1034	happy	happy_20.png	
CEVR	   1	 233	   7	   0	1.999816e+03	 146	   0	2.548209e-01	3.725482e+01	1218	happy	happy_15.png	
CEVR	   1	 234	   7	   0	2.006276e+03	 140	   0	2.645016e-01	3.700000e+01	1404	happy	happy_2.png	
CEVR	   1	 235	   7	   0	2.013371e+03	 112	   0	3.383852e-01	3.801516e+01	2473	happy	happy_8.png	
CEVR	   1	 236	   7	   0	2.021251e+03	  89	  89	4.234794e-01	3.784696e+01	3242	happy	happy_18.png	
CEVR	   1	 237	   7	   0	2.027999e+03	 161	   0	2.344740e-01	3.770342e+01	 777	happy	happy_21.png	
CEVR	   1	 238	   7	   0	2.034460e+03	 121	   0	3.016539e-01	3.639669e+01	2007	happy	happy_12.png	
CEVR	   1	 239	   7	   0	2.040673e+03	 172	   0	2.161576e-01	3.721616e+01	 309	happy	happy_4.png	
CEVR	   1	 240	   7	   0	2.048239e+03	  86	  86	4.487179e-01	3.879487e+01	3414	happy	happy_13.png	
CEVR	   1	 241	   7	   0	2.055568e+03	 105	 105	3.442318e-01	3.631154e+01	2538	happy	happy_19.png	
CEVR	   1	 242	   7	   0	2.062014e+03	 150	   0	2.525844e-01	3.801034e+01	1173	happy	happy_11.png	
CEVR	   1	 243	   7	   0	2.068596e+03	 110	   0	3.357532e-01	  37	2443	happy	happy_16.png	
CEVR	   1	 244	   7	   0	2.075066e+03	 129	   0	2.878417e-01	  37	1801	happy	happy_6.png	
CEVR	   1	 245	   7	   0	2.081798e+03	 136	   0	2.724022e-01	  37	1546	happy	happy_17.png	
CEVR	   1	 246	   7	   0	2.088821e+03	  85	   0	4.354405e-01	3.700000e+01	3326	happy	happy_14.png	
CEVR	   1	 247	   7	   0	2.095758e+03	 150	 150	2.422372e-01	3.627329e+01	 954	happy	happy_7.png	
CEVR	   1	 248	   7	   0	2.102145e+03	 146	 146	2.468547e-01	3.601258e+01	1054	happy	happy_9.png	
CEVR	   1	 249	   7	   0	2.107858e+03	 153	   0	2.399481e-01	3.676005e+01	 903	happy	happy_1.png	
CEVR	   1	 250	   7	   0	2.114983e+03	 147	   0	2.504351e-01	3.674956e+01	1129	happy	happy_10.png	
CEVR	   1	 251	   7	   0	2.121985e+03	 121	   0	3.070903e-01	3.730709e+01	2083	happy	happy_3.png	
CEVR	   1	 252	   7	   0	2.128964e+03	 137	   0	2.776587e-01	3.811063e+01	1636	happy	happy_5.png	
#23-Apr-2013
IEV	   2	 253	   6	   0	1.362325e+01	  29	  29	8.500102e-01	2.434172e+01	1238	scram	scram_3.png	
IEV	   2	 254	   6	   0	1.955367e+01	  18	  18	8.913557e-01	1.577196e+01	 539	scram	scram_17.png	
IEV	   2	 255	   6	   0	2.493637e+01	  22	  22	8.671027e-01	1.872292e+01	1019	scram	scram_18.png	
IEV	   2	 256	   6	   0	3.170920e+01	  40	  40	7.566434e-01	3.031670e+01	2025	scram	scram_2.png	
IEV	   2	 257	   6	   0	3.943490e+01	  67	  67	6.361710e-01	4.242935e+01	2730	scram	scram_13.png	
IEV	   2	 258	   6	   0	4.608528e+01	  87	  87	5.473305e-01	4.780336e+01	3179	scram	scram_9.png	
IEV	   2	 259	   6	   0	5.410791e+01	 106	 106	4.763094e-01	5.048139e+01	3522	scram	scram_8.png	
IEV	   2	 260	   6	   0	6.204356e+01	 108	   0	4.706706e-01	5.071512e+01	3549	scram	scram_7.png	
IEV	   2	 261	   6	   0	6.891102e+01	  25	  25	8.521594e-01	2.152888e+01	1213	scram	scram_4.png	
IEV	   2	 262	   6	   0	7.573835e+01	  28	   0	8.591620e-01	2.408318e+01	1127	scram	scram_14.png	
IEV	   2	 263	   6	   0	8.248432e+01	  56	   0	6.661248e-01	3.724595e+01	2569	scram	scram_12.png	
IEV	   2	 264	   6	   0	9.046424e+01	 110	   0	4.522808e-01	4.964600e+01	3637	scram	scram_1.png	
IEV	   2	 265	   6	   0	9.799259e+01	  75	  75	5.968271e-01	4.468326e+01	2933	scram	scram_10.png	
IEV	   2	 266	   6	   0	1.038321e+02	  29	   0	8.571887e-01	2.518539e+01	1152	scram	scram_16.png	
IEV	   2	 267	   6	   0	1.105220e+02	  48	   0	7.207773e-01	3.468274e+01	2254	scram	scram_20.png	
IEV	   2	 268	   6	   0	1.166431e+02	  26	  26	8.600910e-01	2.224639e+01	1115	scram	scram_11.png	
IEV	   2	 269	   6	   0	1.229657e+02	  60	  60	6.382554e-01	3.847486e+01	2719	scram	scram_21.png	
IEV	   2	 270	   6	   0	1.298496e+02	  23	  23	8.781515e-01	2.062541e+01	 841	scram	scram_6.png	
IEV	   2	 271	   6	   0	1.367042e+02	  35	  35	8.151240e-01	2.892313e+01	1583	scram	scram_5.png	
IEV	   2	 272	   6	   0	1.447177e+02	 102	 102	4.809017e-01	4.884596e+01	3500	scram	scram_19.png	
IEV	   2	 273	   6	   0	1.528968e+02	  71	  71	5.835174e-01	4.131817e+01	3000	scram	scram_15.png	
IEV	   2	 274	   6	   0	1.604748e+02	  43	  43	7.607815e-01	3.300436e+01	1997	scram	scram_12.png	
IEV	   2	 275	   6	   0	1.669004e+02	  22	  22	8.594730e-01	1.888740e+01	1123	scram	scram_14.png	
IEV	   2	 276	   6	   0	1.741189e+02	  59	  59	6.403346e-01	3.769685e+01	2708	scram	scram_18.png	
IEV	   2	 277	   6	   0	1.816383e+02	  29	  29	8.605512e-01	2.476907e+01	1109	scram	scram_6.png	
IEV	   2	 278	   6	   0	1.889314e+02	 103	   0	4.900776e-01	5.038721e+01	3456	scram	scram_4.png	
IEV	   2	 279	   6	   0	1.959498e+02	  81	   0	5.621876e-01	4.538863e+01	3106	scram	scram_7.png	
IEV	   2	 280	   6	   0	2.027327e+02	  28	   0	8.659154e-01	2.408186e+01	1036	scram	scram_5.png	
IEV	   2	 281	   6	   0	2.095494e+02	  75	   0	5.627954e-01	4.197972e+01	3103	scram	scram_8.png	
IEV	   2	 282	   6	   0	2.163730e+02	  32	   0	8.226575e-01	2.652495e+01	1516	scram	scram_17.png	
IEV	   2	 283	   6	   0	2.228995e+02	  56	  56	6.748097e-01	3.799099e+01	2521	scram	scram_15.png	
IEV	   2	 284	   6	   0	2.299640e+02	  32	  32	8.350402e-01	2.687473e+01	1398	scram	scram_13.png	
IEV	   2	 285	   6	   0	2.374552e+02	  77	   0	5.732939e-01	4.422154e+01	3051	scram	scram_3.png	
IEV	   2	 286	   6	   0	2.438664e+02	  26	  26	8.619889e-01	2.200182e+01	1090	scram	scram_9.png	
IEV	   2	 287	   6	   0	2.511468e+02	  99	   0	4.961175e-01	4.913859e+01	3427	scram	scram_10.png	
IEV	   2	 288	   6	   0	2.571346e+02	  19	  19	8.779859e-01	1.626033e+01	 844	scram	scram_11.png	
IEV	   2	 289	   6	   0	2.641075e+02	  49	  49	6.940735e-01	3.387096e+01	2412	scram	scram_16.png	
IEV	   2	 290	   6	   0	2.709061e+02	  79	   0	5.747016e-01	4.529327e+01	3044	scram	scram_21.png	
IEV	   2	 291	   6	   0	2.774582e+02	  30	   0	8.557363e-01	2.536208e+01	1170	scram	scram_19.png	
IEV	   2	 292	   6	   0	2.843129e+02	  39	  39	7.914259e-01	3.114771e+01	1776	scram	scram_20.png	
IEV	   2	 293	   6	   0	2.920227e+02	 105	   0	4.840313e-01	5.064012e+01	3485	scram	scram_2.png	
IEV	   2	 294	   6	   0	2.983328e+02	  15	  15	8.870773e-01	1.299307e+01	 655	scram	scram_1.png	
CEV	   2	 295	   5	   0	3.674797e+02	  64	  64	6.124286e-01	3.944971e+01	2013	happy	happy_14.png	
CEV	   2	 296	   5	   0	3.734294e+02	  66	  66	5.911429e-01	3.877343e+01	2162	happy	happy_20.png	
CEV	   2	 297	   5	   0	3.797143e+02	  65	   0	5.810000e-01	3.758100e+01	2233	happy	happy_1.png	
CEV	   2	 298	   5	   0	3.860332e+02	  54	  54	6.285714e-01	3.385714e+01	1900	happy	happy_10.png	
CEV	   2	 299	   5	   0	3.931343e+02	  48	  48	7.478571e-01	3.625214e+01	1065	happy	happy_8.png	
CEV	   2	 300	   5	   0	3.993204e+02	  47	  47	7.807143e-01	  37	 835	happy	happy_21.png	
CEV	   2	 301	   5	   0	4.056758e+02	  41	  41	8.205714e-01	3.371771e+01	 556	happy	happy_16.png	
CEV	   2	 302	   5	   0	4.124758e+02	  67	  67	5.195714e-01	3.492171e+01	2663	happy	happy_6.png	
CEV	   2	 303	   5	   0	4.201220e+02	  72	   0	4.780000e-01	3.461000e+01	2954	happy	happy_19.png	
CEV	   2	 304	   5	   0	4.286126e+02	  95	   0	3.795714e-01	3.624086e+01	3643	happy	happy_4.png	
CEV	   2	 305	   5	   0	4.356678e+02	  52	  52	7.327143e-01	3.846543e+01	1171	happy	happy_11.png	
CEV	   2	 306	   5	   0	4.420060e+02	  50	  50	7.467143e-01	  37	1073	happy	happy_12.png	
CEV	   2	 307	   5	   0	4.480609e+02	  51	  51	6.757143e-01	3.429714e+01	1570	happy	happy_13.png	
CEV	   2	 308	   5	   0	4.552685e+02	  72	   0	5.462857e-01	3.918514e+01	2476	happy	happy_2.png	
CEV	   2	 309	   5	   0	4.616411e+02	  56	  56	6.421429e-01	3.571571e+01	1805	happy	happy_5.png	
CEV	   2	 310	   5	   0	4.695667e+02	  77	   0	4.841429e-01	3.748414e+01	2911	happy	happy_3.png	
CEV	   2	 311	   5	   0	4.770539e+02	 104	 104	3.522857e-01	3.664771e+01	3834	happy	happy_17.png	
CEV	   2	 312	   5	   0	4.852114e+02	 107	 107	3.608571e-01	3.844343e+01	3774	happy	happy_15.png	
CEV	   2	 313	   5	   0	4.920546e+02	  97	  97	3.650000e-01	3.554000e+01	3745	happy	happy_18.png	
CEV	   2	 314	   5	   0	4.994310e+02	 101	   0	3.557143e-01	3.593286e+01	3810	happy	happy_7.png	
CEV	   2	 315	   5	   0	5.053492e+02	  51	  51	7.438571e-01	3.774386e+01	1093	happy	happy_9.png	
CEV	   2	 316	   5	   0	5.127396e+02	  71	   0	5.515714e-01	3.920629e+01	2439	happy	happy_21.png	
CEV	   2	 317	   5	   0	5.203019e+02	 104	 104	3.642857e-01	3.772857e+01	3750	happy	happy_10.png	
CEV	   2	 318	   5	   0	5.279963e+02	 102	   0	3.791429e-01	3.851657e+01	3646	happy	happy_16.png	
CEV	   2	 319	   5	   0	5.357338e+02	  98	   0	3.960000e-01	3.898000e+01	3528	happy	happy_14.png	
CEV	   2	 320	   5	   0	5.418926e+02	  54	  54	7.322857e-01	3.919686e+01	1174	happy	happy_1.png	
CEV	   2	 321	   5	   0	5.484049e+02	  45	  45	7.745714e-01	3.467629e+01	 878	happy	happy_5.png	
CEV	   2	 322	   5	   0	5.561342e+02	  50	  50	6.837143e-01	3.426514e+01	1514	happy	happy_4.png	
CEV	   2	 323	   5	   0	5.627385e+02	  62	  62	6.341429e-01	3.953657e+01	1861	happy	happy_2.png	
CEV	   2	 324	   5	   0	5.703039e+02	  64	  64	5.594286e-01	3.588114e+01	2384	happy	happy_6.png	
CEV	   2	 325	   5	   0	5.778498e+02	  77	   0	4.791429e-01	  37	2946	happy	happy_17.png	
CEV	   2	 326	   5	   0	5.834643e+02	  45	   0	7.452857e-01	3.327357e+01	1083	happy	happy_9.png	
CEV	   2	 327	   5	   0	5.906747e+02	  65	   0	5.795714e-01	3.757957e+01	2243	happy	happy_20.png	
CEV	   2	 328	   5	   0	5.989652e+02	  88	   0	4.094286e-01	3.618114e+01	3434	happy	happy_3.png	
CEV	   2	 329	   5	   0	6.060323e+02	  74	  74	4.732857e-01	3.510686e+01	2987	happy	happy_7.png	
CEV	   2	 330	   5	   0	6.118123e+02	  51	  51	7.552857e-01	3.851057e+01	1013	happy	happy_12.png	
CEV	   2	 331	   5	   0	6.190147e+02	  50	  50	8.064286e-01	4.022571e+01	 655	happy	happy_11.png	
CEV	   2	 332	   5	   0	6.251624e+02	  61	  61	6.552857e-01	4.027643e+01	1713	happy	happy_8.png	
CEV	   2	 333	   5	   0	6.330889e+02	  87	   0	4.352857e-01	3.787057e+01	3253	happy	happy_13.png	
CEV	   2	 334	   5	   0	6.404849e+02	  59	  59	6.081429e-01	3.578371e+01	2043	happy	happy_18.png	
CEV	   2	 335	   5	   0	6.463821e+02	  46	  46	8.078571e-01	  37	 645	happy	happy_15.png	
CEV	   2	 336	   5	   0	6.535366e+02	  72	  72	5.342857e-01	3.860286e+01	2560	happy	happy_19.png	
CEVR	   2	 337	   4	   0	7.233354e+02	 151	   0	2.401261e-01	3.627962e+01	 907	scram	scram_12.png	
CEVR	   2	 338	   4	   0	7.292510e+02	 162	   0	2.224704e-01	3.611012e+01	 479	scram	scram_20.png	
CEVR	   2	 339	   4	   0	7.368977e+02	 134	 134	2.722304e-01	3.645554e+01	1543	scram	scram_6.png	
CEVR	   2	 340	   4	   0	7.432923e+02	 130	   0	2.777778e-01	3.616667e+01	1638	scram	scram_17.png	
CEVR	   2	 341	   4	   0	7.500924e+02	 135	   0	2.783151e-01	3.755663e+01	1647	scram	scram_19.png	
CEVR	   2	 342	   4	   0	7.563101e+02	 142	 142	2.688395e-01	3.807536e+01	1483	scram	scram_14.png	
CEVR	   2	 343	   4	   0	7.632796e+02	 142	   0	2.635864e-01	3.752717e+01	1387	scram	scram_3.png	
CEVR	   2	 344	   4	   0	7.694093e+02	 144	 144	2.593631e-01	3.725936e+01	1307	scram	scram_13.png	
CEVR	   2	 345	   4	   0	7.756084e+02	 145	   0	2.562327e-01	3.725623e+01	1246	scram	scram_7.png	
CEVR	   2	 346	   4	   0	7.821024e+02	 118	 118	3.036342e-01	3.578546e+01	2035	scram	scram_2.png	
CEVR	   2	 347	   4	   0	7.890375e+02	 124	 124	3.095864e-01	3.823835e+01	2117	scram	scram_11.png	
CEVR	   2	 348	   4	   0	7.968288e+02	  91	  91	3.956615e-01	3.581302e+01	3027	scram	scram_18.png	
CEVR	   2	 349	   4	   0	8.035780e+02	 106	 106	3.446899e-01	3.665531e+01	2543	scram	scram_21.png	
CEVR	   2	 350	   4	   0	8.114115e+02	  78	  78	4.996142e-01	3.899846e+01	3708	scram	scram_10.png	
CEVR	   2	 351	   4	   0	8.179951e+02	 103	 103	3.467202e-01	3.561312e+01	2565	scram	scram_9.png	
CEVR	   2	 352	   4	   0	8.244316e+02	 108	 108	3.424114e-01	3.700000e+01	2518	scram	scram_5.png	
CEVR	   2	 353	   4	   0	8.314373e+02	 109	 109	3.553787e-01	3.877689e+01	2656	scram	scram_1.png	
CEVR	   2	 354	   4	   0	8.391541e+02	  96	  96	3.783231e-01	3.624335e+01	2877	scram	scram_4.png	
CEVR	   2	 355	   4	   0	8.458902e+02	 113	 113	3.226208e-01	3.635476e+01	2286	scram	scram_8.png	
CEVR	   2	 356	   4	   0	8.536543e+02	 107	   0	3.472781e-01	  37	2571	scram	scram_15.png	
CEVR	   2	 357	   4	   0	8.614560e+02	 100	 100	3.736295e-01	3.737363e+01	2834	scram	scram_16.png	
CEVR	   2	 358	   4	   0	8.685719e+02	 134	   0	2.683382e-01	3.592665e+01	1474	scram	scram_6.png	
CEVR	   2	 359	   4	   0	8.766145e+02	  95	   0	4.081311e-01	3.863252e+01	3127	scram	scram_7.png	
CEVR	   2	 360	   4	   0	8.832304e+02	 106	   0	3.355792e-01	3.565768e+01	2441	scram	scram_1.png	
CEVR	   2	 361	   4	   0	8.908095e+02	 104	 104	3.499054e-01	3.630019e+01	2599	scram	scram_16.png	
CEVR	   2	 362	   4	   0	8.974923e+02	 142	 142	2.646097e-01	3.752922e+01	1406	scram	scram_15.png	
CEVR	   2	 363	   4	   0	9.036443e+02	 137	   0	2.613522e-01	3.569324e+01	1345	scram	scram_10.png	
CEVR	   2	 364	   4	   0	9.103328e+02	 135	   0	2.765321e-01	3.727653e+01	1617	scram	scram_18.png	
CEVR	   2	 365	   4	   0	9.169635e+02	 139	   0	2.698479e-01	3.753970e+01	1501	scram	scram_8.png	
CEVR	   2	 366	   4	   0	9.233800e+02	 141	   0	2.680604e-01	3.780418e+01	1469	scram	scram_13.png	
CEVR	   2	 367	   4	   0	9.305253e+02	 138	   0	2.714316e-01	3.754286e+01	1529	scram	scram_20.png	
CEVR	   2	 368	   4	   0	9.383546e+02	 108	 108	3.392717e-01	3.666073e+01	2483	scram	scram_12.png	
CEVR	   2	 369	   4	   0	9.456509e+02	 114	   0	3.346253e-01	3.800388e+01	2430	scram	scram_17.png	
CEVR	   2	 370	   4	   0	9.526960e+02	 103	   0	3.626435e-01	3.736264e+01	2729	scram	scram_14.png	
CEVR	   2	 371	   4	   0	9.592959e+02	 112	 112	3.185732e-01	3.572571e+01	2235	scram	scram_3.png	
CEVR	   2	 372	   4	   0	9.660620e+02	 119	   0	3.117477e-01	  37	2146	scram	scram_21.png	
CEVR	   2	 373	   4	   0	9.733514e+02	 115	   0	3.333333e-01	3.833333e+01	2415	scram	scram_5.png	
CEVR	   2	 374	   4	   0	9.796671e+02	 111	 111	3.379436e-01	3.767589e+01	2468	scram	scram_19.png	
CEVR	   2	 375	   4	   0	9.867443e+02	 109	 109	3.284301e-01	3.568628e+01	2357	scram	scram_9.png	
CEVR	   2	 376	   4	   0	9.941964e+02	 116	   0	3.269376e-01	3.798081e+01	2339	scram	scram_4.png	
CEVR	   2	 377	   4	   0	1.000975e+03	 114	 114	3.314564e-01	3.766291e+01	2393	scram	scram_2.png	
CEVR	   2	 378	   4	   0	1.007894e+03	 111	 111	3.382968e-01	3.767659e+01	2472	scram	scram_11.png	
IEV	   2	 379	   3	   0	1.078280e+03	  18	  18	8.743469e-01	1.593864e+01	 907	fear	fear_17.png	
IEV	   2	 380	   3	   0	1.085098e+03	  41	  41	7.501806e-01	3.086389e+01	2068	fear	fear_9.png	
IEV	   2	 381	   3	   0	1.093022e+03	  81	   0	5.670438e-01	4.569776e+01	3082	fear	fear_11.png	
IEV	   2	 382	   3	   0	1.098600e+03	  23	  23	8.809108e-01	2.020389e+01	 789	fear	fear_12.png	
IEV	   2	 383	   3	   0	1.105089e+03	  35	   0	8.119861e-01	2.841767e+01	1610	fear	fear_8.png	
IEV	   2	 384	   3	   0	1.112850e+03	  61	  61	6.684887e-01	4.109344e+01	2556	fear	fear_10.png	
IEV	   2	 385	   3	   0	1.120691e+03	 101	 101	4.781884e-01	4.849004e+01	3513	fear	fear_14.png	
IEV	   2	 386	   3	   0	1.127257e+03	  27	  27	8.579841e-01	2.337187e+01	1142	fear	fear_4.png	
IEV	   2	 387	   3	   0	1.133143e+03	  29	  29	8.530889e-01	2.482647e+01	1202	fear	fear_21.png	
IEV	   2	 388	   3	   0	1.141067e+03	  52	  52	6.819546e-01	3.545352e+01	2481	fear	fear_2.png	
IEV	   2	 389	   3	   0	1.148077e+03	  45	  45	7.588672e-01	3.392051e+01	2010	fear	fear_18.png	
IEV	   2	 390	   3	   0	1.155940e+03	  92	   0	5.110773e-01	4.692419e+01	3355	fear	fear_6.png	
IEV	   2	 391	   3	   0	1.161235e+03	  18	  18	8.792374e-01	1.606505e+01	 821	fear	fear_7.png	
IEV	   2	 392	   3	   0	1.168128e+03	  33	  33	8.119861e-01	2.679370e+01	1610	fear	fear_5.png	
IEV	   2	 393	   3	   0	1.176072e+03	  59	  59	6.760662e-01	3.993330e+01	2514	fear	fear_15.png	
IEV	   2	 394	   3	   0	1.183791e+03	  96	  96	4.925778e-01	4.732607e+01	3444	fear	fear_13.png	
IEV	   2	 395	   3	   0	1.189971e+03	  37	  37	7.897251e-01	2.893083e+01	1789	fear	fear_20.png	
IEV	   2	 396	   3	   0	1.196570e+03	  23	  23	8.665469e-01	1.966618e+01	1027	fear	fear_1.png	
IEV	   2	 397	   3	   0	1.203694e+03	  66	   0	6.078363e-01	3.981719e+01	2877	fear	fear_19.png	
IEV	   2	 398	   3	   0	1.211091e+03	  45	  45	7.301915e-01	3.249897e+01	2196	fear	fear_3.png	
IEV	   2	 399	   3	   0	1.218698e+03	  82	  82	5.757062e-01	4.696683e+01	3039	fear	fear_16.png	
IEV	   2	 400	   3	   0	1.226046e+03	  82	   0	5.621876e-01	4.595082e+01	3106	fear	fear_10.png	
IEV	   2	 401	   3	   0	1.233624e+03	  24	  24	8.574282e-01	2.086894e+01	1149	fear	fear_15.png	
IEV	   2	 402	   3	   0	1.240728e+03	  64	   0	6.164067e-01	3.927108e+01	2833	fear	fear_7.png	
IEV	   2	 403	   3	   0	1.247215e+03	  38	  38	7.603408e-01	2.923894e+01	2000	fear	fear_6.png	
IEV	   2	 404	   3	   0	1.253610e+03	  29	  29	8.519894e-01	2.495776e+01	1215	fear	fear_21.png	
IEV	   2	 405	   3	   0	1.260198e+03	  62	  62	6.608209e-01	4.091383e+01	2598	fear	fear_20.png	
IEV	   2	 406	   3	   0	1.267512e+03	  97	  97	4.904944e-01	4.742667e+01	3454	fear	fear_3.png	
IEV	   2	 407	   3	   0	1.275092e+03	  60	  60	6.635695e-01	4.007600e+01	2583	fear	fear_1.png	
IEV	   2	 408	   3	   0	1.281706e+03	  22	  22	8.775410e-01	1.896170e+01	 852	fear	fear_18.png	
IEV	   2	 409	   3	   0	1.287491e+03	  29	  29	8.138526e-01	2.335084e+01	1594	fear	fear_9.png	
IEV	   2	 410	   3	   0	1.294890e+03	  79	   0	5.789162e-01	4.564671e+01	3023	fear	fear_2.png	
IEV	   2	 411	   3	   0	1.301431e+03	  18	  18	8.745272e-01	1.591157e+01	 904	fear	fear_16.png	
IEV	   2	 412	   3	   0	1.309084e+03	 139	   0	3.723347e-01	5.167730e+01	4022	fear	fear_14.png	
IEV	   2	 413	   3	   0	1.316765e+03	  64	   0	6.316049e-01	4.017463e+01	2754	fear	fear_11.png	
IEV	   2	 414	   3	   0	1.322582e+03	  26	  26	8.647047e-01	2.251020e+01	1053	fear	fear_8.png	
IEV	   2	 415	   3	   0	1.330039e+03	  88	   0	5.152218e-01	4.517325e+01	3335	fear	fear_19.png	
IEV	   2	 416	   3	   0	1.336547e+03	  29	  29	8.111630e-01	2.363126e+01	1617	fear	fear_13.png	
IEV	   2	 417	   3	   0	1.343579e+03	  75	  75	5.670438e-01	4.229549e+01	3082	fear	fear_5.png	
IEV	   2	 418	   3	   0	1.350429e+03	  32	  32	7.987293e-01	2.569085e+01	1719	fear	fear_17.png	
IEV	   2	 419	   3	   0	1.357760e+03	  53	  53	6.821321e-01	3.612280e+01	2480	fear	fear_12.png	
IEV	   2	 420	   3	   0	1.364484e+03	  21	  21	8.636902e-01	1.832475e+01	1067	fear	fear_4.png	
DEV	   2	 421	   2	   0	1.440070e+03	  78	   0	6.515807e-01	5.097297e+01	 974	happy	happy_6.png	
DEV	   2	 422	   2	   0	1.447911e+03	  80	  80	4.616545e-01	3.701836e+01	2048	happy	happy_14.png	
DEV	   2	 423	   2	   0	1.455063e+03	  79	  79	3.532229e-01	2.802951e+01	3072	happy	happy_4.png	
DEV	   2	 424	   2	   0	1.461772e+03	  82	   0	5.238285e-01	4.272223e+01	1635	happy	happy_9.png	
DEV	   2	 425	   2	   0	1.467661e+03	  74	  74	6.924883e-01	5.130793e+01	 794	happy	happy_21.png	
DEV	   2	 426	   2	   0	1.475036e+03	  77	   0	4.222272e-01	3.262751e+01	2364	happy	happy_8.png	
DEV	   2	 427	   2	   0	1.483567e+03	  89	  89	3.084996e-01	2.737986e+01	3638	happy	happy_1.png	
DEV	   2	 428	   2	   0	1.490241e+03	  73	  73	6.175927e-01	4.516893e+01	1133	happy	happy_12.png	
DEV	   2	 429	   2	   0	1.497085e+03	  75	   0	4.594985e-01	3.457466e+01	2064	happy	happy_15.png	
DEV	   2	 430	   2	   0	1.504769e+03	  81	   0	3.786145e-01	3.050203e+01	2785	happy	happy_5.png	
DEV	   2	 431	   2	   0	1.511228e+03	  73	  73	6.606744e-01	4.821717e+01	 933	happy	happy_13.png	
DEV	   2	 432	   2	   0	1.517832e+03	  74	  74	5.295329e-01	3.940307e+01	1601	happy	happy_16.png	
DEV	   2	 433	   2	   0	1.525899e+03	  81	   0	3.154063e-01	2.540346e+01	3548	happy	happy_11.png	
DEV	   2	 434	   2	   0	1.531905e+03	  81	  81	5.607335e-01	4.520104e+01	1424	happy	happy_19.png	
DEV	   2	 435	   2	   0	1.538789e+03	  83	  83	4.016429e-01	3.328425e+01	2552	happy	happy_20.png	
DEV	   2	 436	   2	   0	1.545751e+03	  77	   0	5.408707e-01	4.171193e+01	1535	happy	happy_10.png	
DEV	   2	 437	   2	   0	1.553662e+03	  83	  83	3.564327e-01	2.967387e+01	3034	happy	happy_18.png	
DEV	   2	 438	   2	   0	1.560679e+03	  79	   0	4.135590e-01	3.247388e+01	2441	happy	happy_3.png	
DEV	   2	 439	   2	   0	1.567181e+03	  71	  71	7.356246e-01	5.209393e+01	 615	happy	happy_7.png	
DEV	   2	 440	   2	   0	1.573387e+03	  78	   0	5.312283e-01	4.163100e+01	1591	happy	happy_17.png	
DEV	   2	 441	   2	   0	1.580770e+03	  83	   0	3.131796e-01	2.587179e+01	3577	happy	happy_2.png	
DEV	   2	 442	   2	   0	1.587227e+03	  73	  73	5.477354e-01	3.995397e+01	1496	happy	happy_18.png	
DEV	   2	 443	   2	   0	1.595634e+03	  80	  80	3.573695e-01	2.866920e+01	3023	happy	happy_19.png	
DEV	   2	 444	   2	   0	1.602718e+03	  84	   0	3.611527e-01	3.037437e+01	2979	happy	happy_3.png	
DEV	   2	 445	   2	   0	1.608979e+03	  84	   0	4.262821e-01	3.587585e+01	2329	happy	happy_20.png	
DEV	   2	 446	   2	   0	1.615309e+03	  74	   0	5.552663e-01	4.095134e+01	1454	happy	happy_15.png	
DEV	   2	 447	   2	   0	1.623550e+03	  86	   0	3.210260e-01	2.772659e+01	3475	happy	happy_12.png	
DEV	   2	 448	   2	   0	1.630929e+03	  78	  78	5.771953e-01	4.512942e+01	1336	happy	happy_6.png	
DEV	   2	 449	   2	   0	1.637589e+03	  84	   0	3.526359e-01	2.975265e+01	3079	happy	happy_16.png	
DEV	   2	 450	   2	   0	1.643736e+03	  72	  72	6.297538e-01	4.522612e+01	1075	happy	happy_14.png	
DEV	   2	 451	   2	   0	1.651263e+03	  85	  85	3.540637e-01	3.021122e+01	3062	happy	happy_10.png	
DEV	   2	 452	   2	   0	1.658021e+03	  79	   0	3.489753e-01	2.773932e+01	3123	happy	happy_7.png	
DEV	   2	 453	   2	   0	1.666477e+03	  87	   0	3.357114e-01	2.917599e+01	3287	happy	happy_4.png	
DEV	   2	 454	   2	   0	1.673122e+03	  84	  84	3.538112e-01	2.983868e+01	3065	happy	happy_21.png	
DEV	   2	 455	   2	   0	1.680159e+03	  87	   0	3.528873e-01	3.082972e+01	3076	happy	happy_8.png	
DEV	   2	 456	   2	   0	1.686646e+03	  84	  84	3.614996e-01	3.039961e+01	2975	happy	happy_17.png	
DEV	   2	 457	   2	   0	1.693808e+03	  85	   0	3.683686e-01	3.126660e+01	2897	happy	happy_13.png	
DEV	   2	 458	   2	   0	1.701462e+03	  78	   0	3.524684e-01	2.762557e+01	3081	happy	happy_11.png	
DEV	   2	 459	   2	   0	1.708761e+03	  80	   0	3.592538e-01	2.879907e+01	3001	happy	happy_1.png	
DEV	   2	 460	   2	   0	1.716073e+03	  81	   0	3.567730e-01	2.898482e+01	3030	happy	happy_9.png	
DEV	   2	 461	   2	   0	1.723719e+03	  79	  79	3.525522e-01	2.798376e+01	3080	happy	happy_5.png	
DEV	   2	 462	   2	   0	1.731172e+03	  77	   0	3.500518e-01	2.711286e+01	3110	happy	happy_2.png	
CEV	   2	 463	   1	   0	1.804266e+03	  83	   0	4.562857e-01	3.791257e+01	3106	fear	fear_5.png	
CEV	   2	 464	   1	   0	1.811871e+03	  55	   0	6.412857e-01	3.507614e+01	1811	fear	fear_11.png	
CEV	   2	 465	   1	   0	1.819310e+03	  54	  54	7.214286e-01	3.916429e+01	1250	fear	fear_8.png	
CEV	   2	 466	   1	   0	1.826822e+03	  77	  77	4.724286e-01	3.652757e+01	2993	fear	fear_21.png	
CEV	   2	 467	   1	   0	1.833082e+03	  55	  55	7.181429e-01	3.915443e+01	1273	fear	fear_4.png	
CEV	   2	 468	   1	   0	1.840441e+03	  77	   0	4.585714e-01	3.516571e+01	3090	fear	fear_9.png	
CEV	   2	 469	   1	   0	1.847514e+03	  56	   0	6.835714e-01	3.836714e+01	1515	fear	fear_17.png	
CEV	   2	 470	   1	   0	1.854474e+03	  70	  70	5.400000e-01	3.754000e+01	2520	fear	fear_16.png	
CEV	   2	 471	   1	   0	1.860519e+03	  47	   0	7.728571e-01	3.622714e+01	 890	fear	fear_2.png	
CEV	   2	 472	   1	   0	1.867603e+03	  67	   0	5.378571e-01	3.592429e+01	2535	fear	fear_10.png	
CEV	   2	 473	   1	   0	1.875389e+03	  91	   0	4.185714e-01	3.825571e+01	3370	fear	fear_19.png	
CEV	   2	 474	   1	   0	1.881028e+03	  46	  46	8.081429e-01	  37	 643	fear	fear_6.png	
CEV	   2	 475	   1	   0	1.888085e+03	  61	  61	6.621429e-01	4.031071e+01	1665	fear	fear_13.png	
CEV	   2	 476	   1	   0	1.894759e+03	  46	   0	7.364286e-01	3.405429e+01	1145	fear	fear_7.png	
CEV	   2	 477	   1	   0	1.900832e+03	  63	  63	5.982857e-01	3.759829e+01	2112	fear	fear_1.png	
CEV	   2	 478	   1	   0	1.908182e+03	  86	  86	4.574286e-01	3.928714e+01	3098	fear	fear_14.png	
CEV	   2	 479	   1	   0	1.916105e+03	  81	   0	4.654286e-01	3.793086e+01	3042	fear	fear_20.png	
CEV	   2	 480	   1	   0	1.922041e+03	  48	  48	7.495714e-01	3.625043e+01	1053	fear	fear_18.png	
CEV	   2	 481	   1	   0	1.929010e+03	  54	  54	6.235714e-01	3.388214e+01	1935	fear	fear_15.png	
CEV	   2	 482	   1	   0	1.936254e+03	  77	   0	4.598571e-01	3.562043e+01	3081	fear	fear_12.png	
CEV	   2	 483	   1	   0	1.943610e+03	  49	   0	7.464286e-01	3.625357e+01	1075	fear	fear_3.png	
CEV	   2	 484	   1	   0	1.950869e+03	  58	  58	6.551429e-01	3.831029e+01	1714	fear	fear_2.png	
CEV	   2	 485	   1	   0	1.957250e+03	  41	   0	8.491429e-01	3.445257e+01	 356	fear	fear_3.png	
CEV	   2	 486	   1	   0	1.964866e+03	  65	   0	5.537143e-01	3.589257e+01	2424	fear	fear_19.png	
CEV	   2	 487	   1	   0	1.972337e+03	  90	  90	3.988571e-01	3.580343e+01	3508	fear	fear_20.png	
CEV	   2	 488	   1	   0	1.979631e+03	  90	   0	3.954286e-01	3.541829e+01	3532	fear	fear_13.png	
CEV	   2	 489	   1	   0	1.986932e+03	  92	  92	3.885714e-01	3.583429e+01	3580	fear	fear_18.png	
CEV	   2	 490	   1	   0	1.993840e+03	  96	  96	3.917143e-01	3.778343e+01	3558	fear	fear_16.png	
CEV	   2	 491	   1	   0	2.001704e+03	  95	  95	3.992857e-01	3.779857e+01	3505	fear	fear_7.png	
CEV	   2	 492	   1	   0	2.009810e+03	  95	  95	3.944286e-01	3.739443e+01	3539	fear	fear_5.png	
CEV	   2	 493	   1	   0	2.017074e+03	  96	   0	4.021429e-01	3.860857e+01	3485	fear	fear_14.png	
CEV	   2	 494	   1	   0	2.024373e+03	  91	   0	4.160000e-01	3.783200e+01	3388	fear	fear_15.png	
CEV	   2	 495	   1	   0	2.031806e+03	  95	   0	3.852857e-01	3.661471e+01	3603	fear	fear_17.png	
CEV	   2	 496	   1	   0	2.038585e+03	  56	  56	6.788571e-01	3.767886e+01	1548	fear	fear_12.png	
CEV	   2	 497	   1	   0	2.045404e+03	  65	  65	5.532857e-01	3.589343e+01	2427	fear	fear_11.png	
CEV	   2	 498	   1	   0	2.051297e+03	  55	  55	6.748571e-01	  37	1576	fear	fear_9.png	
CEV	   2	 499	   1	   0	2.058641e+03	  74	   0	5.235714e-01	3.857071e+01	2635	fear	fear_6.png	
CEV	   2	 500	   1	   0	2.066344e+03	  73	   0	4.727143e-01	3.463643e+01	2991	fear	fear_1.png	
CEV	   2	 501	   1	   0	2.073906e+03	  77	   0	4.585714e-01	3.516571e+01	3090	fear	fear_21.png	
CEV	   2	 502	   1	   0	2.080273e+03	  55	  55	7.440000e-01	4.072000e+01	1092	fear	fear_8.png	
CEV	   2	 503	   1	   0	2.087176e+03	  59	  59	6.727143e-01	3.969086e+01	1591	fear	fear_4.png	
CEV	   2	 504	   1	   0	2.094770e+03	  96	   0	3.937143e-01	3.778743e+01	3544	fear	fear_10.png	
