#Subj:	10814
#Run:	1
#Age:	15
#Gender:	female
#19-Apr-2013
Func	Run	Trial	Block	Null	trialStartTime	Mag	ScoreInc	Freq	EV	RT	Emotion	Image
CEV	   1	   1	   1	   0	9.980938e+01	  61	   0	6.304286e-01	3.826086e+01	1887	fear	fear_10.png	
CEV	   1	   2	   1	   0	1.064705e+02	  51	  51	7.622857e-01	3.852457e+01	 964	fear	fear_4.png	
CEV	   1	   3	   1	   0	1.118854e+02	  46	  46	8.475714e-01	3.869514e+01	 367	fear	fear_8.png	
CEV	   1	   4	   1	   0	1.181687e+02	  47	  47	8.234286e-01	3.864686e+01	 536	fear	fear_21.png	
CEV	   1	   5	   1	   0	1.249392e+02	  46	  46	7.701429e-01	3.545971e+01	 909	fear	fear_1.png	
CEV	   1	   6	   1	   0	1.309430e+02	  45	   0	7.604286e-01	3.395829e+01	 977	fear	fear_6.png	
CEV	   1	   7	   1	   0	1.365116e+02	  47	  47	8.274286e-01	3.865486e+01	 508	fear	fear_9.png	
CEV	   1	   8	   1	   0	1.426048e+02	  50	  50	8.204286e-01	4.110214e+01	 557	fear	fear_11.png	
CEV	   1	   9	   1	   0	1.481929e+02	  44	  44	8.220000e-01	3.617800e+01	 546	fear	fear_12.png	
CEV	   1	  10	   1	   0	1.536701e+02	  46	  46	8.537143e-01	3.956114e+01	 324	fear	fear_17.png	
CEV	   1	  11	   1	   0	1.593601e+02	  42	  42	8.215714e-01	3.453529e+01	 549	fear	fear_15.png	
CEV	   1	  12	   1	   0	1.653049e+02	  45	  45	8.060000e-01	3.619400e+01	 658	fear	fear_14.png	
CEV	   1	  13	   1	   0	1.715547e+02	  48	  48	8.048571e-01	3.860971e+01	 666	fear	fear_5.png	
CEV	   1	  14	   1	   0	1.771549e+02	  45	  45	7.904286e-01	3.541914e+01	 767	fear	fear_7.png	
CEV	   1	  15	   1	   0	1.833803e+02	  49	  49	7.868571e-01	3.857371e+01	 792	fear	fear_16.png	
CEV	   1	  16	   1	   0	1.898799e+02	  43	  43	7.905714e-01	3.383771e+01	 766	fear	fear_18.png	
CEV	   1	  17	   1	   0	1.952378e+02	  51	  51	8.024286e-01	4.101214e+01	 683	fear	fear_13.png	
CEV	   1	  18	   1	   0	2.013328e+02	  46	  46	8.207143e-01	3.782071e+01	 555	fear	fear_20.png	
CEV	   1	  19	   1	   0	2.076150e+02	  46	  46	8.528571e-01	3.955857e+01	 330	fear	fear_19.png	
CEV	   1	  20	   1	   0	2.132486e+02	  44	  44	8.382857e-01	  37	 432	fear	fear_3.png	
CEV	   1	  21	   1	   0	2.199345e+02	  49	   0	8.234286e-01	4.029371e+01	 536	fear	fear_2.png	
CEV	   1	  22	   1	   0	2.268311e+02	  47	  47	7.917143e-01	  37	 758	fear	fear_3.png	
CEV	   1	  23	   1	   0	2.336337e+02	  45	  45	7.617143e-01	3.395314e+01	 968	fear	fear_12.png	
CEV	   1	  24	   1	   0	2.409251e+02	  51	  51	7.662857e-01	3.929886e+01	 936	fear	fear_15.png	
CEV	   1	  25	   1	   0	2.465451e+02	  52	  52	7.567143e-01	3.927014e+01	1003	fear	fear_18.png	
CEV	   1	  26	   1	   0	2.527722e+02	  53	  53	7.547143e-01	4.001886e+01	1017	fear	fear_20.png	
CEV	   1	  27	   1	   0	2.590396e+02	  51	  51	6.862857e-01	3.494114e+01	1496	fear	fear_14.png	
CEV	   1	  28	   1	   0	2.651495e+02	  50	  50	7.597143e-01	3.775971e+01	 982	fear	fear_1.png	
CEV	   1	  29	   1	   0	2.716915e+02	  60	   0	6.077143e-01	3.639229e+01	2046	fear	fear_7.png	
CEV	   1	  30	   1	   0	2.777681e+02	  51	  51	7.447143e-01	3.774471e+01	1087	fear	fear_13.png	
CEV	   1	  31	   1	   0	2.843619e+02	  54	  54	7.358571e-01	3.994343e+01	1149	fear	fear_6.png	
CEV	   1	  32	   1	   0	2.907110e+02	  54	   0	7.201429e-01	3.916043e+01	1259	fear	fear_19.png	
CEV	   1	  33	   1	   0	2.962028e+02	  49	  49	7.367143e-01	3.626329e+01	1143	fear	fear_10.png	
CEV	   1	  34	   1	   0	3.026259e+02	  47	  47	7.278571e-01	3.408857e+01	1205	fear	fear_2.png	
CEV	   1	  35	   1	   0	3.088983e+02	  49	   0	7.475714e-01	  37	1067	fear	fear_16.png	
CEV	   1	  36	   1	   0	3.153680e+02	  54	  54	7.431429e-01	3.997257e+01	1098	fear	fear_17.png	
CEV	   1	  37	   1	   0	3.216481e+02	  51	  51	7.404286e-01	3.774043e+01	1117	fear	fear_9.png	
CEV	   1	  38	   1	   0	3.285896e+02	  44	  44	7.512857e-01	3.324357e+01	1041	fear	fear_4.png	
CEV	   1	  39	   1	   0	3.350641e+02	  47	   0	7.418571e-01	3.477443e+01	1107	fear	fear_21.png	
CEV	   1	  40	   1	   0	3.413257e+02	  46	  46	7.741429e-01	3.545171e+01	 881	fear	fear_8.png	
CEV	   1	  41	   1	   0	3.483771e+02	  46	  46	7.537143e-01	3.473886e+01	1024	fear	fear_11.png	
CEV	   1	  42	   1	   0	3.556668e+02	  48	  48	7.377143e-01	3.552457e+01	1136	fear	fear_5.png	
DEV	   1	  43	   2	   0	4.302147e+02	  76	   0	6.703548e-01	5.075584e+01	 890	happy	happy_2.png	
DEV	   1	  44	   2	   0	4.363127e+02	  69	  69	8.110991e-01	5.620525e+01	 322	happy	happy_5.png	
DEV	   1	  45	   2	   0	4.423239e+02	  67	   0	7.965024e-01	5.322177e+01	 377	happy	happy_9.png	
DEV	   1	  46	   2	   0	4.486071e+02	  66	   0	8.215615e-01	5.414591e+01	 283	happy	happy_1.png	
DEV	   1	  47	   2	   0	4.545565e+02	  69	   0	8.296709e-01	5.691223e+01	 253	happy	happy_11.png	
DEV	   1	  48	   2	   0	4.609935e+02	  73	  73	5.598172e-01	4.066180e+01	1429	happy	happy_13.png	
DEV	   1	  49	   2	   0	4.672802e+02	  72	   0	5.789147e-01	4.176471e+01	1327	happy	happy_17.png	
DEV	   1	  50	   2	   0	4.731261e+02	  72	   0	5.568987e-01	3.993462e+01	1445	happy	happy_8.png	
DEV	   1	  51	   2	   0	4.784950e+02	  75	   0	7.170193e-01	5.404733e+01	 691	happy	happy_21.png	
DEV	   1	  52	   2	   0	4.854833e+02	  71	  71	6.184226e-01	4.397927e+01	1129	happy	happy_4.png	
DEV	   1	  53	   2	   0	4.915324e+02	  77	   0	4.613840e-01	3.561587e+01	2050	happy	happy_7.png	
DEV	   1	  54	   2	   0	4.976238e+02	  72	   0	7.066812e-01	5.065648e+01	 734	happy	happy_10.png	
DEV	   1	  55	   2	   0	5.038368e+02	  72	  72	6.087537e-01	4.405488e+01	1176	happy	happy_14.png	
DEV	   1	  56	   2	   0	5.104384e+02	  70	  70	6.560000e-01	4.599184e+01	 954	happy	happy_16.png	
DEV	   1	  57	   2	   0	5.167729e+02	  80	  80	5.998658e-01	4.774980e+01	1220	happy	happy_6.png	
DEV	   1	  58	   2	   0	5.228000e+02	  74	  74	6.447941e-01	4.798119e+01	1005	happy	happy_12.png	
DEV	   1	  59	   2	   0	5.294101e+02	  80	   0	5.707598e-01	4.586229e+01	1370	happy	happy_15.png	
DEV	   1	  60	   2	   0	5.356418e+02	  73	  73	6.430552e-01	4.723885e+01	1013	happy	happy_20.png	
DEV	   1	  61	   2	   0	5.416337e+02	  74	  74	6.175927e-01	4.578653e+01	1133	happy	happy_3.png	
DEV	   1	  62	   2	   0	5.480962e+02	  72	  72	6.299659e-01	4.523780e+01	1074	happy	happy_19.png	
DEV	   1	  63	   2	   0	5.548981e+02	  72	  72	6.136685e-01	4.433154e+01	1152	happy	happy_18.png	
DEV	   1	  64	   2	   0	5.619119e+02	  73	  73	6.513606e-01	4.770284e+01	 975	happy	happy_2.png	
DEV	   1	  65	   2	   0	5.673602e+02	  80	   0	5.950847e-01	4.744314e+01	1244	happy	happy_17.png	
DEV	   1	  66	   2	   0	5.735769e+02	  74	  74	6.502612e-01	4.829197e+01	 980	happy	happy_7.png	
DEV	   1	  67	   2	   0	5.804053e+02	  74	   0	6.030794e-01	4.433666e+01	1204	happy	happy_3.png	
DEV	   1	  68	   2	   0	5.871307e+02	  73	  73	6.465381e-01	4.743403e+01	 997	happy	happy_18.png	
DEV	   1	  69	   2	   0	5.928706e+02	  79	  79	5.984664e-01	4.706172e+01	1227	happy	happy_10.png	
DEV	   1	  70	   2	   0	5.989173e+02	  72	  72	6.374394e-01	4.564745e+01	1039	happy	happy_20.png	
DEV	   1	  71	   2	   0	6.057272e+02	  72	  72	5.717003e-01	4.135043e+01	1365	happy	happy_19.png	
DEV	   1	  72	   2	   0	6.122171e+02	  79	   0	6.192538e-01	4.897886e+01	1125	happy	happy_11.png	
DEV	   1	  73	   2	   0	6.182388e+02	  77	  77	5.673912e-01	4.393856e+01	1388	happy	happy_16.png	
DEV	   1	  74	   2	   0	6.250605e+02	  70	  70	6.945998e-01	4.864400e+01	 785	happy	happy_13.png	
DEV	   1	  75	   2	   0	6.319580e+02	  79	  79	5.768141e-01	4.568209e+01	1338	happy	happy_5.png	
DEV	   1	  76	   2	   0	6.382075e+02	  70	  70	6.365803e-01	4.432740e+01	1043	happy	happy_15.png	
DEV	   1	  77	   2	   0	6.443605e+02	  74	   0	6.797201e-01	5.060764e+01	 849	happy	happy_12.png	
DEV	   1	  78	   2	   0	6.511814e+02	  77	  77	5.679508e-01	4.397373e+01	1385	happy	happy_1.png	
DEV	   1	  79	   2	   0	6.578364e+02	  73	  73	6.788007e-01	4.987789e+01	 853	happy	happy_8.png	
DEV	   1	  80	   2	   0	6.654826e+02	  85	  85	3.398597e-01	2.881217e+01	3235	happy	happy_21.png	
DEV	   1	  81	   2	   0	6.732596e+02	  83	  83	3.871177e-01	3.224827e+01	2696	happy	happy_9.png	
DEV	   1	  82	   2	   0	6.805048e+02	  82	   0	3.401005e-01	2.780969e+01	3232	happy	happy_4.png	
DEV	   1	  83	   2	   0	6.875878e+02	  84	  84	4.063942e-01	3.402775e+01	2507	happy	happy_14.png	
DEV	   1	  84	   2	   0	6.948932e+02	  85	   0	3.819181e-01	3.263921e+01	2750	happy	happy_6.png	
IEV	   1	  85	   3	   0	7.653085e+02	  61	  61	6.512072e-01	3.956126e+01	2650	fear	fear_4.png	
IEV	   1	  86	   3	   0	7.713713e+02	  42	  42	7.506357e-01	3.157631e+01	2065	fear	fear_12.png	
IEV	   1	  87	   3	   0	7.788090e+02	  75	  75	5.811187e-01	4.378690e+01	3012	fear	fear_17.png	
IEV	   1	  88	   3	   0	7.866510e+02	  89	   0	5.383189e-01	4.769488e+01	3223	fear	fear_5.png	
IEV	   1	  89	   3	   0	7.942327e+02	  72	  72	6.027385e-01	4.315142e+01	2903	fear	fear_13.png	
IEV	   1	  90	   3	   0	8.009469e+02	  76	  76	5.900909e-01	4.505004e+01	2967	fear	fear_19.png	
IEV	   1	  91	   3	   0	8.075817e+02	  74	   0	5.819188e-01	4.316014e+01	3008	fear	fear_8.png	
IEV	   1	  92	   3	   0	8.154287e+02	  72	  72	6.167946e-01	4.418051e+01	2831	fear	fear_11.png	
IEV	   1	  93	   3	   0	8.222986e+02	  71	  71	6.078363e-01	4.285637e+01	2877	fear	fear_14.png	
IEV	   1	  94	   3	   0	8.294465e+02	  65	  65	6.164067e-01	3.988749e+01	2833	fear	fear_16.png	
IEV	   1	  95	   3	   0	8.361245e+02	  70	  70	6.048982e-01	4.242191e+01	2892	fear	fear_2.png	
IEV	   1	  96	   3	   0	8.434423e+02	  75	  75	5.962342e-01	4.471575e+01	2936	fear	fear_9.png	
IEV	   1	  97	   3	   0	8.511984e+02	  65	  65	6.134932e-01	4.007125e+01	2848	fear	fear_18.png	
IEV	   1	  98	   3	   0	8.578136e+02	  70	  70	5.900909e-01	4.150950e+01	2967	fear	fear_1.png	
IEV	   1	  99	   3	   0	8.655348e+02	  72	   0	5.881025e-01	4.221677e+01	2977	fear	fear_3.png	
IEV	   1	 100	   3	   0	8.730267e+02	  62	  62	6.382554e-01	3.975138e+01	2719	fear	fear_20.png	
IEV	   1	 101	   3	   0	8.799418e+02	  69	   0	6.295040e-01	4.345464e+01	2765	fear	fear_21.png	
IEV	   1	 102	   3	   0	8.867033e+02	  60	  60	6.497167e-01	3.900804e+01	2658	fear	fear_6.png	
IEV	   1	 103	   3	   0	8.938465e+02	  65	  65	6.191183e-01	4.033462e+01	2819	fear	fear_7.png	
IEV	   1	 104	   3	   0	9.013309e+02	  72	  72	6.029350e-01	4.314010e+01	2902	fear	fear_15.png	
IEV	   1	 105	   3	   0	9.076615e+02	  67	   0	6.241335e-01	4.189148e+01	2793	fear	fear_10.png	
IEV	   1	 106	   3	   0	9.157799e+02	  62	  62	6.287387e-01	3.909776e+01	2769	fear	fear_16.png	
IEV	   1	 107	   3	   0	9.235309e+02	  66	  66	6.162128e-01	4.051597e+01	2834	fear	fear_3.png	
IEV	   1	 108	   3	   0	9.304530e+02	  72	  72	5.894947e-01	4.272427e+01	2970	fear	fear_19.png	
IEV	   1	 109	   3	   0	9.381525e+02	  68	  68	5.974196e-01	4.046880e+01	2930	fear	fear_1.png	
IEV	   1	 110	   3	   0	9.451905e+02	  70	  70	6.212434e-01	4.330753e+01	2808	fear	fear_20.png	
IEV	   1	 111	   3	   0	9.530808e+02	  75	   0	6.011652e-01	4.504534e+01	2911	fear	fear_13.png	
IEV	   1	 112	   3	   0	9.603224e+02	  59	  59	6.580611e-01	3.911353e+01	2613	fear	fear_15.png	
IEV	   1	 113	   3	   0	9.669062e+02	  59	  59	6.425966e-01	3.818672e+01	2696	fear	fear_5.png	
IEV	   1	 114	   3	   0	9.740688e+02	  74	  74	6.125201e-01	4.503255e+01	2853	fear	fear_7.png	
IEV	   1	 115	   3	   0	9.819806e+02	  65	  65	6.317957e-01	4.079436e+01	2753	fear	fear_6.png	
IEV	   1	 116	   3	   0	9.891568e+02	  62	  62	6.452275e-01	3.994655e+01	2682	fear	fear_18.png	
IEV	   1	 117	   3	   0	9.967096e+02	  70	  70	6.160188e-01	4.299211e+01	2835	fear	fear_2.png	
IEV	   1	 118	   3	   0	1.003356e+03	  66	   0	6.189248e-01	4.096565e+01	2820	fear	fear_21.png	
IEV	   1	 119	   3	   0	1.010877e+03	  60	   0	6.281644e-01	3.787865e+01	2772	fear	fear_4.png	
IEV	   1	 120	   3	   0	1.017048e+03	  53	   0	7.183077e-01	3.774297e+01	2269	fear	fear_14.png	
IEV	   1	 121	   3	   0	1.024788e+03	  55	  55	6.591663e-01	3.640404e+01	2607	fear	fear_10.png	
IEV	   1	 122	   3	   0	1.032807e+03	  56	   0	6.672169e-01	3.717054e+01	2563	fear	fear_8.png	
IEV	   1	 123	   3	   0	1.039856e+03	  63	   0	6.179571e-01	3.917131e+01	2825	fear	fear_12.png	
IEV	   1	 124	   3	   0	1.047008e+03	  64	   0	6.171822e-01	3.922121e+01	2829	fear	fear_11.png	
IEV	   1	 125	   3	   0	1.054356e+03	  76	   0	5.789162e-01	4.390996e+01	3023	fear	fear_9.png	
IEV	   1	 126	   3	   0	1.061934e+03	  51	   0	7.163218e-01	3.645193e+01	2281	fear	fear_17.png	
CEVR	   1	 127	   4	   0	1.130749e+03	 127	   0	3.008829e-01	3.820353e+01	1996	scram	scram_11.png	
CEVR	   1	 128	   4	   0	1.136682e+03	 165	 165	2.267951e-01	3.745359e+01	 590	scram	scram_2.png	
CEVR	   1	 129	   4	   0	1.142539e+03	 162	   0	2.209144e-01	3.589543e+01	 438	scram	scram_4.png	
CEVR	   1	 130	   4	   0	1.148663e+03	 164	   0	2.260429e-01	  37	 571	scram	scram_9.png	
CEVR	   1	 131	   4	   0	1.156078e+03	  83	   0	4.712518e-01	3.888501e+01	3552	scram	scram_19.png	
CEVR	   1	 132	   4	   0	1.162656e+03	 156	   0	2.389740e-01	3.723897e+01	 881	scram	scram_5.png	
CEVR	   1	 133	   4	   0	1.168916e+03	 136	   0	2.780760e-01	3.783423e+01	1643	scram	scram_21.png	
CEVR	   1	 134	   4	   0	1.174999e+03	 135	 135	2.690071e-01	3.619298e+01	1486	scram	scram_3.png	
CEVR	   1	 135	   4	   0	1.180572e+03	 165	 165	2.299361e-01	3.791974e+01	 668	scram	scram_14.png	
CEVR	   1	 136	   4	   0	1.186467e+03	 165	 165	2.237001e-01	3.700000e+01	 511	scram	scram_17.png	
CEVR	   1	 137	   4	   0	1.193182e+03	 175	   0	2.177202e-01	3.808860e+01	 352	scram	scram_12.png	
CEVR	   1	 138	   4	   0	1.199817e+03	 163	   0	2.268348e-01	3.700000e+01	 591	scram	scram_20.png	
CEVR	   1	 139	   4	   0	1.206263e+03	 164	   0	2.199762e-01	3.612010e+01	 413	scram	scram_13.png	
CEVR	   1	 140	   4	   0	1.212407e+03	 146	 146	2.447552e-01	3.577622e+01	1009	scram	scram_8.png	
CEVR	   1	 141	   4	   0	1.218077e+03	 150	 150	2.471374e-01	  37	1060	scram	scram_18.png	
CEVR	   1	 142	   4	   0	1.224842e+03	 153	   0	2.465727e-01	3.773972e+01	1048	scram	scram_10.png	
CEVR	   1	 143	   4	   0	1.231694e+03	 153	 153	2.453116e-01	3.749062e+01	1021	scram	scram_15.png	
CEVR	   1	 144	   4	   0	1.238047e+03	 153	   0	2.453116e-01	3.749062e+01	1021	scram	scram_16.png	
CEVR	   1	 145	   4	   0	1.243957e+03	 170	   0	2.247874e-01	3.812394e+01	 539	scram	scram_1.png	
CEVR	   1	 146	   4	   0	1.250481e+03	 161	   0	2.340080e-01	3.770202e+01	 766	scram	scram_7.png	
CEVR	   1	 147	   4	   0	1.256710e+03	 151	   0	2.431925e-01	3.675681e+01	 975	scram	scram_6.png	
CEVR	   1	 148	   4	   0	1.263497e+03	 145	 145	2.486082e-01	3.600557e+01	1091	scram	scram_16.png	
CEVR	   1	 149	   4	   0	1.270543e+03	 148	   0	2.447090e-01	3.626587e+01	1008	scram	scram_15.png	
CEVR	   1	 150	   4	   0	1.276930e+03	 152	   0	2.485605e-01	3.774568e+01	1090	scram	scram_8.png	
CEVR	   1	 151	   4	   0	1.283282e+03	 147	   0	2.453116e-01	3.601875e+01	1021	scram	scram_4.png	
CEVR	   1	 152	   4	   0	1.289394e+03	 153	   0	2.416045e-01	  37	 940	scram	scram_1.png	
CEVR	   1	 153	   4	   0	1.295835e+03	 153	   0	2.442935e-01	3.748859e+01	 999	scram	scram_5.png	
CEVR	   1	 154	   4	   0	1.302260e+03	 145	   0	2.518475e-01	3.649630e+01	1158	scram	scram_9.png	
CEVR	   1	 155	   4	   0	1.307927e+03	 162	   0	2.213675e-01	3.589316e+01	 450	scram	scram_10.png	
CEVR	   1	 156	   4	   0	1.313805e+03	 146	 146	2.475626e-01	3.625731e+01	1069	scram	scram_21.png	
CEVR	   1	 157	   4	   0	1.320635e+03	 151	 151	2.432382e-01	3.675676e+01	 976	scram	scram_18.png	
CEVR	   1	 158	   4	   0	1.326705e+03	 150	   0	2.467607e-01	  37	1052	scram	scram_11.png	
CEVR	   1	 159	   4	   0	1.332992e+03	 154	   0	2.484174e-01	3.824209e+01	1087	scram	scram_2.png	
CEVR	   1	 160	   4	   0	1.339379e+03	 145	   0	2.484174e-01	3.600633e+01	1087	scram	scram_7.png	
CEVR	   1	 161	   4	   0	1.345298e+03	 151	   0	2.421466e-01	3.651571e+01	 952	scram	scram_13.png	
CEVR	   1	 162	   4	   0	1.351540e+03	 169	   0	2.193800e-01	3.700000e+01	 397	scram	scram_3.png	
CEVR	   1	 163	   4	   0	1.357596e+03	 161	   0	2.281134e-01	3.677189e+01	 623	scram	scram_14.png	
CEVR	   1	 164	   4	   0	1.363870e+03	 148	   0	2.471374e-01	3.650573e+01	1060	scram	scram_19.png	
CEVR	   1	 165	   4	   0	1.369558e+03	 145	   0	2.583283e-01	3.751666e+01	1287	scram	scram_17.png	
CEVR	   1	 166	   4	   0	1.376185e+03	 166	   0	2.258065e-01	3.745161e+01	 565	scram	scram_6.png	
CEVR	   1	 167	   4	   0	1.382878e+03	 129	 129	2.813383e-01	3.615599e+01	1697	scram	scram_20.png	
CEVR	   1	 168	   4	   0	1.390289e+03	 147	 147	2.605110e-01	3.830255e+01	1329	scram	scram_12.png	
CEV	   1	 169	   5	   0	1.460998e+03	  45	  45	7.370000e-01	3.331500e+01	1141	happy	happy_19.png	
CEV	   1	 170	   5	   0	1.467266e+03	  55	  55	7.222857e-01	3.988914e+01	1244	happy	happy_15.png	
CEV	   1	 171	   5	   0	1.473278e+03	  43	  43	7.964286e-01	3.461071e+01	 725	happy	happy_18.png	
CEV	   1	 172	   5	   0	1.480220e+03	  60	   0	6.151429e-01	3.700000e+01	1994	happy	happy_13.png	
CEV	   1	 173	   5	   0	1.486923e+03	  56	   0	6.270000e-01	3.511900e+01	1911	happy	happy_8.png	
CEV	   1	 174	   5	   0	1.493655e+03	  48	  48	7.894286e-01	3.778943e+01	 774	happy	happy_11.png	
CEV	   1	 175	   5	   0	1.499123e+03	  41	  41	8.365714e-01	3.449029e+01	 444	happy	happy_12.png	
CEV	   1	 176	   5	   0	1.505727e+03	  48	  48	7.692857e-01	3.700000e+01	 915	happy	happy_7.png	
CEV	   1	 177	   5	   0	1.512253e+03	  49	  49	7.630000e-01	3.776300e+01	 959	happy	happy_3.png	
CEV	   1	 178	   5	   0	1.518669e+03	  42	  42	8.515714e-01	3.614843e+01	 339	happy	happy_20.png	
CEV	   1	 179	   5	   0	1.525077e+03	  50	  50	7.122857e-01	3.557543e+01	1314	happy	happy_9.png	
CEV	   1	 180	   5	   0	1.531495e+03	  48	  48	7.942857e-01	3.779429e+01	 740	happy	happy_17.png	
CEV	   1	 181	   5	   0	1.537372e+03	  49	   0	8.058571e-01	3.941757e+01	 659	happy	happy_6.png	
CEV	   1	 182	   5	   0	1.542919e+03	  47	  47	8.142857e-01	3.862857e+01	 600	happy	happy_2.png	
CEV	   1	 183	   5	   0	1.550171e+03	  50	  50	7.560000e-01	3.775600e+01	1008	happy	happy_4.png	
CEV	   1	 184	   5	   0	1.556908e+03	  49	   0	8.174286e-01	4.026971e+01	 578	happy	happy_5.png	
CEV	   1	 185	   5	   0	1.563642e+03	  58	  58	6.752857e-01	3.902586e+01	1573	happy	happy_1.png	
CEV	   1	 186	   5	   0	1.570086e+03	  61	  61	6.154286e-01	3.761543e+01	1992	happy	happy_14.png	
CEV	   1	 187	   5	   0	1.576627e+03	  50	  50	7.310000e-01	3.626900e+01	1183	happy	happy_16.png	
CEV	   1	 188	   5	   0	1.582632e+03	  45	  45	7.695714e-01	3.469129e+01	 913	happy	happy_10.png	
CEV	   1	 189	   5	   0	1.589060e+03	  48	  48	7.628571e-01	3.623714e+01	 960	happy	happy_21.png	
CEV	   1	 190	   5	   0	1.596248e+03	  65	  65	5.745714e-01	3.757457e+01	2278	happy	happy_9.png	
CEV	   1	 191	   5	   0	1.603422e+03	  69	   0	5.501429e-01	3.810029e+01	2449	happy	happy_7.png	
CEV	   1	 192	   5	   0	1.609535e+03	  63	  63	5.960000e-01	3.759600e+01	2128	happy	happy_18.png	
CEV	   1	 193	   5	   0	1.616533e+03	  52	  52	6.577143e-01	3.436914e+01	1696	happy	happy_15.png	
CEV	   1	 194	   5	   0	1.623198e+03	  75	   0	4.955714e-01	  37	2831	happy	happy_17.png	
CEV	   1	 195	   5	   0	1.629518e+03	  44	  44	8.228571e-01	3.617714e+01	 540	happy	happy_3.png	
CEV	   1	 196	   5	   0	1.635031e+03	  48	   0	7.965714e-01	3.859314e+01	 724	happy	happy_5.png	
CEV	   1	 197	   5	   0	1.642488e+03	  79	  79	4.694286e-01	  37	3014	happy	happy_2.png	
CEV	   1	 198	   5	   0	1.649337e+03	  66	   0	5.291429e-01	3.488343e+01	2596	happy	happy_13.png	
CEV	   1	 199	   5	   0	1.655215e+03	  46	  46	8.635714e-01	3.959071e+01	 255	happy	happy_12.png	
CEV	   1	 200	   5	   0	1.661215e+03	  42	  42	8.004286e-01	3.379829e+01	 697	happy	happy_11.png	
CEV	   1	 201	   5	   0	1.668411e+03	  51	  51	6.870000e-01	3.493900e+01	1491	happy	happy_4.png	
CEV	   1	 202	   5	   0	1.675596e+03	  47	  47	7.760000e-01	3.622400e+01	 868	happy	happy_19.png	
CEV	   1	 203	   5	   0	1.681675e+03	  43	   0	8.637143e-01	  37	 254	happy	happy_6.png	
CEV	   1	 204	   5	   0	1.689043e+03	  64	   0	5.808571e-01	  37	2234	happy	happy_16.png	
CEV	   1	 205	   5	   0	1.695638e+03	  51	   0	7.444286e-01	3.774443e+01	1089	happy	happy_21.png	
CEV	   1	 206	   5	   0	1.702774e+03	  57	   0	6.187143e-01	3.514386e+01	1969	happy	happy_8.png	
CEV	   1	 207	   5	   0	1.709098e+03	  63	   0	5.652857e-01	3.586943e+01	2343	happy	happy_10.png	
CEV	   1	 208	   5	   0	1.714949e+03	  47	  47	8.142857e-01	3.862857e+01	 600	happy	happy_1.png	
CEV	   1	 209	   5	   0	1.721154e+03	  57	  57	6.280000e-01	3.574400e+01	1904	happy	happy_20.png	
CEV	   1	 210	   5	   0	1.727637e+03	  48	   0	8.055714e-01	3.861114e+01	 661	happy	happy_14.png	
IEV	   1	 211	   6	   0	1.796543e+03	  38	   0	7.705963e-01	2.910139e+01	1929	scram	scram_1.png	
IEV	   1	 212	   6	   0	1.803131e+03	  36	  36	8.049269e-01	2.910025e+01	1669	scram	scram_2.png	
IEV	   1	 213	   6	   0	1.809277e+03	  30	  30	8.362358e-01	2.507292e+01	1386	scram	scram_20.png	
IEV	   1	 214	   6	   0	1.815101e+03	  27	  27	8.722533e-01	2.322742e+01	 941	scram	scram_19.png	
IEV	   1	 215	   6	   0	1.820955e+03	  19	  19	8.891882e-01	1.705841e+01	 601	scram	scram_21.png	
IEV	   1	 216	   6	   0	1.827566e+03	  19	  19	8.921227e-01	1.651937e+01	 515	scram	scram_16.png	
IEV	   1	 217	   6	   0	1.833165e+03	  15	  15	8.975158e-01	1.364222e+01	 287	scram	scram_11.png	
IEV	   1	 218	   6	   0	1.840037e+03	  53	  53	6.904134e-01	3.690709e+01	2433	scram	scram_10.png	
IEV	   1	 219	   6	   0	1.847067e+03	  54	   0	6.693955e-01	3.635019e+01	2551	scram	scram_9.png	
IEV	   1	 220	   6	   0	1.853520e+03	  52	  52	6.968453e-01	3.644902e+01	2396	scram	scram_3.png	
IEV	   1	 221	   6	   0	1.860892e+03	  58	  58	6.539937e-01	3.807204e+01	2635	scram	scram_13.png	
IEV	   1	 222	   6	   0	1.868209e+03	  53	   0	6.744502e-01	3.599217e+01	2523	scram	scram_15.png	
IEV	   1	 223	   6	   0	1.876356e+03	  63	   0	6.258632e-01	3.928365e+01	2784	scram	scram_17.png	
IEV	   1	 224	   6	   0	1.882584e+03	  49	   0	7.057504e-01	3.439197e+01	2344	scram	scram_8.png	
IEV	   1	 225	   6	   0	1.889774e+03	  58	  58	6.476625e-01	3.784726e+01	2669	scram	scram_5.png	
IEV	   1	 226	   6	   0	1.896491e+03	  46	  46	7.093011e-01	3.270508e+01	2323	scram	scram_7.png	
IEV	   1	 227	   6	   0	1.903311e+03	  42	  42	7.707381e-01	3.217173e+01	1928	scram	scram_4.png	
IEV	   1	 228	   6	   0	1.910720e+03	  61	   0	6.425966e-01	3.947192e+01	2696	scram	scram_6.png	
IEV	   1	 229	   6	   0	1.917836e+03	  72	   0	5.993925e-01	4.334336e+01	2920	scram	scram_18.png	
IEV	   1	 230	   6	   0	1.924915e+03	  44	   0	7.538037e-01	3.281971e+01	2044	scram	scram_14.png	
IEV	   1	 231	   6	   0	1.932125e+03	  47	  47	7.123233e-01	3.318126e+01	2305	scram	scram_12.png	
IEV	   1	 232	   6	   0	1.940105e+03	  51	  51	6.897134e-01	3.488739e+01	2437	scram	scram_15.png	
IEV	   1	 233	   6	   0	1.948133e+03	  65	  65	6.335104e-01	4.132097e+01	2744	scram	scram_19.png	
IEV	   1	 234	   6	   0	1.956013e+03	  68	   0	6.140766e-01	4.187677e+01	2845	scram	scram_5.png	
IEV	   1	 235	   6	   0	1.963441e+03	  60	  60	6.710247e-01	4.026136e+01	2542	scram	scram_6.png	
IEV	   1	 236	   6	   0	1.970050e+03	  58	  58	6.783928e-01	3.910221e+01	2501	scram	scram_21.png	
IEV	   1	 237	   6	   0	1.976522e+03	  33	   0	8.318971e-01	2.721101e+01	1429	scram	scram_11.png	
IEV	   1	 238	   6	   0	1.983113e+03	  59	  59	6.482233e-01	3.845769e+01	2666	scram	scram_20.png	
IEV	   1	 239	   6	   0	1.989878e+03	  43	  43	7.582757e-01	3.245179e+01	2014	scram	scram_16.png	
IEV	   1	 240	   6	   0	1.996963e+03	  58	  58	6.870804e-01	3.989014e+01	2452	scram	scram_10.png	
IEV	   1	 241	   6	   0	2.003893e+03	  38	  38	7.687459e-01	2.926535e+01	1942	scram	scram_1.png	
IEV	   1	 242	   6	   0	2.010880e+03	  58	  58	6.860237e-01	3.995997e+01	2458	scram	scram_12.png	
IEV	   1	 243	   6	   0	2.018185e+03	  44	  44	7.465174e-01	3.266292e+01	2092	scram	scram_14.png	
IEV	   1	 244	   6	   0	2.025177e+03	  61	  61	6.482233e-01	3.975414e+01	2666	scram	scram_4.png	
IEV	   1	 245	   6	   0	2.032294e+03	  63	   0	6.390121e-01	4.034186e+01	2715	scram	scram_7.png	
IEV	   1	 246	   6	   0	2.039999e+03	  49	   0	7.148266e-01	3.513142e+01	2290	scram	scram_8.png	
IEV	   1	 247	   6	   0	2.046604e+03	  28	  28	8.251600e-01	2.296359e+01	1493	scram	scram_9.png	
IEV	   1	 248	   6	   0	2.053453e+03	  42	  42	7.330687e-01	3.080255e+01	2178	scram	scram_13.png	
IEV	   1	 249	   6	   0	2.058952e+03	  26	  26	8.465549e-01	2.220705e+01	1277	scram	scram_2.png	
IEV	   1	 250	   6	   0	2.065906e+03	  40	   0	7.620997e-01	3.060924e+01	1988	scram	scram_18.png	
IEV	   1	 251	   6	   0	2.073220e+03	  45	   0	7.440532e-01	3.360622e+01	2108	scram	scram_17.png	
IEV	   1	 252	   6	   0	2.080197e+03	  64	   0	6.539937e-01	4.199600e+01	2635	scram	scram_3.png	
#19-Apr-2013
CEVR	   2	 253	   7	   0	1.401820e+01	  97	   0	3.883058e-01	3.777661e+01	2965	happy	happy_5.png	
CEVR	   2	 254	   7	   0	1.989422e+01	 155	 155	2.367459e-01	3.676325e+01	 830	happy	happy_3.png	
CEVR	   2	 255	   7	   0	2.662741e+01	 157	   0	2.331233e-01	3.653375e+01	 745	happy	happy_10.png	
CEVR	   2	 256	   7	   0	3.236266e+01	 162	 162	2.252174e-01	3.654957e+01	 550	happy	happy_1.png	
CEVR	   2	 257	   7	   0	3.915611e+01	 170	   0	2.220127e-01	3.766604e+01	 467	happy	happy_9.png	
CEVR	   2	 258	   7	   0	4.594843e+01	 136	   0	2.793356e-01	3.811734e+01	1664	happy	happy_7.png	
CEVR	   2	 259	   7	   0	5.168844e+01	 161	   0	2.336280e-01	3.770088e+01	 757	happy	happy_14.png	
CEVR	   2	 260	   7	   0	5.785968e+01	 171	   0	2.202381e-01	3.766071e+01	 420	happy	happy_17.png	
CEVR	   2	 261	   7	   0	6.448227e+01	 124	 124	2.958647e-01	3.670414e+01	1923	happy	happy_6.png	
CEVR	   2	 262	   7	   0	7.083792e+01	 149	   0	2.534247e-01	3.776027e+01	1190	happy	happy_16.png	
CEVR	   2	 263	   7	   0	7.698163e+01	 150	   0	2.427366e-01	3.651453e+01	 965	happy	happy_11.png	
CEVR	   2	 264	   7	   0	8.385864e+01	 127	   0	2.897740e-01	3.671023e+01	1831	happy	happy_19.png	
CEVR	   2	 265	   7	   0	9.110302e+01	 104	 104	3.663366e-01	3.809901e+01	2765	happy	happy_13.png	
CEVR	   2	 266	   7	   0	9.832352e+01	 106	   0	3.610259e-01	3.844410e+01	2713	happy	happy_4.png	
CEVR	   2	 267	   7	   0	1.048093e+02	 121	   0	3.045626e-01	3.700000e+01	2048	happy	happy_12.png	
CEVR	   2	 268	   7	   0	1.118716e+02	 135	 135	2.755319e-01	3.727553e+01	1600	happy	happy_21.png	
CEVR	   2	 269	   7	   0	1.190602e+02	  90	   0	3.985842e-01	3.580425e+01	3051	happy	happy_18.png	
CEVR	   2	 270	   7	   0	1.258704e+02	 145	   0	2.587413e-01	3.751748e+01	1295	happy	happy_8.png	
CEVR	   2	 271	   7	   0	1.328050e+02	 150	   0	2.511637e-01	3.775349e+01	1144	happy	happy_2.png	
CEVR	   2	 272	   7	   0	1.395029e+02	 121	 121	3.061466e-01	  37	2070	happy	happy_15.png	
CEVR	   2	 273	   7	   0	1.462043e+02	 117	 117	3.065814e-01	3.577367e+01	2076	happy	happy_20.png	
CEVR	   2	 274	   7	   0	1.539751e+02	 124	   0	3.022170e-01	3.760443e+01	2015	happy	happy_15.png	
CEVR	   2	 275	   7	   0	1.614934e+02	 117	   0	3.090692e-01	3.607279e+01	2110	happy	happy_4.png	
CEVR	   2	 276	   7	   0	1.676645e+02	 118	 118	3.022170e-01	3.579113e+01	2015	happy	happy_18.png	
CEVR	   2	 277	   7	   0	1.745265e+02	 127	   0	3.008829e-01	3.820353e+01	1996	happy	happy_12.png	
CEVR	   2	 278	   7	   0	1.809357e+02	 124	   0	3.076010e-01	3.823040e+01	2090	happy	happy_5.png	
CEVR	   2	 279	   7	   0	1.876325e+02	 122	   0	3.057851e-01	3.730579e+01	2065	happy	happy_3.png	
CEVR	   2	 280	   7	   0	1.942005e+02	 168	   0	2.260429e-01	3.790417e+01	 571	happy	happy_11.png	
CEVR	   2	 281	   7	   0	2.012172e+02	 115	   0	3.086273e-01	3.545686e+01	2104	happy	happy_2.png	
CEVR	   2	 282	   7	   0	2.081835e+02	 152	   0	2.444319e-01	3.724443e+01	1002	happy	happy_19.png	
CEVR	   2	 283	   7	   0	2.143295e+02	 135	   0	2.732644e-01	3.700000e+01	1561	happy	happy_1.png	
CEVR	   2	 284	   7	   0	2.212582e+02	 105	 105	3.624405e-01	3.808732e+01	2727	happy	happy_6.png	
CEVR	   2	 285	   7	   0	2.277867e+02	 148	   0	2.503383e-01	3.700000e+01	1127	happy	happy_20.png	
CEVR	   2	 286	   7	   0	2.342486e+02	 124	   0	3.005338e-01	3.730053e+01	1991	happy	happy_17.png	
CEVR	   2	 287	   7	   0	2.413788e+02	 104	   0	3.621365e-01	3.772427e+01	2724	happy	happy_14.png	
CEVR	   2	 288	   7	   0	2.483299e+02	  98	   0	3.667516e-01	3.589975e+01	2769	happy	happy_13.png	
CEVR	   2	 289	   7	   0	2.557799e+02	  97	   0	3.654063e-01	3.553837e+01	2756	happy	happy_7.png	
CEVR	   2	 290	   7	   0	2.630783e+02	 124	   0	3.039193e-01	3.760784e+01	2039	happy	happy_8.png	
CEVR	   2	 291	   7	   0	2.690869e+02	 176	   0	2.152951e-01	3.786118e+01	 285	happy	happy_10.png	
CEVR	   2	 292	   7	   0	2.761770e+02	 154	   0	2.452652e-01	3.773580e+01	1020	happy	happy_9.png	
CEVR	   2	 293	   7	   0	2.828968e+02	  90	   0	4.325317e-01	3.873013e+01	3306	happy	happy_16.png	
CEVR	   2	 294	   7	   0	2.898263e+02	 103	 103	3.430464e-01	3.528477e+01	2525	happy	happy_21.png	
DEV	   2	 295	   8	   0	3.590354e+02	  83	   0	4.573603e-01	3.809906e+01	2080	scram	scram_17.png	
DEV	   2	 296	   8	   0	3.651250e+02	  79	  79	5.950847e-01	4.684806e+01	1244	scram	scram_12.png	
DEV	   2	 297	   8	   0	3.721133e+02	  76	  76	6.370097e-01	4.817204e+01	1041	scram	scram_21.png	
DEV	   2	 298	   8	   0	3.787193e+02	  70	  70	6.295418e-01	4.395536e+01	1076	scram	scram_10.png	
DEV	   2	 299	   8	   0	3.848229e+02	  73	  73	6.744502e-01	4.896579e+01	 872	scram	scram_14.png	
DEV	   2	 300	   8	   0	3.920113e+02	  73	  73	6.815628e-01	5.002798e+01	 841	scram	scram_1.png	
DEV	   2	 301	   8	   0	3.984002e+02	  69	  69	6.813322e-01	4.729015e+01	 842	scram	scram_4.png	
DEV	   2	 302	   8	   0	4.048050e+02	  68	  68	7.213877e-01	4.923293e+01	 673	scram	scram_19.png	
DEV	   2	 303	   8	   0	4.114637e+02	  68	  68	6.978966e-01	4.741299e+01	 771	scram	scram_11.png	
DEV	   2	 304	   8	   0	4.173497e+02	  70	  70	7.306877e-01	5.112393e+01	 635	scram	scram_5.png	
DEV	   2	 305	   8	   0	4.242210e+02	  75	  75	6.899160e-01	5.185787e+01	 805	scram	scram_9.png	
DEV	   2	 306	   8	   0	4.304911e+02	  73	  73	6.906166e-01	5.051552e+01	 802	scram	scram_13.png	
DEV	   2	 307	   8	   0	4.366468e+02	  70	  70	6.520212e-01	4.578347e+01	 972	scram	scram_20.png	
DEV	   2	 308	   8	   0	4.432104e+02	  78	   0	6.482873e-01	5.077316e+01	 989	scram	scram_6.png	
DEV	   2	 309	   8	   0	4.496936e+02	  73	  73	6.400246e-01	4.642828e+01	1027	scram	scram_3.png	
DEV	   2	 310	   8	   0	4.557172e+02	  73	  73	7.129157e-01	5.239877e+01	 708	scram	scram_18.png	
DEV	   2	 311	   8	   0	4.614328e+02	  73	  73	6.701280e-01	4.873250e+01	 891	scram	scram_2.png	
DEV	   2	 312	   8	   0	4.670651e+02	  77	  77	7.088335e-01	5.431031e+01	 725	scram	scram_16.png	
DEV	   2	 313	   8	   0	4.740265e+02	  70	  70	6.498220e-01	4.566779e+01	 982	scram	scram_15.png	
DEV	   2	 314	   8	   0	4.803108e+02	  74	   0	5.600003e-01	4.123247e+01	1428	scram	scram_7.png	
DEV	   2	 315	   8	   0	4.860774e+02	  74	  74	6.929570e-01	5.133337e+01	 792	scram	scram_8.png	
DEV	   2	 316	   8	   0	4.928366e+02	  80	   0	5.696340e-01	4.578831e+01	1376	scram	scram_6.png	
DEV	   2	 317	   8	   0	4.991701e+02	  76	  76	6.626885e-01	5.031560e+01	 924	scram	scram_5.png	
DEV	   2	 318	   8	   0	5.054286e+02	  78	   0	6.513606e-01	5.095964e+01	 975	scram	scram_18.png	
DEV	   2	 319	   8	   0	5.111773e+02	  80	   0	6.130515e-01	4.920131e+01	1155	scram	scram_2.png	
DEV	   2	 320	   8	   0	5.172581e+02	  73	  73	7.854842e-01	5.749894e+01	 419	scram	scram_14.png	
DEV	   2	 321	   8	   0	5.232267e+02	  71	  71	6.471934e-01	4.617627e+01	 994	scram	scram_7.png	
DEV	   2	 322	   8	   0	5.297725e+02	  70	  70	6.573320e-01	4.606134e+01	 948	scram	scram_12.png	
DEV	   2	 323	   8	   0	5.357210e+02	  78	  78	6.562218e-01	5.125320e+01	 953	scram	scram_1.png	
DEV	   2	 324	   8	   0	5.417549e+02	  72	  72	6.629126e-01	4.767689e+01	 923	scram	scram_15.png	
DEV	   2	 325	   8	   0	5.478178e+02	  74	  74	6.548922e-01	4.855351e+01	 959	scram	scram_21.png	
DEV	   2	 326	   8	   0	5.542726e+02	  69	   0	6.540074e-01	4.523362e+01	 963	scram	scram_19.png	
DEV	   2	 327	   8	   0	5.607626e+02	  76	   0	6.385152e-01	4.826016e+01	1034	scram	scram_8.png	
DEV	   2	 328	   8	   0	5.679851e+02	  72	  72	6.683166e-01	4.796598e+01	 899	scram	scram_17.png	
DEV	   2	 329	   8	   0	5.744924e+02	  71	  71	6.312400e-01	4.467667e+01	1068	scram	scram_4.png	
DEV	   2	 330	   8	   0	5.810733e+02	  76	  76	6.424045e-01	4.912950e+01	1016	scram	scram_20.png	
DEV	   2	 331	   8	   0	5.876989e+02	  78	  78	6.669614e-01	5.189546e+01	 905	scram	scram_10.png	
DEV	   2	 332	   8	   0	5.936889e+02	  78	  78	6.834104e-01	5.354508e+01	 833	scram	scram_3.png	
DEV	   2	 333	   8	   0	6.000090e+02	  76	   0	6.699013e-01	5.072993e+01	 892	scram	scram_16.png	
DEV	   2	 334	   8	   0	6.072071e+02	  71	  71	6.801803e-01	4.859258e+01	 847	scram	scram_9.png	
DEV	   2	 335	   8	   0	6.127748e+02	  73	   0	6.941300e-01	5.070284e+01	 787	scram	scram_11.png	
DEV	   2	 336	   8	   0	6.193441e+02	  77	  77	6.485063e-01	5.013796e+01	 988	scram	scram_13.png	
CEVR	   2	 337	   9	   0	6.877902e+02	 176	   0	2.061445e-01	3.638157e+01	  18	fear	fear_5.png	
CEVR	   2	 338	   9	   0	6.944577e+02	 148	   0	2.435126e-01	3.602595e+01	 982	fear	fear_4.png	
CEVR	   2	 339	   9	   0	7.016551e+02	 120	 120	3.042763e-01	3.639145e+01	2044	fear	fear_14.png	
CEVR	   2	 340	   9	   0	7.081684e+02	 146	   0	2.478943e-01	3.625632e+01	1076	fear	fear_20.png	
CEVR	   2	 341	   9	   0	7.149718e+02	 152	   0	2.468077e-01	3.749362e+01	1053	fear	fear_10.png	
CEVR	   2	 342	   9	   0	7.211122e+02	 164	 164	2.317881e-01	3.792715e+01	 713	fear	fear_8.png	
CEVR	   2	 343	   9	   0	7.280428e+02	 151	   0	2.476099e-01	3.749522e+01	1070	fear	fear_9.png	
CEVR	   2	 344	   9	   0	7.338769e+02	 149	 149	2.495183e-01	3.724952e+01	1110	fear	fear_17.png	
CEVR	   2	 345	   9	   0	7.402107e+02	 149	   0	2.496626e-01	3.724966e+01	1113	fear	fear_11.png	
CEVR	   2	 346	   9	   0	7.469816e+02	 142	 142	2.528309e-01	3.598868e+01	1178	fear	fear_6.png	
CEVR	   2	 347	   9	   0	7.541315e+02	 153	 153	2.490385e-01	3.799615e+01	1100	fear	fear_13.png	
CEVR	   2	 348	   9	   0	7.600758e+02	 145	 145	2.498071e-01	3.625058e+01	1116	fear	fear_1.png	
CEVR	   2	 349	   9	   0	7.669372e+02	 148	 148	2.478469e-01	3.675215e+01	1075	fear	fear_15.png	
CEVR	   2	 350	   9	   0	7.730652e+02	 154	 154	2.470431e-01	3.798817e+01	1058	fear	fear_2.png	
CEVR	   2	 351	   9	   0	7.792488e+02	 139	   0	2.588447e-01	3.596462e+01	1297	fear	fear_16.png	
CEVR	   2	 352	   9	   0	7.852293e+02	 151	 151	2.446165e-01	3.700000e+01	1006	fear	fear_12.png	
CEVR	   2	 353	   9	   0	7.913733e+02	 150	   0	2.551724e-01	3.827586e+01	1225	fear	fear_19.png	
CEVR	   2	 354	   9	   0	7.973875e+02	 152	 152	2.403935e-01	3.651921e+01	 913	fear	fear_3.png	
CEVR	   2	 355	   9	   0	8.040712e+02	 149	 149	2.447552e-01	3.651049e+01	1009	fear	fear_18.png	
CEVR	   2	 356	   9	   0	8.101713e+02	 154	   0	2.405275e-01	  37	 916	fear	fear_7.png	
CEVR	   2	 357	   9	   0	8.169313e+02	 156	 156	2.389299e-01	3.723893e+01	 880	fear	fear_21.png	
CEVR	   2	 358	   9	   0	8.234752e+02	 150	   0	2.396373e-01	3.604145e+01	 896	fear	fear_14.png	
CEVR	   2	 359	   9	   0	8.303369e+02	 160	   0	2.377892e-01	3.795116e+01	 854	fear	fear_4.png	
CEVR	   2	 360	   9	   0	8.358898e+02	 155	   0	2.332493e-01	3.606700e+01	 748	fear	fear_9.png	
CEVR	   2	 361	   9	   0	8.425086e+02	 159	   0	2.304270e-01	3.653915e+01	 680	fear	fear_7.png	
CEVR	   2	 362	   9	   0	8.486964e+02	 153	 153	2.450795e-01	3.749016e+01	1016	fear	fear_12.png	
CEVR	   2	 363	   9	   0	8.553511e+02	 142	   0	2.515051e-01	3.574247e+01	1151	fear	fear_19.png	
CEVR	   2	 364	   9	   0	8.612717e+02	 150	   0	2.482270e-01	3.724823e+01	1083	fear	fear_17.png	
CEVR	   2	 365	   9	   0	8.679594e+02	 159	   0	2.361415e-01	3.747228e+01	 816	fear	fear_20.png	
CEVR	   2	 366	   9	   0	8.742586e+02	 148	   0	2.550719e-01	3.776522e+01	1223	fear	fear_3.png	
CEVR	   2	 367	   9	   0	8.801494e+02	 159	   0	2.360985e-01	3.747220e+01	 815	fear	fear_1.png	
CEVR	   2	 368	   9	   0	8.863360e+02	 162	 162	2.276323e-01	3.677237e+01	 611	fear	fear_13.png	
CEVR	   2	 369	   9	   0	8.925502e+02	 148	   0	2.551221e-01	3.776537e+01	1224	fear	fear_18.png	
CEVR	   2	 370	   9	   0	8.996078e+02	 154	   0	2.422372e-01	3.724224e+01	 954	fear	fear_6.png	
CEVR	   2	 371	   9	   0	9.059143e+02	 152	 152	2.377019e-01	3.604919e+01	 852	fear	fear_8.png	
CEVR	   2	 372	   9	   0	9.125525e+02	 160	   0	2.318711e-01	3.700000e+01	 715	fear	fear_11.png	
CEVR	   2	 373	   9	   0	9.195112e+02	 151	   0	2.516518e-01	3.800661e+01	1154	fear	fear_5.png	
CEVR	   2	 374	   9	   0	9.249735e+02	 149	 149	2.519946e-01	3.750399e+01	1161	fear	fear_21.png	
CEVR	   2	 375	   9	   0	9.319742e+02	 146	 146	2.461509e-01	3.601540e+01	1039	fear	fear_15.png	
CEVR	   2	 376	   9	   0	9.386272e+02	 150	   0	2.511637e-01	3.775349e+01	1144	fear	fear_2.png	
CEVR	   2	 377	   9	   0	9.445139e+02	 153	 153	2.447552e-01	3.748951e+01	1009	fear	fear_16.png	
CEVR	   2	 378	   9	   0	9.505831e+02	 149	 149	2.522891e-01	3.750458e+01	1167	fear	fear_10.png	
IEV	   2	 379	  10	   0	1.020225e+03	  20	  20	8.655617e-01	1.720361e+01	1041	happy	happy_16.png	
IEV	   2	 380	  10	   0	1.026622e+03	  31	  31	8.097430e-01	2.539765e+01	1629	happy	happy_12.png	
IEV	   2	 381	  10	   0	1.034453e+03	  57	  57	6.792853e-01	3.904253e+01	2496	happy	happy_15.png	
IEV	   2	 382	  10	   0	1.041105e+03	  83	  83	5.554868e-01	4.629567e+01	3139	happy	happy_3.png	
IEV	   2	 383	  10	   0	1.048906e+03	 113	   0	4.526988e-01	5.098598e+01	3635	happy	happy_14.png	
IEV	   2	 384	  10	   0	1.056895e+03	  89	  89	5.405755e-01	4.812639e+01	3212	happy	happy_4.png	
IEV	   2	 385	  10	   0	1.064395e+03	  85	  85	5.364709e-01	4.563790e+01	3232	happy	happy_17.png	
IEV	   2	 386	  10	   0	1.071943e+03	  93	   0	5.166712e-01	4.819672e+01	3328	happy	happy_7.png	
IEV	   2	 387	  10	   0	1.079495e+03	  84	  84	5.558936e-01	4.683077e+01	3137	happy	happy_18.png	
IEV	   2	 388	  10	   0	1.086787e+03	  82	  82	5.397552e-01	4.438700e+01	3216	happy	happy_13.png	
IEV	   2	 389	  10	   0	1.093504e+03	  91	  91	5.296821e-01	4.810723e+01	3265	happy	happy_20.png	
IEV	   2	 390	  10	   0	1.100232e+03	  88	   0	5.251457e-01	4.622003e+01	3287	happy	happy_6.png	
IEV	   2	 391	  10	   0	1.107892e+03	  79	   0	5.528399e-01	4.366631e+01	3152	happy	happy_5.png	
IEV	   2	 392	  10	   0	1.115561e+03	  94	  94	5.085880e-01	4.755520e+01	3367	happy	happy_2.png	
IEV	   2	 393	  10	   0	1.123610e+03	  84	  84	5.577233e-01	4.673885e+01	3128	happy	happy_19.png	
IEV	   2	 394	  10	   0	1.130182e+03	  81	  81	5.485562e-01	4.445287e+01	3173	happy	happy_11.png	
IEV	   2	 395	  10	   0	1.137736e+03	  81	  81	5.554868e-01	4.518469e+01	3139	happy	happy_9.png	
IEV	   2	 396	  10	   0	1.144605e+03	  82	  82	5.505973e-01	4.489236e+01	3163	happy	happy_1.png	
IEV	   2	 397	  10	   0	1.151409e+03	  72	   0	5.763086e-01	4.174968e+01	3036	happy	happy_8.png	
IEV	   2	 398	  10	   0	1.158196e+03	  73	   0	5.829181e-01	4.252011e+01	3003	happy	happy_10.png	
IEV	   2	 399	  10	   0	1.166229e+03	  84	  84	5.656290e-01	4.746865e+01	3089	happy	happy_21.png	
IEV	   2	 400	  10	   0	1.174562e+03	  91	   0	5.237007e-01	4.786443e+01	3294	happy	happy_1.png	
IEV	   2	 401	  10	   0	1.181517e+03	  80	   0	5.558936e-01	4.460719e+01	3137	happy	happy_11.png	
IEV	   2	 402	  10	   0	1.188916e+03	  82	   0	5.374978e-01	4.397195e+01	3227	happy	happy_3.png	
IEV	   2	 403	  10	   0	1.196112e+03	  72	  72	5.807185e-01	4.206714e+01	3014	happy	happy_16.png	
IEV	   2	 404	  10	   0	1.203991e+03	  77	  77	5.879035e-01	4.516799e+01	2978	happy	happy_9.png	
IEV	   2	 405	  10	   0	1.212237e+03	  74	  74	5.999837e-01	4.450951e+01	2917	happy	happy_20.png	
IEV	   2	 406	  10	   0	1.220017e+03	  72	  72	5.869080e-01	4.228694e+01	2983	happy	happy_21.png	
IEV	   2	 407	  10	   0	1.227437e+03	  71	  71	6.101808e-01	4.332979e+01	2865	happy	happy_10.png	
IEV	   2	 408	  10	   0	1.234801e+03	  73	   0	5.930674e-01	4.310944e+01	2952	happy	happy_4.png	
IEV	   2	 409	  10	   0	1.242999e+03	  72	  72	5.793169e-01	4.157034e+01	3021	happy	happy_7.png	
IEV	   2	 410	  10	   0	1.250445e+03	  74	   0	5.999837e-01	4.450951e+01	2917	happy	happy_2.png	
IEV	   2	 411	  10	   0	1.257023e+03	  62	  62	6.268228e-01	3.859492e+01	2779	happy	happy_15.png	
IEV	   2	 412	  10	   0	1.264640e+03	  65	  65	6.115460e-01	3.958193e+01	2858	happy	happy_6.png	
IEV	   2	 413	  10	   0	1.272180e+03	  70	   0	6.027385e-01	4.194594e+01	2903	happy	happy_13.png	
IEV	   2	 414	  10	   0	1.279104e+03	  71	  71	6.090092e-01	4.339705e+01	2871	happy	happy_8.png	
IEV	   2	 415	  10	   0	1.286490e+03	  71	   0	5.847151e-01	4.124590e+01	2994	happy	happy_5.png	
IEV	   2	 416	  10	   0	1.293779e+03	  71	  71	5.835174e-01	4.131817e+01	3000	happy	happy_17.png	
IEV	   2	 417	  10	   0	1.301486e+03	  64	  64	6.162128e-01	3.928354e+01	2834	happy	happy_14.png	
IEV	   2	 418	  10	   0	1.308446e+03	  69	  69	5.950477e-01	4.121039e+01	2942	happy	happy_12.png	
IEV	   2	 419	  10	   0	1.316037e+03	  65	  65	6.220150e-01	4.015277e+01	2804	happy	happy_18.png	
IEV	   2	 420	  10	   0	1.323337e+03	  73	  73	5.791166e-01	4.216143e+01	3022	happy	happy_19.png	
DEV	   2	 421	  11	   0	1.392191e+03	  83	   0	4.782609e-01	3.957302e+01	1929	fear	fear_15.png	
DEV	   2	 422	  11	   0	1.398595e+03	  80	  80	4.645115e-01	3.721181e+01	2027	fear	fear_14.png	
DEV	   2	 423	  11	   0	1.406502e+03	  76	  76	4.639649e-01	3.531897e+01	2031	fear	fear_13.png	
DEV	   2	 424	  11	   0	1.412933e+03	  83	   0	4.572273e-01	3.808962e+01	2081	fear	fear_2.png	
DEV	   2	 425	  11	   0	1.419052e+03	  79	  79	4.891091e-01	3.886367e+01	1855	fear	fear_18.png	
DEV	   2	 426	  11	   0	1.426682e+03	  76	   0	4.859891e-01	3.671158e+01	1876	fear	fear_11.png	
DEV	   2	 427	  11	   0	1.432917e+03	  84	  84	4.561654e-01	3.847043e+01	2089	fear	fear_8.png	
DEV	   2	 428	  11	   0	1.439345e+03	  77	  77	4.862848e-01	3.721643e+01	1874	fear	fear_20.png	
DEV	   2	 429	  11	   0	1.446947e+03	  75	   0	4.665712e-01	3.501823e+01	2012	fear	fear_12.png	
DEV	   2	 430	  11	   0	1.453586e+03	  78	   0	4.559006e-01	3.571596e+01	2091	fear	fear_6.png	
DEV	   2	 431	  11	   0	1.461185e+03	  79	   0	4.398874e-01	3.465419e+01	2216	fear	fear_5.png	
DEV	   2	 432	  11	   0	1.468765e+03	  77	  77	4.448986e-01	3.409772e+01	2176	fear	fear_17.png	
DEV	   2	 433	  11	   0	1.474873e+03	  76	   0	4.638284e-01	3.531028e+01	2032	fear	fear_21.png	
DEV	   2	 434	  11	   0	1.480896e+03	  82	  82	4.880654e-01	4.025829e+01	1862	fear	fear_10.png	
DEV	   2	 435	  11	   0	1.487726e+03	  81	  81	4.580266e-01	3.723026e+01	2075	fear	fear_4.png	
DEV	   2	 436	  11	   0	1.493702e+03	  79	   0	4.738365e-01	3.736713e+01	1960	fear	fear_16.png	
DEV	   2	 437	  11	   0	1.501519e+03	  80	  80	4.615192e-01	3.700919e+01	2049	fear	fear_9.png	
DEV	   2	 438	  11	   0	1.509018e+03	  77	  77	4.667091e-01	3.596028e+01	2011	fear	fear_7.png	
DEV	   2	 439	  11	   0	1.516413e+03	  78	  78	4.675380e-01	3.648132e+01	2005	fear	fear_19.png	
DEV	   2	 440	  11	   0	1.523625e+03	  80	   0	4.631471e-01	3.711947e+01	2037	fear	fear_1.png	
DEV	   2	 441	  11	   0	1.531324e+03	  78	  78	4.693426e-01	3.659952e+01	1992	fear	fear_3.png	
DEV	   2	 442	  11	   0	1.539160e+03	  78	  78	3.695338e-01	2.876538e+01	2884	fear	fear_5.png	
DEV	   2	 443	  11	   0	1.545703e+03	  77	  77	4.827558e-01	3.699115e+01	1898	fear	fear_19.png	
DEV	   2	 444	  11	   0	1.552813e+03	  81	   0	4.636920e-01	3.762005e+01	2033	fear	fear_14.png	
DEV	   2	 445	  11	   0	1.559656e+03	  83	   0	4.551079e-01	3.793918e+01	2097	fear	fear_3.png	
DEV	   2	 446	  11	   0	1.566104e+03	  76	   0	4.810074e-01	3.639834e+01	1910	fear	fear_20.png	
DEV	   2	 447	  11	   0	1.573606e+03	  81	   0	4.952965e-01	4.026577e+01	1814	fear	fear_4.png	
DEV	   2	 448	  11	   0	1.580589e+03	  81	  81	4.714399e-01	3.815105e+01	1977	fear	fear_1.png	
DEV	   2	 449	  11	   0	1.587633e+03	  81	   0	4.549761e-01	3.701986e+01	2098	fear	fear_8.png	
DEV	   2	 450	  11	   0	1.594810e+03	  76	  76	4.732707e-01	3.590981e+01	1964	fear	fear_2.png	
DEV	   2	 451	  11	   0	1.600885e+03	  82	  82	4.736949e-01	3.877883e+01	1961	fear	fear_15.png	
DEV	   2	 452	  11	   0	1.608309e+03	  76	   0	4.603049e-01	3.508564e+01	2058	fear	fear_12.png	
DEV	   2	 453	  11	   0	1.615694e+03	  82	   0	5.006797e-01	4.113389e+01	1779	fear	fear_21.png	
DEV	   2	 454	  11	   0	1.622391e+03	  80	  80	4.971316e-01	3.989404e+01	1802	fear	fear_10.png	
DEV	   2	 455	  11	   0	1.629491e+03	  83	   0	4.959070e-01	4.129932e+01	1810	fear	fear_9.png	
DEV	   2	 456	  11	   0	1.635671e+03	  81	  81	4.729882e-01	3.825687e+01	1966	fear	fear_17.png	
DEV	   2	 457	  11	   0	1.641595e+03	  82	   0	4.605742e-01	3.786628e+01	2056	fear	fear_6.png	
DEV	   2	 458	  11	   0	1.648408e+03	  74	   0	4.925644e-01	3.663085e+01	1832	fear	fear_11.png	
DEV	   2	 459	  11	   0	1.655270e+03	  76	   0	5.083747e-01	3.861435e+01	1730	fear	fear_16.png	
DEV	   2	 460	  11	   0	1.661628e+03	  78	  78	4.519618e-01	3.545571e+01	2121	fear	fear_18.png	
DEV	   2	 461	  11	   0	1.667609e+03	  74	  74	5.360179e-01	3.979636e+01	1563	fear	fear_13.png	
DEV	   2	 462	  11	   0	1.674753e+03	  74	   0	4.839274e-01	3.561422e+01	1890	fear	fear_7.png	
CEV	   2	 463	  12	   0	1.743572e+03	  43	   0	8.974286e-01	3.879486e+01	  18	scram	scram_17.png	
CEV	   2	 464	  12	   0	1.750271e+03	  48	   0	7.284286e-01	3.481471e+01	1201	scram	scram_1.png	
CEV	   2	 465	  12	   0	1.756824e+03	  51	  51	7.707143e-01	3.931214e+01	 905	scram	scram_13.png	
CEV	   2	 466	  12	   0	1.762669e+03	  49	  49	7.437143e-01	3.625629e+01	1094	scram	scram_16.png	
CEV	   2	 467	  12	   0	1.769909e+03	  48	  48	8.310000e-01	3.949300e+01	 483	scram	scram_18.png	
CEV	   2	 468	  12	   0	1.776149e+03	  48	   0	7.165714e-01	3.413371e+01	1284	scram	scram_4.png	
CEV	   2	 469	  12	   0	1.782556e+03	  57	   0	6.690000e-01	3.833800e+01	1617	scram	scram_7.png	
CEV	   2	 470	  12	   0	1.789599e+03	  69	  69	5.447143e-01	3.754471e+01	2487	scram	scram_15.png	
CEV	   2	 471	  12	   0	1.795906e+03	  66	   0	5.547143e-01	3.644529e+01	2417	scram	scram_14.png	
CEV	   2	 472	  12	   0	1.802529e+03	  65	   0	5.502857e-01	3.589943e+01	2448	scram	scram_6.png	
CEV	   2	 473	  12	   0	1.809169e+03	  71	   0	5.455714e-01	3.863671e+01	2481	scram	scram_8.png	
CEV	   2	 474	  12	   0	1.816241e+03	  69	   0	5.365714e-01	  37	2544	scram	scram_10.png	
CEV	   2	 475	  12	   0	1.822914e+03	  62	  62	6.508571e-01	4.025429e+01	1744	scram	scram_19.png	
CEV	   2	 476	  12	   0	1.830229e+03	  60	   0	5.812857e-01	3.467486e+01	2231	scram	scram_20.png	
CEV	   2	 477	  12	   0	1.837475e+03	  52	  52	7.207143e-01	3.772071e+01	1255	scram	scram_21.png	
CEV	   2	 478	  12	   0	1.844059e+03	  78	  78	5.044286e-01	3.952214e+01	2769	scram	scram_5.png	
CEV	   2	 479	  12	   0	1.850823e+03	  61	  61	6.248571e-01	3.824971e+01	1926	scram	scram_9.png	
CEV	   2	 480	  12	   0	1.857845e+03	  52	  52	6.935714e-01	3.630643e+01	1445	scram	scram_11.png	
CEV	   2	 481	  12	   0	1.864819e+03	  52	  52	6.504286e-01	3.374786e+01	1747	scram	scram_2.png	
CEV	   2	 482	  12	   0	1.871219e+03	  50	   0	7.000000e-01	3.490000e+01	1400	scram	scram_3.png	
CEV	   2	 483	  12	   0	1.878741e+03	  55	   0	6.655714e-01	3.633443e+01	1641	scram	scram_12.png	
CEV	   2	 484	  12	   0	1.885364e+03	  55	  55	6.938571e-01	3.838771e+01	1443	scram	scram_4.png	
CEV	   2	 485	  12	   0	1.892303e+03	  53	   0	6.608571e-01	3.501743e+01	1674	scram	scram_1.png	
CEV	   2	 486	  12	   0	1.898776e+03	  48	   0	7.367143e-01	3.552657e+01	1143	scram	scram_13.png	
CEV	   2	 487	  12	   0	1.905199e+03	  48	  48	7.224286e-01	3.483271e+01	1243	scram	scram_10.png	
CEV	   2	 488	  12	   0	1.911798e+03	  51	  51	6.727143e-01	3.430914e+01	1591	scram	scram_14.png	
CEV	   2	 489	  12	   0	1.918590e+03	  52	  52	6.745714e-01	3.497629e+01	1578	scram	scram_11.png	
CEV	   2	 490	  12	   0	1.924196e+03	  55	  55	6.988571e-01	3.839771e+01	1408	scram	scram_17.png	
CEV	   2	 491	  12	   0	1.930984e+03	  57	  57	6.757143e-01	3.835143e+01	1570	scram	scram_20.png	
CEV	   2	 492	  12	   0	1.937440e+03	  55	  55	6.847143e-01	3.768471e+01	1507	scram	scram_9.png	
CEV	   2	 493	  12	   0	1.944203e+03	  58	   0	6.828571e-01	3.973143e+01	1520	scram	scram_19.png	
CEV	   2	 494	  12	   0	1.951589e+03	  57	   0	6.768571e-01	3.835371e+01	1562	scram	scram_6.png	
CEV	   2	 495	  12	   0	1.957443e+03	  53	  53	6.852857e-01	3.631471e+01	1503	scram	scram_21.png	
CEV	   2	 496	  12	   0	1.964765e+03	  54	  54	6.945714e-01	3.769457e+01	1438	scram	scram_7.png	
CEV	   2	 497	  12	   0	1.971740e+03	  52	  52	6.795714e-01	3.564086e+01	1543	scram	scram_18.png	
CEV	   2	 498	  12	   0	1.977870e+03	  51	  51	7.214286e-01	  37	1250	scram	scram_5.png	
CEV	   2	 499	  12	   0	1.985020e+03	  53	   0	7.441429e-01	3.923243e+01	1091	scram	scram_2.png	
CEV	   2	 500	  12	   0	1.992201e+03	  52	  52	6.492857e-01	3.375357e+01	1755	scram	scram_3.png	
CEV	   2	 501	  12	   0	1.998401e+03	  49	   0	7.010000e-01	3.419600e+01	1393	scram	scram_12.png	
CEV	   2	 502	  12	   0	2.005106e+03	  58	  58	7.007143e-01	4.050357e+01	1395	scram	scram_15.png	
CEV	   2	 503	  12	   0	2.011279e+03	  66	  66	5.952857e-01	3.938114e+01	2133	scram	scram_8.png	
CEV	   2	 504	  12	   0	2.018745e+03	  64	   0	5.970000e-01	3.819400e+01	2121	scram	scram_16.png	
