#Subj:	10841
#Run:	1
#Age:	21
#Gender:	male
#02-May-2013
Func	Run	Trial	Block	Null	trialStartTime	Mag	ScoreInc	Freq	EV	RT	Emotion	Image
CEV	   1	   1	  12	   0	1.055942e+02	  54	   0	7.094286e-01	3.841886e+01	1334	scram	scram_16.png	
CEV	   1	   2	  12	   0	1.130888e+02	  81	  81	4.657143e-01	3.793143e+01	3040	scram	scram_8.png	
CEV	   1	   3	  12	   0	1.208128e+02	  80	  80	4.742857e-01	3.794857e+01	2980	scram	scram_15.png	
CEV	   1	   4	  12	   0	1.274732e+02	  82	  82	4.622857e-01	3.792457e+01	3064	scram	scram_12.png	
CEV	   1	   5	  12	   0	1.357555e+02	  91	  91	3.965714e-01	3.620686e+01	3524	scram	scram_3.png	
CEV	   1	   6	  12	   0	1.435568e+02	  97	   0	3.678571e-01	3.552857e+01	3725	scram	scram_2.png	
CEV	   1	   7	  12	   0	1.498980e+02	  51	  51	7.518571e-01	3.850371e+01	1037	scram	scram_5.png	
CEV	   1	   8	  12	   0	1.567855e+02	  64	  64	6.262857e-01	4.013143e+01	1916	scram	scram_18.png	
CEV	   1	   9	  12	   0	1.636361e+02	  70	  70	5.194286e-01	3.648057e+01	2664	scram	scram_7.png	
CEV	   1	  10	  12	   0	1.712271e+02	  84	   0	4.562857e-01	3.836886e+01	3106	scram	scram_21.png	
CEV	   1	  11	  12	   0	1.780847e+02	  41	  41	8.361429e-01	3.449157e+01	 447	scram	scram_6.png	
CEV	   1	  12	  12	   0	1.851727e+02	  72	   0	5.080000e-01	3.649200e+01	2744	scram	scram_19.png	
CEV	   1	  13	  12	   0	1.918624e+02	  56	   0	6.795714e-01	3.835914e+01	1543	scram	scram_9.png	
CEV	   1	  14	  12	   0	1.980847e+02	  43	  43	8.201429e-01	3.535971e+01	 559	scram	scram_20.png	
CEV	   1	  15	  12	   0	2.052748e+02	  95	  95	3.967143e-01	3.779343e+01	3523	scram	scram_17.png	
CEV	   1	  16	  12	   0	2.131156e+02	  93	   0	3.824286e-01	3.547029e+01	3623	scram	scram_11.png	
CEV	   1	  17	  12	   0	2.198361e+02	 109	 109	3.562857e-01	3.878143e+01	3806	scram	scram_14.png	
CEV	   1	  18	  12	   0	2.267981e+02	 107	 107	3.487143e-01	3.734871e+01	3859	scram	scram_10.png	
CEV	   1	  19	  12	   0	2.348765e+02	 111	 111	3.431429e-01	3.802943e+01	3898	scram	scram_13.png	
CEV	   1	  20	  12	   0	2.435059e+02	 103	   0	3.584286e-01	  37	3791	scram	scram_1.png	
CEV	   1	  21	  12	   0	2.500119e+02	  54	   0	7.398571e-01	3.995943e+01	1121	scram	scram_4.png	
CEV	   1	  22	  12	   0	2.568446e+02	  61	  61	6.101429e-01	  37	2029	scram	scram_12.png	
CEV	   1	  23	  12	   0	2.644599e+02	  98	  98	3.632857e-01	3.554686e+01	3757	scram	scram_3.png	
CEV	   1	  24	  12	   0	2.732056e+02	 107	 107	3.565714e-01	3.806971e+01	3804	scram	scram_2.png	
CEV	   1	  25	  12	   0	2.813185e+02	 104	 104	3.661429e-01	3.809843e+01	3737	scram	scram_11.png	
CEV	   1	  26	  12	   0	2.883036e+02	 104	 104	3.704286e-01	3.848171e+01	3707	scram	scram_9.png	
CEV	   1	  27	  12	   0	2.957178e+02	  99	  99	3.638571e-01	3.590843e+01	3753	scram	scram_5.png	
CEV	   1	  28	  12	   0	3.038282e+02	 103	   0	3.630000e-01	3.736300e+01	3759	scram	scram_21.png	
CEV	   1	  29	  12	   0	3.112823e+02	  96	   0	3.810000e-01	3.661900e+01	3633	scram	scram_20.png	
CEV	   1	  30	  12	   0	3.177657e+02	  44	  44	8.562857e-01	3.785629e+01	 306	scram	scram_19.png	
CEV	   1	  31	  12	   0	3.257565e+02	  97	  97	3.968571e-01	3.858743e+01	3522	scram	scram_10.png	
CEV	   1	  32	  12	   0	3.322615e+02	  69	   0	5.617143e-01	3.868514e+01	2368	scram	scram_8.png	
CEV	   1	  33	  12	   0	3.388980e+02	  88	   0	4.142857e-01	3.658571e+01	3400	scram	scram_6.png	
CEV	   1	  34	  12	   0	3.448817e+02	  48	  48	7.104286e-01	3.415829e+01	1327	scram	scram_14.png	
CEV	   1	  35	  12	   0	3.524058e+02	 103	   0	3.608571e-01	  37	3774	scram	scram_15.png	
CEV	   1	  36	  12	   0	3.591439e+02	  74	  74	5.262857e-01	3.910514e+01	2616	scram	scram_7.png	
CEV	   1	  37	  12	   0	3.667276e+02	  82	   0	4.580000e-01	3.745800e+01	3094	scram	scram_4.png	
CEV	   1	  38	  12	   0	3.741063e+02	  63	  63	5.455714e-01	3.427214e+01	2481	scram	scram_18.png	
CEV	   1	  39	  12	   0	3.803171e+02	  70	   0	5.077143e-01	3.547686e+01	2746	scram	scram_16.png	
CEV	   1	  40	  12	   0	3.882100e+02	  66	  66	5.404286e-01	3.591914e+01	2517	scram	scram_13.png	
CEV	   1	  41	  12	   0	3.943709e+02	  40	  40	8.648571e-01	3.440543e+01	 246	scram	scram_1.png	
CEV	   1	  42	  12	   0	4.006832e+02	  49	  49	7.322857e-01	3.553543e+01	1174	scram	scram_17.png	
DEV	   1	  43	  11	   0	4.793406e+02	  79	   0	5.422688e-01	4.288484e+01	1527	fear	fear_7.png	
DEV	   1	  44	  11	   0	4.867648e+02	  84	  84	3.137169e-01	2.622475e+01	3570	fear	fear_13.png	
DEV	   1	  45	  11	   0	4.946830e+02	  81	   0	2.993483e-01	2.425389e+01	3757	fear	fear_18.png	
DEV	   1	  46	  11	   0	5.014770e+02	  80	   0	3.331019e-01	2.664494e+01	3320	fear	fear_16.png	
DEV	   1	  47	  11	   0	5.082505e+02	  80	   0	4.319639e-01	3.455717e+01	2281	fear	fear_11.png	
DEV	   1	  48	  11	   0	5.142618e+02	  66	  66	8.009940e-01	5.259346e+01	 360	fear	fear_6.png	
DEV	   1	  49	  11	   0	5.196449e+02	  65	   0	8.113662e-01	5.297035e+01	 321	fear	fear_17.png	
DEV	   1	  50	  11	   0	5.263126e+02	  74	   0	4.605742e-01	3.418168e+01	2056	fear	fear_9.png	
DEV	   1	  51	  11	   0	5.330698e+02	  86	   0	3.398597e-01	2.915203e+01	3235	fear	fear_10.png	
DEV	   1	  52	  11	   0	5.395743e+02	  72	  72	5.732093e-01	4.143732e+01	1357	fear	fear_21.png	
DEV	   1	  53	  11	   0	5.469793e+02	  76	   0	5.086928e-01	3.863432e+01	1728	fear	fear_12.png	
DEV	   1	  54	  11	   0	5.534045e+02	  72	   0	6.906166e-01	4.982490e+01	 802	fear	fear_15.png	
DEV	   1	  55	  11	   0	5.616636e+02	  81	  81	2.929926e-01	2.379235e+01	3839	fear	fear_2.png	
DEV	   1	  56	  11	   0	5.691510e+02	  80	  80	3.040461e-01	2.428857e+01	3696	fear	fear_8.png	
DEV	   1	  57	  11	   0	5.767323e+02	  88	   0	3.072718e-01	2.697493e+01	3654	fear	fear_1.png	
DEV	   1	  58	  11	   0	5.843460e+02	  81	  81	3.819181e-01	3.111154e+01	2750	fear	fear_4.png	
DEV	   1	  59	  11	   0	5.914274e+02	  85	   0	3.897661e-01	3.321732e+01	2669	fear	fear_20.png	
DEV	   1	  60	  11	   0	5.995118e+02	  83	   0	3.047378e-01	2.525180e+01	3687	fear	fear_3.png	
DEV	   1	  61	  11	   0	6.056396e+02	  76	  76	5.348146e-01	4.079317e+01	1570	fear	fear_14.png	
DEV	   1	  62	  11	   0	6.120824e+02	  74	  74	5.308886e-01	3.948545e+01	1593	fear	fear_19.png	
DEV	   1	  63	  11	   0	6.203603e+02	  81	  81	3.047378e-01	2.464232e+01	3687	fear	fear_5.png	
DEV	   1	  64	  11	   0	6.268418e+02	  77	  77	5.167456e-01	3.965513e+01	1678	fear	fear_3.png	
DEV	   1	  65	  11	   0	6.340503e+02	  85	   0	4.001861e-01	3.398109e+01	2566	fear	fear_1.png	
DEV	   1	  66	  11	   0	6.427342e+02	  84	   0	2.889276e-01	2.436195e+01	3891	fear	fear_19.png	
DEV	   1	  67	  11	   0	6.499949e+02	  76	   0	5.203511e-01	3.936311e+01	1656	fear	fear_7.png	
DEV	   1	  68	  11	   0	6.572949e+02	  77	  77	5.123727e-01	3.937741e+01	1705	fear	fear_9.png	
DEV	   1	  69	  11	   0	6.647661e+02	  85	   0	3.539795e-01	3.020497e+01	3063	fear	fear_16.png	
DEV	   1	  70	  11	   0	6.722197e+02	  74	  74	5.263338e-01	3.920830e+01	1620	fear	fear_4.png	
DEV	   1	  71	  11	   0	6.788043e+02	  79	  79	3.201773e-01	2.542048e+01	3486	fear	fear_10.png	
DEV	   1	  72	  11	   0	6.855702e+02	  87	   0	3.224938e-01	2.816115e+01	3456	fear	fear_21.png	
DEV	   1	  73	  11	   0	6.920133e+02	  78	  78	5.276773e-01	4.140086e+01	1612	fear	fear_17.png	
DEV	   1	  74	  11	   0	6.975919e+02	  66	  66	8.250691e-01	5.426724e+01	 270	fear	fear_5.png	
DEV	   1	  75	  11	   0	7.040615e+02	  72	  72	8.212921e-01	5.906425e+01	 284	fear	fear_6.png	
DEV	   1	  76	  11	   0	7.111280e+02	  64	  64	8.275032e-01	5.269519e+01	 261	fear	fear_12.png	
DEV	   1	  77	  11	   0	7.163973e+02	  70	  70	8.275032e-01	5.766021e+01	 261	fear	fear_20.png	
DEV	   1	  78	  11	   0	7.223740e+02	  70	  70	8.234490e-01	5.750525e+01	 276	fear	fear_8.png	
DEV	   1	  79	  11	   0	7.288222e+02	  68	  68	8.402907e-01	5.728959e+01	 214	fear	fear_11.png	
DEV	   1	  80	  11	   0	7.339859e+02	  70	  70	8.340172e-01	5.873719e+01	 237	fear	fear_18.png	
DEV	   1	  81	  11	   0	7.400329e+02	  70	  70	8.353785e-01	5.878836e+01	 232	fear	fear_2.png	
DEV	   1	  82	  11	   0	7.460207e+02	  66	  66	8.667884e-01	5.726752e+01	 118	fear	fear_13.png	
DEV	   1	  83	  11	   0	7.514805e+02	  71	  71	8.364685e-01	5.966556e+01	 228	fear	fear_14.png	
DEV	   1	  84	  11	   0	7.576737e+02	  73	  73	8.215615e-01	5.989684e+01	 283	fear	fear_15.png	
IEV	   1	  85	  10	   0	8.286422e+02	  18	  18	8.955598e-01	1.584408e+01	 387	happy	happy_19.png	
IEV	   1	  86	  10	   0	8.350332e+02	  27	  27	8.425068e-01	2.268321e+01	1321	happy	happy_18.png	
IEV	   1	  87	  10	   0	8.415368e+02	  56	  56	6.760662e-01	3.790510e+01	2514	happy	happy_12.png	
IEV	   1	  88	  10	   0	8.499076e+02	  80	   0	5.736962e-01	4.592045e+01	3049	happy	happy_14.png	
IEV	   1	  89	  10	   0	8.575050e+02	 132	 132	3.993581e-01	5.259883e+01	3891	happy	happy_17.png	
IEV	   1	  90	  10	   0	8.647817e+02	 131	   0	4.064111e-01	5.315458e+01	3857	happy	happy_5.png	
IEV	   1	  91	  10	   0	8.723803e+02	 115	   0	4.384920e-01	5.023387e+01	3703	happy	happy_8.png	
IEV	   1	  92	  10	   0	8.802673e+02	 135	   0	3.993581e-01	5.379691e+01	3891	happy	happy_13.png	
IEV	   1	  93	  10	   0	8.866582e+02	  18	  18	8.980579e-01	1.622117e+01	 252	happy	happy_6.png	
IEV	   1	  94	  10	   0	8.941177e+02	  63	  63	6.224005e-01	3.950608e+01	2802	happy	happy_15.png	
IEV	   1	  95	  10	   0	9.010620e+02	  41	  41	7.613681e-01	3.143325e+01	1993	happy	happy_2.png	
IEV	   1	  96	  10	   0	9.084177e+02	  71	  71	6.134932e-01	4.375221e+01	2848	happy	happy_7.png	
IEV	   1	  97	  10	   0	9.154976e+02	  59	  59	6.467268e-01	3.791022e+01	2674	happy	happy_4.png	
IEV	   1	  98	  10	   0	9.231436e+02	  63	  63	6.235562e-01	3.943201e+01	2796	happy	happy_10.png	
IEV	   1	  99	  10	   0	9.305269e+02	  60	   0	6.452275e-01	3.865609e+01	2682	happy	happy_21.png	
IEV	   1	 100	  10	   0	9.382438e+02	  70	  70	6.003777e-01	4.208623e+01	2915	happy	happy_20.png	
IEV	   1	 101	  10	   0	9.464943e+02	 128	   0	4.149331e-01	5.326944e+01	3816	happy	happy_9.png	
IEV	   1	 102	  10	   0	9.545587e+02	  85	  85	5.350325e-01	4.571260e+01	3239	happy	happy_16.png	
IEV	   1	 103	  10	   0	9.617832e+02	  80	  80	5.544692e-01	4.412972e+01	3144	happy	happy_3.png	
IEV	   1	 104	  10	   0	9.686983e+02	  82	  82	5.579265e-01	4.561277e+01	3127	happy	happy_11.png	
IEV	   1	 105	  10	   0	9.766048e+02	  81	   0	5.627954e-01	4.535650e+01	3103	happy	happy_1.png	
IEV	   1	 106	  10	   0	9.828734e+02	  21	  21	8.633974e-01	1.836440e+01	1071	happy	happy_21.png	
IEV	   1	 107	  10	   0	9.892448e+02	  15	  15	8.978035e-01	1.358101e+01	 269	happy	happy_10.png	
IEV	   1	 108	  10	   0	9.959576e+02	  39	  39	7.710215e-01	2.983460e+01	1926	happy	happy_8.png	
IEV	   1	 109	  10	   0	1.001949e+03	  45	  45	7.161559e-01	3.216712e+01	2282	happy	happy_1.png	
IEV	   1	 110	  10	   0	1.009457e+03	  74	  74	6.007715e-01	4.446596e+01	2913	happy	happy_9.png	
IEV	   1	 111	  10	   0	1.016390e+03	  87	   0	5.495770e-01	4.769482e+01	3168	happy	happy_11.png	
IEV	   1	 112	  10	   0	1.024163e+03	  87	   0	5.342102e-01	4.628942e+01	3243	happy	happy_19.png	
IEV	   1	 113	  10	   0	1.031377e+03	  69	  69	5.950477e-01	4.121039e+01	2942	happy	happy_2.png	
IEV	   1	 114	  10	   0	1.038850e+03	  74	  74	6.123253e-01	4.504322e+01	2854	happy	happy_5.png	
IEV	   1	 115	  10	   0	1.045432e+03	  69	  69	6.107661e-01	4.207459e+01	2862	happy	happy_6.png	
IEV	   1	 116	  10	   0	1.052450e+03	  72	   0	5.966295e-01	4.290420e+01	2934	happy	happy_20.png	
IEV	   1	 117	  10	   0	1.058691e+03	  43	  43	7.610750e-01	3.298017e+01	1995	happy	happy_13.png	
IEV	   1	 118	  10	   0	1.066253e+03	 124	   0	4.138929e-01	5.123594e+01	3821	happy	happy_18.png	
IEV	   1	 119	  10	   0	1.073956e+03	  98	   0	4.769358e-01	4.663974e+01	3519	happy	happy_7.png	
IEV	   1	 120	  10	   0	1.080535e+03	  31	  31	8.478096e-01	2.629626e+01	1263	happy	happy_17.png	
IEV	   1	 121	  10	   0	1.087905e+03	  64	  64	6.162128e-01	3.928354e+01	2834	happy	happy_4.png	
IEV	   1	 122	  10	   0	1.094801e+03	  61	   0	6.420317e-01	3.886639e+01	2699	happy	happy_14.png	
IEV	   1	 123	  10	   0	1.101841e+03	  62	   0	6.270146e-01	3.858234e+01	2778	happy	happy_3.png	
IEV	   1	 124	  10	   0	1.109142e+03	  45	  45	7.158240e-01	3.219337e+01	2284	happy	happy_15.png	
IEV	   1	 125	  10	   0	1.116077e+03	  72	   0	5.950477e-01	4.299553e+01	2942	happy	happy_12.png	
IEV	   1	 126	  10	   0	1.124691e+03	 138	   0	3.867419e-01	5.343333e+01	3952	happy	happy_16.png	
CEVR	   1	 127	   9	   0	1.199893e+03	  79	  79	4.961686e-01	3.898467e+01	3690	fear	fear_10.png	
CEVR	   1	 128	   9	   0	1.207000e+03	  75	  75	5.050702e-01	3.801014e+01	3736	fear	fear_16.png	
CEVR	   1	 129	   9	   0	1.213787e+03	 105	   0	3.372396e-01	3.531380e+01	2460	fear	fear_2.png	
CEVR	   1	 130	   9	   0	1.219453e+03	 174	   0	2.123299e-01	3.700000e+01	 201	fear	fear_15.png	
CEVR	   1	 131	   9	   0	1.226756e+03	  73	   0	5.373444e-01	3.914938e+01	3890	fear	fear_21.png	
CEVR	   1	 132	   9	   0	1.234820e+03	  78	   0	4.824888e-01	3.748249e+01	3616	fear	fear_5.png	
CEVR	   1	 133	   9	   0	1.242421e+03	  78	   0	4.959786e-01	3.848794e+01	3689	fear	fear_11.png	
CEVR	   1	 134	   9	   0	1.249591e+03	 136	 136	2.656410e-01	3.620308e+01	1425	fear	fear_8.png	
CEVR	   1	 135	   9	   0	1.256473e+03	 143	 143	2.669553e-01	3.806782e+01	1449	fear	fear_6.png	
CEVR	   1	 136	   9	   0	1.263162e+03	 137	 137	2.692308e-01	  37	1490	fear	fear_18.png	
CEVR	   1	 137	   9	   0	1.270048e+03	 142	   0	2.693988e-01	3.834699e+01	1493	fear	fear_13.png	
CEVR	   1	 138	   9	   0	1.275921e+03	 139	   0	2.656410e-01	  37	1425	fear	fear_1.png	
CEVR	   1	 139	   9	   0	1.282280e+03	 169	   0	2.135202e-01	3.614592e+01	 235	fear	fear_3.png	
CEVR	   1	 140	   9	   0	1.289242e+03	 101	 101	3.502840e-01	3.524858e+01	2603	fear	fear_20.png	
CEVR	   1	 141	   9	   0	1.295667e+03	 108	 108	3.433192e-01	3.700000e+01	2528	fear	fear_17.png	
CEVR	   1	 142	   9	   0	1.303368e+03	 112	   0	3.390052e-01	3.801702e+01	2480	fear	fear_19.png	
CEVR	   1	 143	   9	   0	1.310691e+03	  81	  81	4.686934e-01	3.793739e+01	3537	fear	fear_12.png	
CEVR	   1	 144	   9	   0	1.318519e+03	  92	   0	4.089043e-01	3.781781e+01	3133	fear	fear_7.png	
CEVR	   1	 145	   9	   0	1.324540e+03	 141	   0	2.710906e-01	3.835545e+01	1523	fear	fear_9.png	
CEVR	   1	 146	   9	   0	1.330778e+03	 156	   0	2.421919e-01	3.772658e+01	 953	fear	fear_4.png	
CEVR	   1	 147	   9	   0	1.337759e+03	  92	   0	3.984615e-01	3.660154e+01	3050	fear	fear_14.png	
CEVR	   1	 148	   9	   0	1.345576e+03	 104	 104	3.440489e-01	3.562380e+01	2536	fear	fear_21.png	
CEVR	   1	 149	   9	   0	1.352828e+03	 103	   0	3.483992e-01	3.595480e+01	2583	fear	fear_7.png	
CEVR	   1	 150	   9	   0	1.360184e+03	 108	   0	3.527649e-01	3.805829e+01	2629	fear	fear_18.png	
CEVR	   1	 151	   9	   0	1.367432e+03	  91	   0	3.905308e-01	3.543788e+01	2984	fear	fear_3.png	
CEVR	   1	 152	   9	   0	1.375213e+03	  81	  81	4.547051e-01	  37	3452	fear	fear_19.png	
CEVR	   1	 153	   9	   0	1.382212e+03	  83	   0	4.577589e-01	3.791552e+01	3471	fear	fear_12.png	
CEVR	   1	 154	   9	   0	1.389422e+03	  95	   0	3.803231e-01	3.623935e+01	2895	fear	fear_16.png	
CEVR	   1	 155	   9	   0	1.396440e+03	  68	   0	5.066510e-01	3.446674e+01	3744	fear	fear_2.png	
CEVR	   1	 156	   9	   0	1.402499e+03	 132	 132	2.749469e-01	3.617516e+01	1590	fear	fear_15.png	
CEVR	   1	 157	   9	   0	1.409324e+03	 135	 135	2.726890e-01	3.672731e+01	1551	fear	fear_1.png	
CEVR	   1	 158	   9	   0	1.416628e+03	 132	   0	2.800000e-01	  37	1675	fear	fear_13.png	
CEVR	   1	 159	   9	   0	1.423696e+03	 116	   0	3.328193e-01	3.866410e+01	2409	fear	fear_6.png	
CEVR	   1	 160	   9	   0	1.431754e+03	  79	   0	4.457831e-01	3.521687e+01	3395	fear	fear_11.png	
CEVR	   1	 161	   9	   0	1.438288e+03	 105	   0	3.444149e-01	3.631117e+01	2540	fear	fear_17.png	
CEVR	   1	 162	   9	   0	1.444829e+03	 153	   0	2.421919e-01	3.700000e+01	 953	fear	fear_9.png	
CEVR	   1	 163	   9	   0	1.451470e+03	 134	   0	2.746554e-01	3.672534e+01	1585	fear	fear_8.png	
CEVR	   1	 164	   9	   0	1.459879e+03	  78	   0	4.638252e-01	3.607235e+01	3508	fear	fear_10.png	
CEVR	   1	 165	   9	   0	1.465851e+03	 175	   0	2.140496e-01	3.742810e+01	 250	fear	fear_20.png	
CEVR	   1	 166	   9	   0	1.473356e+03	  70	   0	5.445753e-01	3.808915e+01	3922	fear	fear_14.png	
CEVR	   1	 167	   9	   0	1.480645e+03	  66	  66	5.371215e-01	3.538864e+01	3889	fear	fear_4.png	
CEVR	   1	 168	   9	   0	1.489431e+03	  75	  75	5.277099e-01	3.963855e+01	3846	fear	fear_5.png	
DEV	   1	 169	   8	   0	1.561253e+03	  79	   0	2.967973e-01	2.347550e+01	3790	scram	scram_13.png	
DEV	   1	 170	   8	   0	1.566314e+03	  72	  72	8.430275e-01	6.075556e+01	 204	scram	scram_11.png	
DEV	   1	 171	   8	   0	1.572811e+03	  64	  64	8.765688e-01	5.577724e+01	  83	scram	scram_9.png	
DEV	   1	 172	   8	   0	1.579260e+03	  73	   0	6.913179e-01	5.055299e+01	 799	scram	scram_16.png	
DEV	   1	 173	   8	   0	1.585435e+03	  65	   0	8.394707e-01	5.474279e+01	 217	scram	scram_3.png	
DEV	   1	 174	   8	   0	1.591825e+03	  79	  79	5.159315e-01	4.063536e+01	1683	scram	scram_10.png	
DEV	   1	 175	   8	   0	1.598222e+03	  74	  74	5.472030e-01	4.046981e+01	1499	scram	scram_20.png	
DEV	   1	 176	   8	   0	1.604852e+03	  78	  78	5.033284e-01	3.930355e+01	1762	scram	scram_4.png	
DEV	   1	 177	   8	   0	1.612174e+03	  79	  79	5.078983e-01	4.010812e+01	1733	scram	scram_17.png	
DEV	   1	 178	   8	   0	1.618955e+03	  77	   0	4.936239e-01	3.817686e+01	1825	scram	scram_8.png	
DEV	   1	 179	   8	   0	1.627033e+03	  79	  79	3.906564e-01	3.093880e+01	2660	scram	scram_19.png	
DEV	   1	 180	   8	   0	1.634728e+03	  82	  82	3.909540e-01	3.213174e+01	2657	scram	scram_21.png	
DEV	   1	 181	   8	   0	1.641574e+03	  84	   0	3.994614e-01	3.352864e+01	2573	scram	scram_15.png	
DEV	   1	 182	   8	   0	1.648742e+03	  86	   0	3.116450e-01	2.669449e+01	3597	scram	scram_1.png	
DEV	   1	 183	   8	   0	1.654313e+03	  70	  70	8.315706e-01	5.781281e+01	 246	scram	scram_12.png	
DEV	   1	 184	   8	   0	1.660025e+03	  73	   0	8.204842e-01	5.985162e+01	 287	scram	scram_7.png	
DEV	   1	 185	   8	   0	1.668418e+03	  86	  86	3.207173e-01	2.770300e+01	3479	scram	scram_14.png	
DEV	   1	 186	   8	   0	1.674701e+03	  81	  81	4.392684e-01	3.549148e+01	2221	scram	scram_2.png	
DEV	   1	 187	   8	   0	1.681040e+03	  78	  78	4.755408e-01	3.700449e+01	1948	scram	scram_18.png	
DEV	   1	 188	   8	   0	1.687514e+03	  76	  76	4.669851e-01	3.551111e+01	2009	scram	scram_5.png	
DEV	   1	 189	   8	   0	1.694008e+03	  73	  73	6.705817e-01	4.875705e+01	 889	scram	scram_6.png	
DEV	   1	 190	   8	   0	1.701425e+03	  85	   0	2.883780e-01	2.460838e+01	3898	scram	scram_8.png	
DEV	   1	 191	   8	   0	1.708278e+03	  84	   0	3.804016e-01	3.176641e+01	2766	scram	scram_7.png	
DEV	   1	 192	   8	   0	1.715749e+03	  84	  84	3.266818e-01	2.750409e+01	3402	scram	scram_15.png	
DEV	   1	 193	   8	   0	1.723325e+03	  80	   0	2.950918e-01	2.365012e+01	3812	scram	scram_16.png	
DEV	   1	 194	   8	   0	1.730643e+03	  80	   0	4.302920e-01	3.444358e+01	2295	scram	scram_2.png	
DEV	   1	 195	   8	   0	1.737362e+03	  78	   0	4.795585e-01	3.726616e+01	1920	scram	scram_18.png	
DEV	   1	 196	   8	   0	1.744305e+03	  83	   0	4.004974e-01	3.320285e+01	2563	scram	scram_3.png	
DEV	   1	 197	   8	   0	1.749771e+03	  72	  72	7.341405e-01	5.275640e+01	 621	scram	scram_6.png	
DEV	   1	 198	   8	   0	1.756049e+03	  73	   0	5.572624e-01	4.051276e+01	1443	scram	scram_20.png	
DEV	   1	 199	   8	   0	1.763855e+03	  82	  82	4.576266e-01	3.766032e+01	2078	scram	scram_13.png	
DEV	   1	 200	   8	   0	1.770637e+03	  73	  73	5.541817e-01	4.033258e+01	1460	scram	scram_9.png	
DEV	   1	 201	   8	   0	1.776993e+03	  76	  76	4.724242e-01	3.585621e+01	1970	scram	scram_5.png	
DEV	   1	 202	   8	   0	1.783828e+03	  73	  73	6.604510e-01	4.820491e+01	 934	scram	scram_11.png	
DEV	   1	 203	   8	   0	1.790075e+03	  73	   0	7.031074e-01	5.117658e+01	 749	scram	scram_19.png	
DEV	   1	 204	   8	   0	1.798291e+03	  83	   0	3.194065e-01	2.664453e+01	3496	scram	scram_4.png	
DEV	   1	 205	   8	   0	1.805495e+03	  79	   0	5.144710e-01	4.053972e+01	1692	scram	scram_1.png	
DEV	   1	 206	   8	   0	1.811769e+03	  70	  70	6.969531e-01	4.876172e+01	 775	scram	scram_14.png	
DEV	   1	 207	   8	   0	1.818389e+03	  71	  71	7.095523e-01	5.009312e+01	 722	scram	scram_10.png	
DEV	   1	 208	   8	   0	1.825085e+03	  80	  80	4.904564e-01	3.944387e+01	1846	scram	scram_21.png	
DEV	   1	 209	   8	   0	1.831317e+03	  73	  73	6.124353e-01	4.487471e+01	1158	scram	scram_12.png	
DEV	   1	 210	   8	   0	1.838466e+03	  81	   0	4.712996e-01	3.814145e+01	1978	scram	scram_17.png	
CEVR	   1	 211	   7	   0	1.912844e+03	  81	   0	4.473230e-01	3.610535e+01	3405	happy	happy_21.png	
CEVR	   1	 212	   7	   0	1.918580e+03	 156	 156	2.409302e-01	3.748186e+01	 925	happy	happy_16.png	
CEVR	   1	 213	   7	   0	1.924702e+03	 161	   0	2.313740e-01	3.723137e+01	 703	happy	happy_9.png	
CEVR	   1	 214	   7	   0	1.930285e+03	 161	 161	2.361846e-01	3.794474e+01	 817	happy	happy_10.png	
CEVR	   1	 215	   7	   0	1.936945e+03	 158	   0	2.342619e-01	  37	 772	happy	happy_8.png	
CEVR	   1	 216	   7	   0	1.943343e+03	 155	   0	2.391947e-01	  37	 886	happy	happy_7.png	
CEVR	   1	 217	   7	   0	1.949406e+03	 177	   0	2.061774e-01	3.658765e+01	  19	happy	happy_13.png	
CEVR	   1	 218	   7	   0	1.956315e+03	 121	 121	3.061466e-01	  37	2070	happy	happy_14.png	
CEVR	   1	 219	   7	   0	1.963197e+03	 118	   0	3.046342e-01	3.608610e+01	2049	happy	happy_17.png	
CEVR	   1	 220	   7	   0	1.970991e+03	 121	 121	3.068720e-01	  37	2080	happy	happy_20.png	
CEVR	   1	 221	   7	   0	1.976477e+03	 160	   0	2.280331e-01	3.654393e+01	 621	happy	happy_6.png	
CEVR	   1	 222	   7	   0	1.982765e+03	 119	   0	3.032787e-01	3.609016e+01	2030	happy	happy_1.png	
CEVR	   1	 223	   7	   0	1.989654e+03	 153	   0	2.367892e-01	3.628963e+01	 831	happy	happy_19.png	
CEVR	   1	 224	   7	   0	1.995924e+03	 110	   0	3.308636e-01	3.633827e+01	2386	happy	happy_2.png	
CEVR	   1	 225	   7	   0	2.002606e+03	 147	   0	2.467607e-01	3.625972e+01	1052	happy	happy_11.png	
CEVR	   1	 226	   7	   0	2.011140e+03	  74	   0	4.715950e-01	3.511362e+01	3554	happy	happy_3.png	
CEVR	   1	 227	   7	   0	2.018171e+03	 126	   0	2.974277e-01	3.759486e+01	1946	happy	happy_5.png	
CEVR	   1	 228	   7	   0	2.025064e+03	 104	   0	3.531497e-01	3.664685e+01	2633	happy	happy_12.png	
CEVR	   1	 229	   7	   0	2.030349e+03	 157	   0	2.364433e-01	3.723644e+01	 823	happy	happy_18.png	
CEVR	   1	 230	   7	   0	2.036335e+03	 175	   0	2.129234e-01	3.721292e+01	 218	happy	happy_4.png	
CEVR	   1	 231	   7	   0	2.044367e+03	  65	   0	5.454928e-01	3.536352e+01	3926	happy	happy_15.png	
CEVR	   1	 232	   7	   0	2.051771e+03	 118	 118	3.062190e-01	3.608134e+01	2071	happy	happy_20.png	
CEVR	   1	 233	   7	   0	2.059668e+03	  82	  82	4.595458e-01	3.745955e+01	3482	happy	happy_15.png	
CEVR	   1	 234	   7	   0	2.065840e+03	 157	   0	2.350699e-01	  37	 791	happy	happy_2.png	
CEVR	   1	 235	   7	   0	2.072119e+03	 159	   0	2.373099e-01	3.771193e+01	 843	happy	happy_8.png	
CEVR	   1	 236	   7	   0	2.080122e+03	  83	  83	4.588944e-01	3.791779e+01	3478	happy	happy_18.png	
CEVR	   1	 237	   7	   0	2.087490e+03	 126	   0	3.019352e-01	3.790581e+01	2011	happy	happy_21.png	
CEVR	   1	 238	   7	   0	2.093311e+03	 159	   0	2.301813e-01	3.653964e+01	 674	happy	happy_12.png	
CEVR	   1	 239	   7	   0	2.100928e+03	  93	   0	4.017996e-01	3.740180e+01	3077	happy	happy_4.png	
CEVR	   1	 240	   7	   0	2.107109e+03	 167	   0	2.273126e-01	3.790925e+01	 603	happy	happy_13.png	
CEVR	   1	 241	   7	   0	2.114959e+03	  76	  76	4.759280e-01	3.604814e+01	3579	happy	happy_19.png	
CEVR	   1	 242	   7	   0	2.122305e+03	  99	   0	3.888889e-01	3.855556e+01	2970	happy	happy_11.png	
CEVR	   1	 243	   7	   0	2.128006e+03	 160	   0	2.307144e-01	  37	 687	happy	happy_16.png	
CEVR	   1	 244	   7	   0	2.133975e+03	 158	   0	2.347290e-01	3.700000e+01	 783	happy	happy_6.png	
CEVR	   1	 245	   7	   0	2.140985e+03	 121	   0	3.055687e-01	  37	2062	happy	happy_17.png	
CEVR	   1	 246	   7	   0	2.147386e+03	 121	   0	3.058573e-01	  37	2066	happy	happy_14.png	
CEVR	   1	 247	   7	   0	2.154214e+03	 156	 156	2.328299e-01	3.630151e+01	 738	happy	happy_7.png	
CEVR	   1	 248	   7	   0	2.160442e+03	 155	 155	2.324538e-01	3.607018e+01	 729	happy	happy_9.png	
CEVR	   1	 249	   7	   0	2.166742e+03	 120	   0	3.067267e-01	3.669327e+01	2078	happy	happy_1.png	
CEVR	   1	 250	   7	   0	2.174338e+03	 121	   0	3.037054e-01	3.669629e+01	2036	happy	happy_10.png	
CEVR	   1	 251	   7	   0	2.181674e+03	 103	   0	3.627451e-01	3.736275e+01	2730	happy	happy_3.png	
CEVR	   1	 252	   7	   0	2.188194e+03	 165	   0	2.303041e-01	3.792122e+01	 677	happy	happy_5.png	
#02-May-2013
IEV	   2	 253	   6	   0	1.194836e+01	  29	  29	8.500102e-01	2.434172e+01	1238	scram	scram_3.png	
IEV	   2	 254	   6	   0	1.864714e+01	  41	  41	7.563457e-01	3.109846e+01	2027	scram	scram_17.png	
IEV	   2	 255	   6	   0	2.451265e+01	  39	  39	7.647187e-01	2.961920e+01	1970	scram	scram_18.png	
IEV	   2	 256	   6	   0	3.093007e+01	  25	  25	8.468252e-01	2.132805e+01	1274	scram	scram_2.png	
IEV	   2	 257	   6	   0	3.836297e+01	  48	  48	7.407925e-01	3.534621e+01	2129	scram	scram_13.png	
IEV	   2	 258	   6	   0	4.466368e+01	  58	  58	6.893630e-01	3.973870e+01	2439	scram	scram_9.png	
IEV	   2	 259	   6	   0	5.285415e+01	 131	 131	4.070340e-01	5.313288e+01	3854	scram	scram_8.png	
IEV	   2	 260	   6	   0	5.973286e+01	  33	  33	8.313828e-01	2.726553e+01	1434	scram	scram_7.png	
IEV	   2	 261	   6	   0	6.789253e+01	 119	 119	4.272231e-01	5.070032e+01	3757	scram	scram_4.png	
IEV	   2	 262	   6	   0	7.590034e+01	 102	   0	4.904944e-01	4.987915e+01	3454	scram	scram_14.png	
IEV	   2	 263	   6	   0	8.190174e+01	  22	  22	8.654197e-01	1.895412e+01	1043	scram	scram_12.png	
IEV	   2	 264	   6	   0	8.887278e+01	  32	   0	8.139686e-01	2.578058e+01	1593	scram	scram_1.png	
IEV	   2	 265	   6	   0	9.536416e+01	  24	  24	8.793977e-01	2.131622e+01	 818	scram	scram_10.png	
IEV	   2	 266	   6	   0	1.011366e+02	  27	   0	8.696727e-01	2.358142e+01	 981	scram	scram_16.png	
IEV	   2	 267	   6	   0	1.074376e+02	  31	   0	8.267689e-01	2.526828e+01	1478	scram	scram_20.png	
IEV	   2	 268	   6	   0	1.147187e+02	  98	  98	4.963257e-01	4.863295e+01	3426	scram	scram_11.png	
IEV	   2	 269	   6	   0	1.209939e+02	  56	  56	6.584297e-01	3.711397e+01	2611	scram	scram_21.png	
IEV	   2	 270	   6	   0	1.289516e+02	  75	   0	5.934637e-01	4.427360e+01	2950	scram	scram_6.png	
IEV	   2	 271	   6	   0	1.360165e+02	  44	  44	7.657308e-01	3.335930e+01	1963	scram	scram_5.png	
IEV	   2	 272	   6	   0	1.426668e+02	  20	  20	8.836046e-01	1.801034e+01	 734	scram	scram_19.png	
IEV	   2	 273	   6	   0	1.496845e+02	  16	  16	8.864955e-01	1.398217e+01	 669	scram	scram_15.png	
IEV	   2	 274	   6	   0	1.567879e+02	  26	  26	8.649201e-01	2.248183e+01	1050	scram	scram_12.png	
IEV	   2	 275	   6	   0	1.631062e+02	  19	  19	8.765217e-01	1.648530e+01	 870	scram	scram_14.png	
IEV	   2	 276	   6	   0	1.699843e+02	  37	  37	7.622458e-01	2.830997e+01	1987	scram	scram_18.png	
IEV	   2	 277	   6	   0	1.773570e+02	  25	  25	8.807573e-01	2.198925e+01	 792	scram	scram_6.png	
IEV	   2	 278	   6	   0	1.843346e+02	  70	   0	6.239411e-01	4.377489e+01	2794	scram	scram_4.png	
IEV	   2	 279	   6	   0	1.905441e+02	  31	  31	8.297233e-01	2.578107e+01	1450	scram	scram_7.png	
IEV	   2	 280	   6	   0	1.982451e+02	  72	   0	6.164067e-01	4.420233e+01	2833	scram	scram_5.png	
IEV	   2	 281	   6	   0	2.045423e+02	  37	   0	7.566434e-01	2.804677e+01	2025	scram	scram_8.png	
IEV	   2	 282	   6	   0	2.117141e+02	  46	   0	7.365564e-01	3.419701e+01	2156	scram	scram_17.png	
IEV	   2	 283	   6	   0	2.174859e+02	  23	  23	8.702645e-01	2.001997e+01	 972	scram	scram_15.png	
IEV	   2	 284	   6	   0	2.246420e+02	  35	  35	8.156986e-01	2.886655e+01	1578	scram	scram_13.png	
IEV	   2	 285	   6	   0	2.308605e+02	  18	   0	8.938689e-01	1.618278e+01	 455	scram	scram_3.png	
IEV	   2	 286	   6	   0	2.374767e+02	  31	   0	8.286755e-01	2.589293e+01	1460	scram	scram_9.png	
IEV	   2	 287	   6	   0	2.442163e+02	  52	  52	7.119885e-01	3.676711e+01	2307	scram	scram_10.png	
IEV	   2	 288	   6	   0	2.500755e+02	  16	  16	8.920603e-01	1.385499e+01	 517	scram	scram_11.png	
IEV	   2	 289	   6	   0	2.563494e+02	  19	  19	8.701336e-01	1.655779e+01	 974	scram	scram_16.png	
IEV	   2	 290	   6	   0	2.618519e+02	  20	  20	8.933987e-01	1.806148e+01	 472	scram	scram_21.png	
IEV	   2	 291	   6	   0	2.687434e+02	  41	   0	7.872159e-01	3.231026e+01	1808	scram	scram_19.png	
IEV	   2	 292	   6	   0	2.751809e+02	  25	  25	8.747069e-01	2.200750e+01	 901	scram	scram_20.png	
IEV	   2	 293	   6	   0	2.816905e+02	  28	  28	8.651347e-01	2.418377e+01	1047	scram	scram_2.png	
IEV	   2	 294	   6	   0	2.884829e+02	  28	  28	8.121033e-01	2.272145e+01	1609	scram	scram_1.png	
CEV	   2	 295	   5	   0	3.584388e+02	  50	  50	8.015714e-01	4.020629e+01	 689	happy	happy_14.png	
CEV	   2	 296	   5	   0	3.636545e+02	  49	  49	8.065714e-01	3.941971e+01	 654	happy	happy_20.png	
CEV	   2	 297	   5	   0	3.689528e+02	  44	  44	8.628571e-01	3.786286e+01	 260	happy	happy_1.png	
CEV	   2	 298	   5	   0	3.751019e+02	  49	  49	6.800000e-01	3.360000e+01	1540	happy	happy_10.png	
CEV	   2	 299	   5	   0	3.820060e+02	  45	  45	8.098571e-01	3.619014e+01	 631	happy	happy_8.png	
CEV	   2	 300	   5	   0	3.897123e+02	 106	 106	3.480000e-01	  37	3864	happy	happy_21.png	
CEV	   2	 301	   5	   0	3.966465e+02	  53	  53	6.530000e-01	3.438800e+01	1729	happy	happy_16.png	
CEV	   2	 302	   5	   0	4.024825e+02	  42	  42	8.005714e-01	3.379771e+01	 696	happy	happy_6.png	
CEV	   2	 303	   5	   0	4.092058e+02	  45	  45	7.444286e-01	3.327786e+01	1089	happy	happy_19.png	
CEV	   2	 304	   5	   0	4.162119e+02	  44	  44	8.062857e-01	3.538743e+01	 656	happy	happy_4.png	
CEV	   2	 305	   5	   0	4.230753e+02	  49	  49	7.931429e-01	3.858629e+01	 748	happy	happy_11.png	
CEV	   2	 306	   5	   0	4.292096e+02	  46	  46	8.015714e-01	  37	 689	happy	happy_12.png	
CEV	   2	 307	   5	   0	4.348855e+02	  43	  43	7.898571e-01	3.384057e+01	 771	happy	happy_13.png	
CEV	   2	 308	   5	   0	4.412002e+02	  50	   0	8.030000e-01	4.021200e+01	 679	happy	happy_2.png	
CEV	   2	 309	   5	   0	4.470164e+02	  44	  44	8.068571e-01	3.538629e+01	 652	happy	happy_5.png	
CEV	   2	 310	   5	   0	4.538424e+02	  47	  47	8.041429e-01	3.780414e+01	 671	happy	happy_3.png	
CEV	   2	 311	   5	   0	4.604134e+02	  59	  59	6.211429e-01	3.637886e+01	1952	happy	happy_17.png	
CEV	   2	 312	   5	   0	4.677419e+02	  65	  65	6.037143e-01	3.941486e+01	2074	happy	happy_15.png	
CEV	   2	 313	   5	   0	4.743127e+02	  78	  78	4.485714e-01	3.520571e+01	3160	happy	happy_18.png	
CEV	   2	 314	   5	   0	4.813608e+02	  79	   0	4.508571e-01	3.564743e+01	3144	happy	happy_7.png	
CEV	   2	 315	   5	   0	4.873043e+02	  51	  51	7.420000e-01	3.774200e+01	1106	happy	happy_9.png	
CEV	   2	 316	   5	   0	4.942689e+02	  59	   0	6.772857e-01	3.970914e+01	1559	happy	happy_21.png	
CEV	   2	 317	   5	   0	5.003512e+02	  49	  49	7.891429e-01	3.857829e+01	 776	happy	happy_10.png	
CEV	   2	 318	   5	   0	5.065744e+02	  50	   0	8.051429e-01	4.022057e+01	 664	happy	happy_16.png	
CEV	   2	 319	   5	   0	5.133578e+02	  60	   0	6.738571e-01	4.036929e+01	1583	happy	happy_14.png	
CEV	   2	 320	   5	   0	5.194509e+02	  52	  52	7.567143e-01	3.927014e+01	1003	happy	happy_1.png	
CEV	   2	 321	   5	   0	5.260205e+02	  46	  46	7.591429e-01	3.472257e+01	 986	happy	happy_5.png	
CEV	   2	 322	   5	   0	5.335276e+02	  45	  45	7.520000e-01	3.399200e+01	1036	happy	happy_4.png	
CEV	   2	 323	   5	   0	5.397044e+02	  53	  53	7.574286e-01	4.002971e+01	 998	happy	happy_2.png	
CEV	   2	 324	   5	   0	5.467827e+02	  51	  51	7.017143e-01	3.559657e+01	1388	happy	happy_6.png	
CEV	   2	 325	   5	   0	5.536084e+02	  54	  54	6.895714e-01	  37	1473	happy	happy_17.png	
CEV	   2	 326	   5	   0	5.594146e+02	  48	   0	6.948571e-01	3.352571e+01	1436	happy	happy_9.png	
CEV	   2	 327	   5	   0	5.668434e+02	  73	   0	5.134286e-01	3.751343e+01	2706	happy	happy_20.png	
CEV	   2	 328	   5	   0	5.752259e+02	  93	   0	3.901429e-01	3.621971e+01	3569	happy	happy_3.png	
CEV	   2	 329	   5	   0	5.810964e+02	  41	  41	8.208571e-01	3.371657e+01	 554	happy	happy_7.png	
CEV	   2	 330	   5	   0	5.871037e+02	  55	  55	6.961429e-01	3.839229e+01	1427	happy	happy_12.png	
CEV	   2	 331	   5	   0	5.957748e+02	  98	  98	3.921429e-01	3.856857e+01	3555	happy	happy_11.png	
CEV	   2	 332	   5	   0	6.014209e+02	  51	  51	7.994286e-01	4.099714e+01	 704	happy	happy_8.png	
CEV	   2	 333	   5	   0	6.080474e+02	  48	   0	7.992857e-01	3.859857e+01	 705	happy	happy_13.png	
CEV	   2	 334	   5	   0	6.148394e+02	  45	  45	7.852857e-01	3.542943e+01	 803	happy	happy_18.png	
CEV	   2	 335	   5	   0	6.208082e+02	  47	  47	7.945714e-01	  37	 738	happy	happy_15.png	
CEV	   2	 336	   5	   0	6.270826e+02	  50	  50	7.928571e-01	3.937857e+01	 750	happy	happy_19.png	
CEVR	   2	 337	   4	   0	7.007926e+02	 145	   0	2.494222e-01	3.625173e+01	1108	scram	scram_12.png	
CEVR	   2	 338	   4	   0	7.079368e+02	  93	   0	3.816681e-01	3.547333e+01	2907	scram	scram_20.png	
CEVR	   2	 339	   4	   0	7.151596e+02	 159	 159	2.293253e-01	3.654135e+01	 653	scram	scram_6.png	
CEVR	   2	 340	   4	   0	7.217653e+02	 119	   0	3.026408e-01	3.609208e+01	2021	scram	scram_17.png	
CEVR	   2	 341	   4	   0	7.288719e+02	 119	   0	3.175576e-01	3.763512e+01	2222	scram	scram_19.png	
CEVR	   2	 342	   4	   0	7.359049e+02	  96	  96	4.004329e-01	3.860173e+01	3066	scram	scram_14.png	
CEVR	   2	 343	   4	   0	7.427378e+02	 151	   0	2.477995e-01	3.749560e+01	1074	scram	scram_3.png	
CEVR	   2	 344	   4	   0	7.490238e+02	 136	 136	2.742482e-01	3.727425e+01	1578	scram	scram_13.png	
CEVR	   2	 345	   4	   0	7.553364e+02	 140	   0	2.660777e-01	3.726608e+01	1433	scram	scram_7.png	
CEVR	   2	 346	   4	   0	7.614606e+02	 139	 139	2.585346e-01	3.596586e+01	1291	scram	scram_2.png	
CEVR	   2	 347	   4	   0	7.677896e+02	 159	 159	2.380515e-01	3.795221e+01	 860	scram	scram_11.png	
CEVR	   2	 348	   4	   0	7.758973e+02	  74	  74	4.832090e-01	3.555037e+01	3620	scram	scram_18.png	
CEVR	   2	 349	   4	   0	7.823203e+02	 126	 126	2.912076e-01	3.670879e+01	1853	scram	scram_21.png	
CEVR	   2	 350	   4	   0	7.902568e+02	  73	  73	5.340206e-01	3.913608e+01	3875	scram	scram_10.png	
CEVR	   2	 351	   4	   0	7.962576e+02	 136	   0	2.646638e-01	3.594134e+01	1407	scram	scram_9.png	
CEVR	   2	 352	   4	   0	8.017188e+02	 164	 164	2.250217e-01	  37	 545	scram	scram_5.png	
CEVR	   2	 353	   4	   0	8.082622e+02	 136	   0	2.815830e-01	3.840791e+01	1701	scram	scram_1.png	
CEVR	   2	 354	   4	   0	8.158191e+02	 106	 106	3.419593e-01	3.631608e+01	2513	scram	scram_4.png	
CEVR	   2	 355	   4	   0	8.217373e+02	 159	 159	2.303861e-01	3.653923e+01	 679	scram	scram_8.png	
CEVR	   2	 356	   4	   0	8.284772e+02	 166	   0	2.228532e-01	  37	 489	scram	scram_15.png	
CEVR	   2	 357	   4	   0	8.353217e+02	 156	 156	2.393715e-01	3.723937e+01	 890	scram	scram_16.png	
CEVR	   2	 358	   4	   0	8.420324e+02	 157	   0	2.292441e-01	3.608302e+01	 651	scram	scram_6.png	
CEVR	   2	 359	   4	   0	8.492483e+02	 143	   0	2.666255e-01	3.806650e+01	1443	scram	scram_7.png	
CEVR	   2	 360	   4	   0	8.554848e+02	 128	   0	2.803637e-01	3.587855e+01	1681	scram	scram_1.png	
CEVR	   2	 361	   4	   0	8.622471e+02	 152	   0	2.410199e-01	3.651796e+01	 927	scram	scram_16.png	
CEVR	   2	 362	   4	   0	8.685387e+02	 165	 165	2.265570e-01	3.745311e+01	 584	scram	scram_15.png	
CEVR	   2	 363	   4	   0	8.744616e+02	 151	   0	2.374404e-01	3.581280e+01	 846	scram	scram_10.png	
CEVR	   2	 364	   4	   0	8.813688e+02	 123	   0	3.027115e-01	3.730271e+01	2022	scram	scram_18.png	
CEVR	   2	 365	   4	   0	8.881444e+02	 132	   0	2.846780e-01	3.756936e+01	1751	scram	scram_8.png	
CEVR	   2	 366	   4	   0	8.946826e+02	 135	   0	2.800606e-01	3.784018e+01	1676	scram	scram_13.png	
CEVR	   2	 367	   4	   0	9.017994e+02	 141	   0	2.653145e-01	3.753063e+01	1419	scram	scram_20.png	
CEVR	   2	 368	   4	   0	9.088586e+02	 153	 153	2.405275e-01	3.675947e+01	 916	scram	scram_12.png	
CEVR	   2	 369	   4	   0	9.159710e+02	 125	   0	3.027115e-01	3.790813e+01	2022	scram	scram_17.png	
CEVR	   2	 370	   4	   0	9.220672e+02	 158	   0	2.349846e-01	3.723498e+01	 789	scram	scram_14.png	
CEVR	   2	 371	   4	   0	9.288213e+02	 103	 103	3.447817e-01	3.562087e+01	2544	scram	scram_3.png	
CEVR	   2	 372	   4	   0	9.354587e+02	 126	   0	2.925232e-01	  37	1873	scram	scram_21.png	
CEVR	   2	 373	   4	   0	9.418652e+02	 165	   0	2.291224e-01	3.791649e+01	 648	scram	scram_5.png	
CEVR	   2	 374	   4	   0	9.472473e+02	 165	 165	2.267554e-01	3.745351e+01	 589	scram	scram_19.png	
CEVR	   2	 375	   4	   0	9.538586e+02	 135	 135	2.653145e-01	3.593874e+01	1419	scram	scram_9.png	
CEVR	   2	 376	   4	   0	9.614247e+02	 110	   0	3.445065e-01	3.803352e+01	2541	scram	scram_4.png	
CEVR	   2	 377	   4	   0	9.675963e+02	 149	 149	2.510176e-01	3.750204e+01	1141	scram	scram_2.png	
CEVR	   2	 378	   4	   0	9.737379e+02	 157	 157	2.393715e-01	3.747874e+01	 890	scram	scram_11.png	
IEV	   2	 379	   3	   0	1.075563e+03	  16	  16	8.856393e-01	1.413061e+01	 689	fear	fear_17.png	
IEV	   2	 380	   3	   0	1.082278e+03	  35	  35	7.852155e-01	2.777342e+01	1823	fear	fear_9.png	
IEV	   2	 381	   3	   0	1.088976e+03	  21	  21	8.896652e-01	1.875220e+01	 588	fear	fear_11.png	
IEV	   2	 382	   3	   0	1.094604e+03	  24	  24	8.775969e-01	2.070845e+01	 851	fear	fear_12.png	
IEV	   2	 383	   3	   0	1.101022e+03	  32	   0	8.296189e-01	2.662186e+01	1451	fear	fear_8.png	
IEV	   2	 384	   3	   0	1.107687e+03	  22	  22	8.961279e-01	1.931191e+01	 361	fear	fear_10.png	
IEV	   2	 385	   3	   0	1.114346e+03	  24	  24	8.593176e-01	2.062643e+01	1125	fear	fear_14.png	
IEV	   2	 386	   3	   0	1.120565e+03	  20	  20	8.945255e-01	1.784184e+01	 430	fear	fear_4.png	
IEV	   2	 387	   3	   0	1.126778e+03	  40	  40	7.858842e-01	3.164064e+01	1818	fear	fear_21.png	
IEV	   2	 388	   3	   0	1.133869e+03	  18	  18	8.817181e-01	1.566916e+01	 773	fear	fear_2.png	
IEV	   2	 389	   3	   0	1.140409e+03	  27	  27	8.635440e-01	2.352583e+01	1069	fear	fear_18.png	
IEV	   2	 390	   3	   0	1.146618e+03	  16	  16	8.999564e-01	1.412041e+01	  22	fear	fear_6.png	
IEV	   2	 391	   3	   0	1.151751e+03	  15	  15	8.937326e-01	1.352832e+01	 460	fear	fear_7.png	
IEV	   2	 392	   3	   0	1.157919e+03	  17	  17	8.991694e-01	1.509823e+01	 158	fear	fear_5.png	
IEV	   2	 393	   3	   0	1.164624e+03	  20	  20	8.999612e-01	1.772164e+01	  20	fear	fear_15.png	
IEV	   2	 394	   3	   0	1.170706e+03	  15	  15	8.988127e-01	1.336969e+01	 193	fear	fear_13.png	
IEV	   2	 395	   3	   0	1.176105e+03	  17	  17	8.987101e-01	1.518797e+01	 202	fear	fear_20.png	
IEV	   2	 396	   3	   0	1.182749e+03	  24	  24	8.618390e-01	2.029759e+01	1092	fear	fear_1.png	
IEV	   2	 397	   3	   0	1.189203e+03	  28	  28	8.206691e-01	2.262670e+01	1534	fear	fear_19.png	
IEV	   2	 398	   3	   0	1.195692e+03	  16	  16	8.955598e-01	1.405296e+01	 387	fear	fear_3.png	
IEV	   2	 399	   3	   0	1.201824e+03	  22	  22	8.998685e-01	1.950849e+01	  50	fear	fear_16.png	
IEV	   2	 400	   3	   0	1.209073e+03	  73	   0	6.027385e-01	4.375416e+01	2903	fear	fear_10.png	
IEV	   2	 401	   3	   0	1.216188e+03	  16	  16	8.983623e-01	1.436111e+01	 230	fear	fear_15.png	
IEV	   2	 402	   3	   0	1.222468e+03	  21	   0	8.579841e-01	1.822397e+01	1142	fear	fear_7.png	
IEV	   2	 403	   3	   0	1.229836e+03	 114	 114	4.345253e-01	4.953044e+01	3722	fear	fear_6.png	
IEV	   2	 404	   3	   0	1.237491e+03	 118	   0	4.412070e-01	5.188444e+01	3690	fear	fear_21.png	
IEV	   2	 405	   3	   0	1.242884e+03	  20	  20	8.988893e-01	1.784872e+01	 186	fear	fear_20.png	
IEV	   2	 406	   3	   0	1.249739e+03	  54	  54	6.791069e-01	3.633804e+01	2497	fear	fear_3.png	
IEV	   2	 407	   3	   0	1.257918e+03	 122	   0	4.274316e-01	5.197410e+01	3756	fear	fear_1.png	
IEV	   2	 408	   3	   0	1.264227e+03	  17	  17	8.985910e-01	1.521226e+01	 212	fear	fear_18.png	
IEV	   2	 409	   3	   0	1.269830e+03	  22	  22	8.539252e-01	1.874849e+01	1192	fear	fear_9.png	
IEV	   2	 410	   3	   0	1.277104e+03	  67	   0	6.359812e-01	4.244069e+01	2731	fear	fear_2.png	
IEV	   2	 411	   3	   0	1.284537e+03	  57	  57	6.515793e-01	3.693080e+01	2648	fear	fear_16.png	
IEV	   2	 412	   3	   0	1.291426e+03	  54	  54	6.681256e-01	3.577142e+01	2558	fear	fear_14.png	
IEV	   2	 413	   3	   0	1.297725e+03	  16	  16	8.999704e-01	1.412483e+01	  16	fear	fear_11.png	
IEV	   2	 414	   3	   0	1.304951e+03	 128	   0	4.111896e-01	5.257600e+01	3834	fear	fear_8.png	
IEV	   2	 415	   3	   0	1.311822e+03	  41	  41	7.390726e-01	3.030466e+01	2140	fear	fear_19.png	
IEV	   2	 416	   3	   0	1.317947e+03	  18	  18	8.777084e-01	1.542554e+01	 849	fear	fear_13.png	
IEV	   2	 417	   3	   0	1.324019e+03	  21	  21	8.600910e-01	1.794594e+01	1115	fear	fear_5.png	
IEV	   2	 418	   3	   0	1.331502e+03	  69	  69	5.942560e-01	4.125836e+01	2946	fear	fear_17.png	
IEV	   2	 419	   3	   0	1.339477e+03	 116	 116	4.324382e-01	5.005357e+01	3732	fear	fear_12.png	
IEV	   2	 420	   3	   0	1.347546e+03	 114	 114	4.357778e-01	4.947581e+01	3716	fear	fear_4.png	
DEV	   2	 421	   2	   0	1.430692e+03	  89	   0	2.782808e-01	2.465741e+01	4025	happy	happy_6.png	
DEV	   2	 422	   2	   0	1.437656e+03	  70	  70	8.084312e-01	5.690753e+01	 332	happy	happy_14.png	
DEV	   2	 423	   2	   0	1.443435e+03	  67	  67	7.983497e-01	5.329314e+01	 370	happy	happy_4.png	
DEV	   2	 424	   2	   0	1.449594e+03	  75	  75	7.569234e-01	5.688105e+01	 530	happy	happy_9.png	
DEV	   2	 425	   2	   0	1.455335e+03	  72	  72	7.671202e-01	5.509234e+01	 490	happy	happy_21.png	
DEV	   2	 426	   2	   0	1.461687e+03	  66	  66	8.204842e-01	5.410823e+01	 287	happy	happy_8.png	
DEV	   2	 427	   2	   0	1.468435e+03	  71	  71	8.813413e-01	6.293819e+01	  66	happy	happy_1.png	
DEV	   2	 428	   2	   0	1.474535e+03	  64	  64	8.968762e-01	5.710117e+01	  11	happy	happy_12.png	
DEV	   2	 429	   2	   0	1.480335e+03	  62	  62	8.968762e-01	5.530742e+01	  11	happy	happy_15.png	
DEV	   2	 430	   2	   0	1.486785e+03	  68	   0	8.239888e-01	5.587807e+01	 274	happy	happy_5.png	
DEV	   2	 431	   2	   0	1.492930e+03	  68	  68	8.164530e-01	5.559843e+01	 302	happy	happy_13.png	
DEV	   2	 432	   2	   0	1.498786e+03	  64	  64	8.757281e-01	5.575723e+01	  86	happy	happy_16.png	
DEV	   2	 433	   2	   0	1.505125e+03	  64	  64	8.746079e-01	5.573030e+01	  90	happy	happy_11.png	
DEV	   2	 434	   2	   0	1.510553e+03	  72	  72	8.372866e-01	6.053409e+01	 225	happy	happy_19.png	
DEV	   2	 435	   2	   0	1.516249e+03	  70	  70	8.435756e-01	5.908922e+01	 202	happy	happy_20.png	
DEV	   2	 436	   2	   0	1.522588e+03	  68	  68	8.337452e-01	5.705943e+01	 238	happy	happy_10.png	
DEV	   2	 437	   2	   0	1.529434e+03	  75	  75	6.703548e-01	5.008549e+01	 890	happy	happy_18.png	
DEV	   2	 438	   2	   0	1.535365e+03	  67	  67	8.275032e-01	5.517770e+01	 261	happy	happy_3.png	
DEV	   2	 439	   2	   0	1.541704e+03	  68	  68	8.194079e-01	5.570921e+01	 291	happy	happy_7.png	
DEV	   2	 440	   2	   0	1.547228e+03	  69	  69	8.391975e-01	5.809091e+01	 218	happy	happy_17.png	
DEV	   2	 441	   2	   0	1.552987e+03	  68	  68	8.121679e-01	5.543529e+01	 318	happy	happy_2.png	
DEV	   2	 442	   2	   0	1.558890e+03	  66	  66	7.867900e-01	5.205176e+01	 414	happy	happy_18.png	
DEV	   2	 443	   2	   0	1.566100e+03	  70	  70	7.433333e-01	5.171917e+01	 584	happy	happy_19.png	
DEV	   2	 444	   2	   0	1.571922e+03	  73	   0	7.766485e-01	5.630797e+01	 453	happy	happy_3.png	
DEV	   2	 445	   2	   0	1.577322e+03	  76	  76	7.381038e-01	5.590367e+01	 605	happy	happy_20.png	
DEV	   2	 446	   2	   0	1.583196e+03	  68	   0	7.554034e-01	5.151576e+01	 536	happy	happy_15.png	
DEV	   2	 447	   2	   0	1.589936e+03	  74	  74	7.676329e-01	5.665151e+01	 488	happy	happy_12.png	
DEV	   2	 448	   2	   0	1.596890e+03	  73	  73	7.663516e-01	5.582279e+01	 493	happy	happy_6.png	
DEV	   2	 449	   2	   0	1.602199e+03	  72	  72	7.941319e-01	5.710012e+01	 386	happy	happy_16.png	
DEV	   2	 450	   2	   0	1.607943e+03	  66	  66	8.188701e-01	5.405141e+01	 293	happy	happy_14.png	
DEV	   2	 451	   2	   0	1.614012e+03	  70	  70	8.626159e-01	6.059906e+01	 133	happy	happy_10.png	
DEV	   2	 452	   2	   0	1.619380e+03	  66	  66	8.121679e-01	5.381096e+01	 318	happy	happy_7.png	
DEV	   2	 453	   2	   0	1.626324e+03	  73	  73	8.321139e-01	6.032931e+01	 244	happy	happy_4.png	
DEV	   2	 454	   2	   0	1.631568e+03	  71	  71	8.186013e-01	5.813491e+01	 294	happy	happy_21.png	
DEV	   2	 455	   2	   0	1.637138e+03	  72	  72	8.665099e-01	6.245876e+01	 119	happy	happy_8.png	
DEV	   2	 456	   2	   0	1.642280e+03	  71	  71	8.293997e-01	5.856112e+01	 254	happy	happy_17.png	
DEV	   2	 457	   2	   0	1.648099e+03	  71	  71	8.383782e-01	5.973830e+01	 221	happy	happy_13.png	
DEV	   2	 458	   2	   0	1.654345e+03	  65	  65	8.250691e-01	5.344217e+01	 270	happy	happy_11.png	
DEV	   2	 459	   2	   0	1.660292e+03	  67	  67	8.250691e-01	5.509231e+01	 270	happy	happy_1.png	
DEV	   2	 460	   2	   0	1.666236e+03	  68	  68	8.293997e-01	5.607293e+01	 254	happy	happy_9.png	
DEV	   2	 461	   2	   0	1.672496e+03	  66	  66	8.218309e-01	5.415530e+01	 282	happy	happy_5.png	
DEV	   2	 462	   2	   0	1.678535e+03	  63	   0	8.340172e-01	5.289907e+01	 237	happy	happy_2.png	
CEV	   2	 463	   1	   0	1.748043e+03	  47	   0	8.184286e-01	3.863686e+01	 571	fear	fear_5.png	
CEV	   2	 464	   1	   0	1.754996e+03	  42	   0	8.280000e-01	3.451600e+01	 504	fear	fear_11.png	
CEV	   2	 465	   1	   0	1.763637e+03	 102	   0	3.738571e-01	3.812157e+01	3683	fear	fear_8.png	
CEV	   2	 466	   1	   0	1.770919e+03	  68	  68	5.335714e-01	3.646643e+01	2565	fear	fear_21.png	
CEV	   2	 467	   1	   0	1.777737e+03	  70	  70	5.554286e-01	3.866629e+01	2412	fear	fear_4.png	
CEV	   2	 468	   1	   0	1.784732e+03	  62	   0	5.604286e-01	3.475829e+01	2377	fear	fear_9.png	
CEV	   2	 469	   1	   0	1.792241e+03	  68	   0	5.568571e-01	3.811371e+01	2402	fear	fear_17.png	
CEV	   2	 470	   1	   0	1.798100e+03	  44	  44	8.565714e-01	3.785657e+01	 304	fear	fear_16.png	
CEV	   2	 471	   1	   0	1.804085e+03	  46	   0	7.920000e-01	3.620800e+01	 756	fear	fear_2.png	
CEV	   2	 472	   1	   0	1.811162e+03	  67	   0	5.385714e-01	3.592286e+01	2530	fear	fear_10.png	
CEV	   2	 473	   1	   0	1.819138e+03	 103	   0	3.710000e-01	3.811300e+01	3703	fear	fear_19.png	
CEV	   2	 474	   1	   0	1.824776e+03	  46	  46	8.074286e-01	  37	 648	fear	fear_6.png	
CEV	   2	 475	   1	   0	1.831220e+03	  49	  49	8.351429e-01	4.117571e+01	 454	fear	fear_13.png	
CEV	   2	 476	   1	   0	1.837517e+03	  40	   0	8.455714e-01	3.361771e+01	 381	fear	fear_7.png	
CEV	   2	 477	   1	   0	1.842763e+03	  45	  45	8.360000e-01	3.783600e+01	 448	fear	fear_1.png	
CEV	   2	 478	   1	   0	1.848921e+03	  51	  51	7.991429e-01	4.099571e+01	 706	fear	fear_14.png	
CEV	   2	 479	   1	   0	1.855713e+03	  49	  49	7.920000e-01	3.858400e+01	 756	fear	fear_20.png	
CEV	   2	 480	   1	   0	1.861281e+03	  42	  42	8.525714e-01	3.614743e+01	 332	fear	fear_18.png	
CEV	   2	 481	   1	   0	1.867525e+03	  39	  39	8.378571e-01	3.281071e+01	 435	fear	fear_15.png	
CEV	   2	 482	   1	   0	1.873551e+03	  42	  42	8.145714e-01	3.455629e+01	 598	fear	fear_12.png	
CEV	   2	 483	   1	   0	1.880758e+03	  46	   0	7.924286e-01	3.620757e+01	 753	fear	fear_3.png	
CEV	   2	 484	   1	   0	1.887435e+03	  47	  47	8.260000e-01	3.865200e+01	 518	fear	fear_2.png	
CEV	   2	 485	   1	   0	1.893998e+03	  43	   0	7.980000e-01	3.460600e+01	 714	fear	fear_3.png	
CEV	   2	 486	   1	   0	1.900539e+03	  41	   0	8.668571e-01	3.526629e+01	 232	fear	fear_19.png	
CEV	   2	 487	   1	   0	1.907507e+03	  66	  66	5.397143e-01	3.538086e+01	2522	fear	fear_20.png	
CEV	   2	 488	   1	   0	1.913309e+03	  41	  41	8.210000e-01	3.371600e+01	 553	fear	fear_13.png	
CEV	   2	 489	   1	   0	1.919110e+03	  42	  42	8.175714e-01	3.454729e+01	 577	fear	fear_18.png	
CEV	   2	 490	   1	   0	1.924561e+03	  48	  48	8.065714e-01	3.861314e+01	 654	fear	fear_16.png	
CEV	   2	 491	   1	   0	1.930908e+03	  47	  47	8.302857e-01	3.866057e+01	 488	fear	fear_7.png	
CEV	   2	 492	   1	   0	1.937488e+03	  46	  46	8.281429e-01	3.782814e+01	 503	fear	fear_5.png	
CEV	   2	 493	   1	   0	1.943302e+03	  49	  49	8.182857e-01	4.027314e+01	 572	fear	fear_14.png	
CEV	   2	 494	   1	   0	1.949080e+03	  45	  45	8.520000e-01	3.870400e+01	 336	fear	fear_15.png	
CEV	   2	 495	   1	   0	1.954926e+03	  43	  43	8.374286e-01	3.616257e+01	 438	fear	fear_17.png	
CEV	   2	 496	   1	   0	1.961207e+03	  46	  46	8.211429e-01	3.782114e+01	 552	fear	fear_12.png	
CEV	   2	 497	   1	   0	1.967024e+03	  42	  42	8.462857e-01	3.530743e+01	 376	fear	fear_11.png	
CEV	   2	 498	   1	   0	1.972357e+03	  44	  44	8.352857e-01	  37	 453	fear	fear_9.png	
CEV	   2	 499	   1	   0	1.978591e+03	  47	   0	8.401429e-01	3.952043e+01	 419	fear	fear_6.png	
CEV	   2	 500	   1	   0	1.984989e+03	  39	  39	8.485714e-01	3.275714e+01	 360	fear	fear_1.png	
CEV	   2	 501	   1	   0	1.991169e+03	  39	  39	8.515714e-01	3.359371e+01	 339	fear	fear_21.png	
CEV	   2	 502	   1	   0	1.997221e+03	  50	  50	8.312857e-01	4.115643e+01	 481	fear	fear_8.png	
CEV	   2	 503	   1	   0	2.003582e+03	  48	  48	8.354286e-01	4.034171e+01	 452	fear	fear_4.png	
CEV	   2	 504	   1	   0	2.009612e+03	  46	  46	8.427143e-01	3.868543e+01	 401	fear	fear_10.png	
