#Subj:	10895
#Run:	1
#Age:	20
#Gender:	female
#27-Mar-2013
Func	Run	Trial	Block	Null	trialStartTime	Mag	ScoreInc	Freq	EV	RT	Emotion	Image
CEV	   1	   1	  12	   0	1.251579e+02	  62	   0	6.208571e-01	3.824171e+01	1954	scram	scram_16.png	
CEV	   1	   2	  12	   0	1.313729e+02	  46	  46	8.354286e-01	3.867086e+01	 452	scram	scram_8.png	
CEV	   1	   3	  12	   0	1.393927e+02	  97	  97	3.890000e-01	3.777800e+01	3577	scram	scram_15.png	
CEV	   1	   4	  12	   0	1.463599e+02	 102	 102	3.708571e-01	3.774171e+01	3704	scram	scram_12.png	
CEV	   1	   5	  12	   0	1.532591e+02	  44	  44	7.970000e-01	3.540600e+01	 721	scram	scram_3.png	
CEV	   1	   6	  12	   0	1.598696e+02	  49	   0	7.014286e-01	3.419429e+01	1390	scram	scram_2.png	
CEV	   1	   7	  12	   0	1.670165e+02	  73	  73	5.204286e-01	3.804086e+01	2657	scram	scram_5.png	
CEV	   1	   8	  12	   0	1.743918e+02	  82	  82	4.825714e-01	3.941286e+01	2922	scram	scram_18.png	
CEV	   1	   9	  12	   0	1.816754e+02	  93	  93	3.947143e-01	3.660529e+01	3537	scram	scram_7.png	
CEV	   1	  10	  12	   0	1.887235e+02	  64	   0	6.048571e-01	3.881457e+01	2066	scram	scram_21.png	
CEV	   1	  11	  12	   0	1.968795e+02	  77	   0	4.598571e-01	3.562043e+01	3081	scram	scram_6.png	
CEV	   1	  12	  12	   0	2.038354e+02	  67	   0	5.455714e-01	3.645443e+01	2481	scram	scram_19.png	
CEV	   1	  13	  12	   0	2.116399e+02	 105	   0	3.602857e-01	3.772057e+01	3778	scram	scram_9.png	
CEV	   1	  14	  12	   0	2.177176e+02	  41	  41	8.540000e-01	3.529200e+01	 322	scram	scram_20.png	
CEV	   1	  15	  12	   0	2.236550e+02	  51	  51	7.512857e-01	3.850257e+01	1041	scram	scram_17.png	
CEV	   1	  16	  12	   0	2.299470e+02	  41	  41	8.212857e-01	3.371486e+01	 551	scram	scram_11.png	
CEV	   1	  17	  12	   0	2.355694e+02	  60	  60	6.698571e-01	4.034929e+01	1611	scram	scram_14.png	
CEV	   1	  18	  12	   0	2.416435e+02	  63	  63	5.978571e-01	3.759786e+01	2115	scram	scram_10.png	
CEV	   1	  19	  12	   0	2.491525e+02	  77	  77	5.022857e-01	3.850686e+01	2784	scram	scram_13.png	
CEV	   1	  20	  12	   0	2.575810e+02	  90	   0	4.111429e-01	  37	3422	scram	scram_1.png	
CEV	   1	  21	  12	   0	2.645067e+02	  64	   0	6.118571e-01	3.944743e+01	2017	scram	scram_4.png	
CEV	   1	  22	  12	   0	2.710622e+02	  54	  54	6.891429e-01	  37	1476	scram	scram_12.png	
CEV	   1	  23	  12	   0	2.780382e+02	  64	  64	5.405714e-01	3.483771e+01	2516	scram	scram_3.png	
CEV	   1	  24	  12	   0	2.855960e+02	  56	  56	6.938571e-01	3.908157e+01	1443	scram	scram_2.png	
CEV	   1	  25	  12	   0	2.933746e+02	  84	  84	4.542857e-01	3.836286e+01	3120	scram	scram_11.png	
CEV	   1	  26	  12	   0	3.003208e+02	 102	 102	3.777143e-01	3.851086e+01	3656	scram	scram_9.png	
CEV	   1	  27	  12	   0	3.075643e+02	  88	  88	4.071429e-01	3.577857e+01	3450	scram	scram_5.png	
CEV	   1	  28	  12	   0	3.157013e+02	 106	   0	3.518571e-01	3.735186e+01	3837	scram	scram_21.png	
CEV	   1	  29	  12	   0	3.215986e+02	  44	   0	8.205714e-01	3.617943e+01	 556	scram	scram_20.png	
CEV	   1	  30	  12	   0	3.297104e+02	  95	   0	3.940000e-01	3.739400e+01	3542	scram	scram_19.png	
CEV	   1	  31	  12	   0	3.366233e+02	  57	  57	7.018571e-01	3.980743e+01	1387	scram	scram_10.png	
CEV	   1	  32	  12	   0	3.428346e+02	  60	   0	6.452857e-01	3.893586e+01	1783	scram	scram_8.png	
CEV	   1	  33	  12	   0	3.490067e+02	  67	   0	5.422857e-01	3.645771e+01	2504	scram	scram_6.png	
CEV	   1	  34	  12	   0	3.558138e+02	  74	  74	4.752857e-01	3.509886e+01	2973	scram	scram_14.png	
CEV	   1	  35	  12	   0	3.627358e+02	  70	   0	5.280000e-01	  37	2604	scram	scram_15.png	
CEV	   1	  36	  12	   0	3.689218e+02	  58	  58	6.812857e-01	3.972514e+01	1531	scram	scram_7.png	
CEV	   1	  37	  12	   0	3.757619e+02	  57	  57	6.658571e-01	3.766586e+01	1639	scram	scram_4.png	
CEV	   1	  38	  12	   0	3.827098e+02	  51	  51	6.637143e-01	3.368143e+01	1654	scram	scram_18.png	
CEV	   1	  39	  12	   0	3.883198e+02	  52	   0	6.745714e-01	3.497629e+01	1578	scram	scram_16.png	
CEV	   1	  40	  12	   0	3.956943e+02	  52	  52	6.847143e-01	3.563057e+01	1507	scram	scram_13.png	
CEV	   1	  41	  12	   0	4.025517e+02	  53	  53	6.621429e-01	3.501357e+01	1665	scram	scram_1.png	
CEV	   1	  42	  12	   0	4.092856e+02	  59	   0	6.108571e-01	3.577829e+01	2024	scram	scram_17.png	
DEV	   1	  43	  11	   0	4.834336e+02	  81	   0	4.596327e-01	3.734089e+01	2063	fear	fear_7.png	
DEV	   1	  44	  11	   0	4.908184e+02	  83	  83	3.170972e-01	2.647448e+01	3526	fear	fear_13.png	
DEV	   1	  45	  11	   0	4.972753e+02	  71	   0	6.751353e-01	4.765236e+01	 869	fear	fear_18.png	
DEV	   1	  46	  11	   0	5.041508e+02	  80	   0	3.185592e-01	2.562651e+01	3507	fear	fear_16.png	
DEV	   1	  47	  11	   0	5.106642e+02	  78	   0	5.002146e-01	3.910087e+01	1782	fear	fear_11.png	
DEV	   1	  48	  11	   0	5.178059e+02	  77	   0	3.936513e-01	3.035338e+01	2630	fear	fear_6.png	
DEV	   1	  49	  11	   0	5.246955e+02	  79	   0	3.320783e-01	2.624171e+01	3333	fear	fear_17.png	
DEV	   1	  50	  11	   0	5.313370e+02	  74	   0	4.632832e-01	3.434899e+01	2036	fear	fear_9.png	
DEV	   1	  51	  11	   0	5.366586e+02	  73	   0	7.912416e-01	5.776328e+01	 397	fear	fear_10.png	
DEV	   1	  52	  11	   0	5.430190e+02	  71	  71	6.299659e-01	4.460784e+01	1074	fear	fear_21.png	
DEV	   1	  53	  11	   0	5.500712e+02	  73	   0	6.335835e-01	4.607016e+01	1057	fear	fear_12.png	
DEV	   1	  54	  11	   0	5.571139e+02	  78	   0	4.631471e-01	3.619318e+01	2037	fear	fear_15.png	
DEV	   1	  55	  11	   0	5.647979e+02	  78	  78	3.848874e-01	3.016403e+01	2719	fear	fear_2.png	
DEV	   1	  56	  11	   0	5.718448e+02	  78	  78	3.730663e-01	2.899954e+01	2845	fear	fear_8.png	
DEV	   1	  57	  11	   0	5.792214e+02	  87	   0	3.342860e-01	2.906716e+01	3305	fear	fear_1.png	
DEV	   1	  58	  11	   0	5.873582e+02	  84	  84	2.940819e-01	2.475397e+01	3825	fear	fear_4.png	
DEV	   1	  59	  11	   0	5.941129e+02	  83	   0	4.603049e-01	3.830777e+01	2058	fear	fear_20.png	
DEV	   1	  60	  11	   0	6.018994e+02	  81	   0	3.489753e-01	2.843727e+01	3123	fear	fear_3.png	
DEV	   1	  61	  11	   0	6.082946e+02	  79	  79	4.494989e-01	3.529267e+01	2140	fear	fear_14.png	
DEV	   1	  62	  11	   0	6.157125e+02	  81	  81	3.125657e-01	2.520178e+01	3585	fear	fear_19.png	
DEV	   1	  63	  11	   0	6.233700e+02	  78	  78	4.111442e-01	3.190181e+01	2463	fear	fear_5.png	
DEV	   1	  64	  11	   0	6.302861e+02	  80	  80	3.987392e-01	3.188159e+01	2580	fear	fear_3.png	
DEV	   1	  65	  11	   0	6.377064e+02	  86	   0	3.602877e-01	3.103198e+01	2989	fear	fear_1.png	
DEV	   1	  66	  11	   0	6.462943e+02	  84	   0	3.019692e-01	2.534902e+01	3723	fear	fear_19.png	
DEV	   1	  67	  11	   0	6.537583e+02	  77	   0	4.580266e-01	3.539816e+01	2075	fear	fear_7.png	
DEV	   1	  68	  11	   0	6.606804e+02	  73	  73	6.513606e-01	4.770284e+01	 975	fear	fear_9.png	
DEV	   1	  69	  11	   0	6.680032e+02	  84	   0	3.817279e-01	3.224345e+01	2752	fear	fear_16.png	
DEV	   1	  70	  11	   0	6.756180e+02	  76	  76	4.715803e-01	3.580274e+01	1976	fear	fear_4.png	
DEV	   1	  71	  11	   0	6.822467e+02	  80	  80	3.111079e-01	2.478690e+01	3604	fear	fear_10.png	
DEV	   1	  72	  11	   0	6.890338e+02	  87	   0	3.177126e-01	2.779069e+01	3518	fear	fear_21.png	
DEV	   1	  73	  11	   0	6.960426e+02	  82	  82	3.807797e-01	3.141281e+01	2762	fear	fear_17.png	
DEV	   1	  74	  11	   0	7.032974e+02	  81	   0	3.071950e-01	2.481853e+01	3655	fear	fear_5.png	
DEV	   1	  75	  11	   0	7.106330e+02	  82	  82	4.660204e-01	3.824590e+01	2016	fear	fear_6.png	
DEV	   1	  76	  11	   0	7.180976e+02	  70	  70	6.301781e-01	4.398913e+01	1073	fear	fear_12.png	
DEV	   1	  77	  11	   0	7.247942e+02	  84	   0	3.478207e-01	2.905153e+01	3137	fear	fear_20.png	
DEV	   1	  78	  11	   0	7.316298e+02	  80	  80	4.661580e-01	3.732316e+01	2015	fear	fear_8.png	
DEV	   1	  79	  11	   0	7.390064e+02	  79	  79	4.552399e-01	3.612759e+01	2096	fear	fear_11.png	
DEV	   1	  80	  11	   0	7.446159e+02	  77	  77	6.194618e-01	4.775299e+01	1124	fear	fear_18.png	
DEV	   1	  81	  11	   0	7.520798e+02	  84	  84	3.541480e-01	2.986332e+01	3061	fear	fear_2.png	
DEV	   1	  82	  11	   0	7.595938e+02	  82	   0	3.451985e-01	2.817080e+01	3169	fear	fear_13.png	
DEV	   1	  83	  11	   0	7.656207e+02	  79	  79	5.662742e-01	4.500086e+01	1394	fear	fear_14.png	
DEV	   1	  84	  11	   0	7.730672e+02	  86	   0	3.743483e-01	3.207916e+01	2831	fear	fear_15.png	
IEV	   1	  85	  10	   0	8.423789e+02	  47	  47	7.272930e-01	3.418389e+01	2214	happy	happy_19.png	
IEV	   1	  86	  10	   0	8.496511e+02	  75	  75	5.767101e-01	4.345594e+01	3034	happy	happy_18.png	
IEV	   1	  87	  10	   0	8.554105e+02	  24	  24	8.643442e-01	2.082890e+01	1058	happy	happy_12.png	
IEV	   1	  88	  10	   0	8.632560e+02	  45	   0	7.558986e-01	3.415974e+01	2030	happy	happy_14.png	
IEV	   1	  89	  10	   0	8.703113e+02	  69	  69	6.131040e-01	4.254813e+01	2850	happy	happy_17.png	
IEV	   1	  90	  10	   0	8.773524e+02	 100	   0	4.973662e-01	4.957999e+01	3421	happy	happy_5.png	
IEV	   1	  91	  10	   0	8.840821e+02	  40	   0	7.606347e-01	3.073455e+01	1998	happy	happy_8.png	
IEV	   1	  92	  10	   0	8.906991e+02	  33	  33	8.377137e-01	2.742209e+01	1371	happy	happy_13.png	
IEV	   1	  93	  10	   0	8.981618e+02	  55	  55	6.849650e-01	3.797485e+01	2464	happy	happy_6.png	
IEV	   1	  94	  10	   0	9.056433e+02	  67	  67	6.033280e-01	4.070415e+01	2900	happy	happy_15.png	
IEV	   1	  95	  10	   0	9.132862e+02	  97	  97	4.969500e-01	4.810740e+01	3423	happy	happy_2.png	
IEV	   1	  96	  10	   0	9.207563e+02	  81	  81	5.680536e-01	4.621285e+01	3077	happy	happy_7.png	
IEV	   1	  97	  10	   0	9.271670e+02	  26	  26	8.389796e-01	2.141157e+01	1358	happy	happy_4.png	
IEV	   1	  98	  10	   0	9.339839e+02	  23	  23	8.557363e-01	1.937192e+01	1170	happy	happy_10.png	
IEV	   1	  99	  10	   0	9.402089e+02	  16	   0	8.955824e-01	1.404829e+01	 386	happy	happy_21.png	
IEV	   1	 100	  10	   0	9.471604e+02	  29	  29	8.311765e-01	2.396266e+01	1436	happy	happy_20.png	
IEV	   1	 101	  10	   0	9.540218e+02	  28	   0	8.643442e-01	2.428628e+01	1058	happy	happy_9.png	
IEV	   1	 102	  10	   0	9.619631e+02	  75	  75	5.801180e-01	4.326276e+01	3017	happy	happy_16.png	
IEV	   1	 103	  10	   0	9.689634e+02	  62	  62	6.352217e-01	3.930995e+01	2735	happy	happy_3.png	
IEV	   1	 104	  10	   0	9.758565e+02	  79	  79	5.694663e-01	4.500106e+01	3070	happy	happy_11.png	
IEV	   1	 105	  10	   0	9.830207e+02	  35	  35	8.059003e-01	2.820134e+01	1661	happy	happy_1.png	
IEV	   1	 106	  10	   0	9.898018e+02	  41	  41	7.465174e-01	3.042336e+01	2092	happy	happy_21.png	
IEV	   1	 107	  10	   0	9.972372e+02	  51	  51	6.956344e-01	3.514451e+01	2403	happy	happy_10.png	
IEV	   1	 108	  10	   0	1.003978e+03	  41	  41	7.582757e-01	3.093524e+01	2014	happy	happy_8.png	
IEV	   1	 109	  10	   0	1.010291e+03	  69	  69	5.920760e-01	4.079798e+01	2957	happy	happy_1.png	
IEV	   1	 110	  10	   0	1.017887e+03	  84	  84	5.585359e-01	4.669791e+01	3124	happy	happy_9.png	
IEV	   1	 111	  10	   0	1.025134e+03	 129	   0	4.128530e-01	5.334126e+01	3826	happy	happy_11.png	
IEV	   1	 112	  10	   0	1.032273e+03	  42	  42	7.588672e-01	3.164391e+01	2010	happy	happy_19.png	
IEV	   1	 113	  10	   0	1.039759e+03	  99	  99	4.804843e-01	4.742336e+01	3502	happy	happy_2.png	
IEV	   1	 114	  10	   0	1.047283e+03	  79	  79	5.881025e-01	4.633349e+01	2977	happy	happy_5.png	
IEV	   1	 115	  10	   0	1.054081e+03	  91	  91	5.172921e-01	4.713299e+01	3325	happy	happy_6.png	
IEV	   1	 116	  10	   0	1.061387e+03	 104	   0	4.719239e-01	4.924767e+01	3543	happy	happy_20.png	
IEV	   1	 117	  10	   0	1.067187e+03	  27	  27	8.590840e-01	2.323384e+01	1128	happy	happy_13.png	
IEV	   1	 118	  10	   0	1.073161e+03	  19	   0	8.861566e-01	1.669964e+01	 677	happy	happy_18.png	
IEV	   1	 119	  10	   0	1.079811e+03	  25	   0	8.321023e-01	2.053241e+01	1427	happy	happy_7.png	
IEV	   1	 120	  10	   0	1.086762e+03	  46	   0	7.557494e-01	3.492746e+01	2031	happy	happy_17.png	
IEV	   1	 121	  10	   0	1.094432e+03	  92	  92	4.981985e-01	4.605604e+01	3417	happy	happy_4.png	
IEV	   1	 122	  10	   0	1.101706e+03	  98	   0	4.863254e-01	4.762665e+01	3474	happy	happy_14.png	
IEV	   1	 123	  10	   0	1.108881e+03	  74	   0	5.682555e-01	4.222466e+01	3076	happy	happy_3.png	
IEV	   1	 124	  10	   0	1.116486e+03	  68	   0	5.960366e-01	4.055433e+01	2937	happy	happy_15.png	
IEV	   1	 125	  10	   0	1.122474e+03	  25	  25	8.611601e-01	2.124790e+01	1101	happy	happy_12.png	
IEV	   1	 126	  10	   0	1.130644e+03	  80	   0	5.704745e-01	4.551737e+01	3065	happy	happy_16.png	
CEVR	   1	 127	   9	   0	1.203285e+03	 127	   0	3.008829e-01	3.820353e+01	1996	fear	fear_10.png	
CEVR	   1	 128	   9	   0	1.208843e+03	 164	 164	2.287582e-01	3.745752e+01	 639	fear	fear_16.png	
CEVR	   1	 129	   9	   0	1.214635e+03	 160	   0	2.236229e-01	3.588189e+01	 509	fear	fear_2.png	
CEVR	   1	 130	   9	   0	1.221926e+03	  80	   0	4.636591e-01	  37	3507	fear	fear_15.png	
CEVR	   1	 131	   9	   0	1.228606e+03	 107	   0	3.581305e-01	3.843252e+01	2684	fear	fear_21.png	
CEVR	   1	 132	   9	   0	1.235600e+03	 139	   0	2.676173e-01	3.726762e+01	1461	fear	fear_5.png	
CEVR	   1	 133	   9	   0	1.243134e+03	  80	   0	4.782127e-01	3.843464e+01	3592	fear	fear_11.png	
CEVR	   1	 134	   9	   0	1.251436e+03	  71	  71	5.031080e-01	3.549068e+01	3726	fear	fear_8.png	
CEVR	   1	 135	   9	   0	1.258163e+03	 150	 150	2.527322e-01	3.801093e+01	1176	fear	fear_6.png	
CEVR	   1	 136	   9	   0	1.265015e+03	 128	 128	2.894502e-01	  37	1826	fear	fear_18.png	
CEVR	   1	 137	   9	   0	1.272355e+03	 116	   0	3.323069e-01	3.866153e+01	2403	fear	fear_13.png	
CEVR	   1	 138	   9	   0	1.278871e+03	 101	   0	3.649944e-01	3.700000e+01	2752	fear	fear_1.png	
CEVR	   1	 139	   9	   0	1.286634e+03	  89	   0	3.979717e-01	3.540811e+01	3046	fear	fear_3.png	
CEVR	   1	 140	   9	   0	1.293499e+03	 105	 105	3.365385e-01	3.531731e+01	2452	fear	fear_20.png	
CEVR	   1	 141	   9	   0	1.299812e+03	 113	 113	3.274336e-01	3.700000e+01	2345	fear	fear_17.png	
CEVR	   1	 142	   9	   0	1.307080e+03	 136	   0	2.787944e-01	3.783638e+01	1655	fear	fear_19.png	
CEVR	   1	 143	   9	   0	1.312910e+03	 165	 165	2.263986e-01	3.745280e+01	 580	fear	fear_12.png	
CEVR	   1	 144	   9	   0	1.320862e+03	  84	   0	4.504348e-01	3.790087e+01	3425	fear	fear_7.png	
CEVR	   1	 145	   9	   0	1.326965e+03	 136	   0	2.829364e-01	3.841468e+01	1723	fear	fear_9.png	
CEVR	   1	 146	   9	   0	1.333963e+03	 111	   0	3.416887e-01	3.802507e+01	2510	fear	fear_4.png	
CEVR	   1	 147	   9	   0	1.339734e+03	 160	   0	2.295285e-01	3.677047e+01	 658	fear	fear_14.png	
CEVR	   1	 148	   9	   0	1.348011e+03	  77	  77	4.577589e-01	3.516896e+01	3471	fear	fear_21.png	
CEVR	   1	 149	   9	   0	1.355262e+03	 102	   0	3.518066e-01	3.594458e+01	2619	fear	fear_7.png	
CEVR	   1	 150	   9	   0	1.363106e+03	  80	   0	4.805195e-01	3.844156e+01	3605	fear	fear_18.png	
CEVR	   1	 151	   9	   0	1.370692e+03	  71	  71	4.957887e-01	3.501685e+01	3688	fear	fear_3.png	
CEVR	   1	 152	   9	   0	1.378523e+03	  78	  78	4.754038e-01	  37	3576	fear	fear_19.png	
CEVR	   1	 153	   9	   0	1.384203e+03	 157	   0	2.387977e-01	3.747760e+01	 877	fear	fear_12.png	
CEVR	   1	 154	   9	   0	1.390107e+03	 169	   0	2.165914e-01	3.656682e+01	 321	fear	fear_16.png	
CEVR	   1	 155	   9	   0	1.396083e+03	 127	   0	2.793959e-01	3.560302e+01	1665	fear	fear_2.png	
CEVR	   1	 156	   9	   0	1.402531e+03	 108	 108	3.329905e-01	3.600103e+01	2411	fear	fear_15.png	
CEVR	   1	 157	   9	   0	1.409927e+03	 102	 102	3.603228e-01	3.663968e+01	2706	fear	fear_1.png	
CEVR	   1	 158	   9	   0	1.418139e+03	  79	  79	4.688631e-01	  37	3538	fear	fear_13.png	
CEVR	   1	 159	   9	   0	1.425766e+03	  84	   0	4.656598e-01	3.932830e+01	3519	fear	fear_6.png	
CEVR	   1	 160	   9	   0	1.433506e+03	  99	   0	3.608247e-01	3.555670e+01	2711	fear	fear_11.png	
CEVR	   1	 161	   9	   0	1.440548e+03	  75	  75	4.794521e-01	3.604110e+01	3599	fear	fear_17.png	
CEVR	   1	 162	   9	   0	1.448431e+03	  76	   0	4.892331e-01	3.700000e+01	3653	fear	fear_9.png	
CEVR	   1	 163	   9	   0	1.455289e+03	 121	   0	3.032077e-01	3.669679e+01	2029	fear	fear_8.png	
CEVR	   1	 164	   9	   0	1.463485e+03	  89	   0	4.050673e-01	3.618987e+01	3103	fear	fear_10.png	
CEVR	   1	 165	   9	   0	1.470364e+03	 123	   0	3.059296e-01	3.761186e+01	2067	fear	fear_20.png	
CEVR	   1	 166	   9	   0	1.477653e+03	  82	   0	4.605263e-01	3.792105e+01	3488	fear	fear_14.png	
CEVR	   1	 167	   9	   0	1.483788e+03	 132	 132	2.744225e-01	3.617673e+01	1581	fear	fear_4.png	
CEVR	   1	 168	   9	   0	1.491909e+03	 112	 112	3.455176e-01	3.872759e+01	2552	fear	fear_5.png	
DEV	   1	 169	   8	   0	1.563982e+03	  74	   0	4.641014e-01	3.439946e+01	2030	scram	scram_13.png	
DEV	   1	 170	   8	   0	1.569370e+03	  78	  78	6.719445e-01	5.219044e+01	 883	scram	scram_11.png	
DEV	   1	 171	   8	   0	1.577108e+03	  78	  78	3.982249e-01	3.105008e+01	2585	scram	scram_9.png	
DEV	   1	 172	   8	   0	1.584687e+03	  82	   0	3.538953e-01	2.913704e+01	3064	scram	scram_16.png	
DEV	   1	 173	   8	   0	1.592040e+03	  78	   0	3.950636e-01	3.084070e+01	2616	scram	scram_3.png	
DEV	   1	 174	   8	   0	1.598803e+03	  81	  81	4.146656e-01	3.379154e+01	2431	scram	scram_10.png	
DEV	   1	 175	   8	   0	1.605185e+03	  74	  74	5.520212e-01	4.075795e+01	1472	scram	scram_20.png	
DEV	   1	 176	   8	   0	1.612266e+03	  81	  81	3.897661e-01	3.165825e+01	2669	scram	scram_4.png	
DEV	   1	 177	   8	   0	1.619726e+03	  80	  80	4.645115e-01	3.721181e+01	2027	scram	scram_17.png	
DEV	   1	 178	   8	   0	1.626418e+03	  77	   0	5.144710e-01	3.951078e+01	1692	scram	scram_8.png	
DEV	   1	 179	   8	   0	1.634287e+03	  78	  78	4.426306e-01	3.439415e+01	2194	scram	scram_19.png	
DEV	   1	 180	   8	   0	1.641565e+03	  79	  79	4.882143e-01	3.880402e+01	1861	scram	scram_21.png	
DEV	   1	 181	   8	   0	1.648805e+03	  86	   0	3.312140e-01	2.850093e+01	3344	scram	scram_15.png	
DEV	   1	 182	   8	   0	1.655520e+03	  83	  83	3.886831e-01	3.236032e+01	2680	scram	scram_1.png	
DEV	   1	 183	   8	   0	1.661958e+03	  80	  80	4.734120e-01	3.781241e+01	1963	scram	scram_12.png	
DEV	   1	 184	   8	   0	1.668231e+03	  81	   0	5.558097e-01	4.487434e+01	1451	scram	scram_7.png	
DEV	   1	 185	   8	   0	1.675418e+03	  78	  78	6.293299e-01	4.897875e+01	1077	scram	scram_14.png	
DEV	   1	 186	   8	   0	1.681720e+03	  81	  81	4.288687e-01	3.477567e+01	2307	scram	scram_2.png	
DEV	   1	 187	   8	   0	1.688072e+03	  78	  78	4.672614e-01	3.646319e+01	2007	scram	scram_18.png	
DEV	   1	 188	   8	   0	1.694585e+03	  76	  76	4.517014e-01	3.453508e+01	2123	scram	scram_5.png	
DEV	   1	 189	   8	   0	1.701733e+03	  79	  79	4.421295e-01	3.480345e+01	2198	scram	scram_6.png	
DEV	   1	 190	   8	   0	1.708038e+03	  79	  79	5.114088e-01	4.033888e+01	1711	scram	scram_8.png	
DEV	   1	 191	   8	   0	1.714970e+03	  84	   0	3.649967e-01	3.065375e+01	2935	scram	scram_7.png	
DEV	   1	 192	   8	   0	1.722462e+03	  84	  84	3.240419e-01	2.730858e+01	3436	scram	scram_15.png	
DEV	   1	 193	   8	   0	1.728534e+03	  69	  69	6.813322e-01	4.729015e+01	 842	scram	scram_16.png	
DEV	   1	 194	   8	   0	1.735306e+03	  76	   0	5.946884e-01	4.503891e+01	1246	scram	scram_2.png	
DEV	   1	 195	   8	   0	1.742056e+03	  78	   0	4.682306e-01	3.652670e+01	2000	scram	scram_18.png	
DEV	   1	 196	   8	   0	1.749036e+03	  83	   0	3.906564e-01	3.250142e+01	2660	scram	scram_3.png	
DEV	   1	 197	   8	   0	1.755271e+03	  80	  80	4.461678e-01	3.551796e+01	2166	scram	scram_6.png	
DEV	   1	 198	   8	   0	1.761591e+03	  73	   0	5.417439e-01	3.960016e+01	1530	scram	scram_20.png	
DEV	   1	 199	   8	   0	1.769420e+03	  83	  83	4.483407e-01	3.700928e+01	2149	scram	scram_13.png	
DEV	   1	 200	   8	   0	1.776742e+03	  77	  77	4.028996e-01	3.095610e+01	2540	scram	scram_9.png	
DEV	   1	 201	   8	   0	1.783105e+03	  76	  76	4.651963e-01	3.539735e+01	2022	scram	scram_5.png	
DEV	   1	 202	   8	   0	1.789859e+03	  72	  72	6.896826e-01	4.977586e+01	 806	scram	scram_11.png	
DEV	   1	 203	   8	   0	1.796065e+03	  72	   0	7.129157e-01	5.168586e+01	 708	scram	scram_19.png	
DEV	   1	 204	   8	   0	1.803820e+03	  81	   0	4.019563e-01	3.250260e+01	2549	scram	scram_4.png	
DEV	   1	 205	   8	   0	1.811053e+03	  79	   0	5.126947e-01	4.042327e+01	1703	scram	scram_1.png	
DEV	   1	 206	   8	   0	1.818667e+03	  80	   0	3.174818e-01	2.555039e+01	3521	scram	scram_14.png	
DEV	   1	 207	   8	   0	1.826077e+03	  78	   0	4.279247e-01	3.342672e+01	2315	scram	scram_10.png	
DEV	   1	 208	   8	   0	1.832803e+03	  81	  81	4.769691e-01	3.852850e+01	1938	scram	scram_21.png	
DEV	   1	 209	   8	   0	1.840307e+03	  82	  82	3.035849e-01	2.486304e+01	3702	scram	scram_12.png	
DEV	   1	 210	   8	   0	1.847878e+03	  84	   0	3.736148e-01	3.127754e+01	2839	scram	scram_17.png	
CEVR	   1	 211	   7	   0	1.922099e+03	 121	   0	3.008829e-01	3.639823e+01	1996	happy	happy_21.png	
CEVR	   1	 212	   7	   0	1.929178e+03	  78	  78	4.859287e-01	3.797186e+01	3635	happy	happy_16.png	
CEVR	   1	 213	   7	   0	1.935443e+03	 152	   0	2.453581e-01	3.724536e+01	1022	happy	happy_9.png	
CEVR	   1	 214	   7	   0	1.942024e+03	 102	 102	3.759071e-01	3.850363e+01	2855	happy	happy_10.png	
CEVR	   1	 215	   7	   0	1.949782e+03	  94	   0	3.918306e-01	3.700000e+01	2995	happy	happy_8.png	
CEVR	   1	 216	   7	   0	1.956765e+03	 123	   0	3.016539e-01	3.700000e+01	2007	happy	happy_7.png	
CEVR	   1	 217	   7	   0	1.964602e+03	  76	   0	4.719388e-01	3.605612e+01	3556	happy	happy_13.png	
CEVR	   1	 218	   7	   0	1.970760e+03	 163	 163	2.274723e-01	3.700000e+01	 607	happy	happy_14.png	
CEVR	   1	 219	   7	   0	1.977970e+03	 100	   0	3.599222e-01	3.592023e+01	2702	happy	happy_17.png	
CEVR	   1	 220	   7	   0	1.985334e+03	 147	 147	2.517007e-01	  37	1155	happy	happy_20.png	
CEVR	   1	 221	   7	   0	1.990983e+03	 151	   0	2.415594e-01	3.651688e+01	 939	happy	happy_6.png	
CEVR	   1	 222	   7	   0	1.997007e+03	 134	   0	2.704678e-01	3.618860e+01	1512	happy	happy_1.png	
CEVR	   1	 223	   7	   0	2.004916e+03	  94	   0	3.806584e-01	3.585802e+01	2898	happy	happy_19.png	
CEVR	   1	 224	   7	   0	2.010627e+03	 141	   0	2.596231e-01	3.648075e+01	1312	happy	happy_2.png	
CEVR	   1	 225	   7	   0	2.018088e+03	 102	 102	3.510436e-01	3.594687e+01	2611	happy	happy_11.png	
CEVR	   1	 226	   7	   0	2.026378e+03	  88	   0	4.000618e-01	3.539975e+01	3063	happy	happy_3.png	
CEVR	   1	 227	   7	   0	2.033181e+03	 139	   0	2.695670e-01	3.753913e+01	1496	happy	happy_5.png	
CEVR	   1	 228	   7	   0	2.039120e+03	 159	   0	2.313740e-01	3.676863e+01	 703	happy	happy_12.png	
CEVR	   1	 229	   7	   0	2.045334e+03	 103	   0	3.610259e-01	3.736103e+01	2713	happy	happy_18.png	
CEVR	   1	 230	   7	   0	2.052697e+03	  95	   0	3.923054e-01	3.739231e+01	2999	happy	happy_4.png	
CEVR	   1	 231	   7	   0	2.059445e+03	 138	   0	2.627841e-01	3.621165e+01	1372	happy	happy_15.png	
CEVR	   1	 232	   7	   0	2.066167e+03	 157	 157	2.314567e-01	3.630563e+01	 705	happy	happy_20.png	
CEVR	   1	 233	   7	   0	2.073287e+03	 126	   0	2.960677e-01	3.729607e+01	1926	happy	happy_15.png	
CEVR	   1	 234	   7	   0	2.080787e+03	  82	   0	4.494967e-01	  37	3419	happy	happy_2.png	
CEVR	   1	 235	   7	   0	2.088619e+03	  72	  72	5.360099e-01	3.860803e+01	3884	happy	happy_8.png	
CEVR	   1	 236	   7	   0	2.095083e+03	 170	   0	2.199015e-01	3.743980e+01	 411	happy	happy_18.png	
CEVR	   1	 237	   7	   0	2.102178e+03	 141	   0	2.684494e-01	3.780535e+01	1476	happy	happy_21.png	
CEVR	   1	 238	   7	   0	2.109139e+03	  92	   0	3.929005e-01	3.621420e+01	3004	happy	happy_12.png	
CEVR	   1	 239	   7	   0	2.115911e+03	 140	   0	2.658046e-01	3.726580e+01	1428	happy	happy_4.png	
CEVR	   1	 240	   7	   0	2.123025e+03	 113	 113	3.406102e-01	3.836244e+01	2498	happy	happy_13.png	
CEVR	   1	 241	   7	   0	2.130560e+03	  94	  94	3.869137e-01	3.622617e+01	2953	happy	happy_19.png	
CEVR	   1	 242	   7	   0	2.138167e+03	  84	   0	4.620050e-01	3.884802e+01	3497	happy	happy_11.png	
CEVR	   1	 243	   7	   0	2.144315e+03	 135	   0	2.737844e-01	  37	1570	happy	happy_16.png	
CEVR	   1	 244	   7	   0	2.151098e+03	 110	   0	3.361017e-01	3.700000e+01	2447	happy	happy_6.png	
CEVR	   1	 245	   7	   0	2.158798e+03	  81	   0	4.593828e-01	  37	3481	happy	happy_17.png	
CEVR	   1	 246	   7	   0	2.164712e+03	 148	   0	2.494222e-01	  37	1108	happy	happy_14.png	
CEVR	   1	 247	   7	   0	2.171903e+03	 135	 135	2.677279e-01	3.619682e+01	1463	happy	happy_7.png	
CEVR	   1	 248	   7	   0	2.178502e+03	 134	 134	2.683938e-01	3.592642e+01	1475	happy	happy_9.png	
CEVR	   1	 249	   7	   0	2.184709e+03	 125	   0	2.936508e-01	3.670635e+01	1890	happy	happy_1.png	
CEVR	   1	 250	   7	   0	2.192458e+03	 111	   0	3.301045e-01	3.666990e+01	2377	happy	happy_10.png	
CEVR	   1	 251	   7	   0	2.199017e+03	 149	   0	2.506290e-01	3.725063e+01	1133	happy	happy_3.png	
CEVR	   1	 252	   7	   0	2.206504e+03	 108	   0	3.550864e-01	3.842035e+01	2653	happy	happy_5.png	
#27-Mar-2013
IEV	   2	 253	   6	   0	1.282094e+01	  59	   0	6.703011e-01	3.963783e+01	2546	scram	scram_3.png	
IEV	   2	 254	   6	   0	1.946557e+01	  40	  40	7.651529e-01	3.034639e+01	1967	scram	scram_17.png	
IEV	   2	 255	   6	   0	2.534796e+01	  41	  41	7.538037e-01	3.055830e+01	2044	scram	scram_18.png	
IEV	   2	 256	   6	   0	3.175722e+01	  26	  26	8.448264e-01	2.156688e+01	1296	scram	scram_2.png	
IEV	   2	 257	   6	   0	3.920864e+01	  49	  49	7.325907e-01	3.597002e+01	2181	scram	scram_13.png	
IEV	   2	 258	   6	   0	4.552051e+01	  60	  60	6.780355e-01	4.048215e+01	2503	scram	scram_9.png	
IEV	   2	 259	   6	   0	5.267785e+01	  40	  40	7.891991e-01	3.134692e+01	1793	scram	scram_8.png	
IEV	   2	 260	   6	   0	6.026501e+01	  71	   0	6.127148e-01	4.379646e+01	2852	scram	scram_7.png	
IEV	   2	 261	   6	   0	6.732467e+01	  32	  32	8.136204e-01	2.581602e+01	1596	scram	scram_4.png	
IEV	   2	 262	   6	   0	7.529884e+01	 100	   0	4.967419e-01	4.960737e+01	3424	scram	scram_14.png	
IEV	   2	 263	   6	   0	8.128224e+01	  22	  22	8.654197e-01	1.895412e+01	1043	scram	scram_12.png	
IEV	   2	 264	   6	   0	8.827162e+01	  33	   0	8.066270e-01	2.651770e+01	1655	scram	scram_1.png	
IEV	   2	 265	   6	   0	9.552265e+01	  55	  55	6.999458e-01	3.832562e+01	2378	scram	scram_10.png	
IEV	   2	 266	   6	   0	1.022979e+02	  78	   0	5.869080e-01	4.580839e+01	2983	scram	scram_16.png	
IEV	   2	 267	   6	   0	1.086408e+02	  32	   0	8.176375e-01	2.622175e+01	1561	scram	scram_20.png	
IEV	   2	 268	   6	   0	1.159798e+02	 106	 106	4.700438e-01	4.980081e+01	3552	scram	scram_11.png	
IEV	   2	 269	   6	   0	1.218896e+02	  36	  36	7.759336e-01	2.784746e+01	1891	scram	scram_21.png	
IEV	   2	 270	   6	   0	1.287330e+02	  23	  23	8.824086e-01	1.996879e+01	 759	scram	scram_6.png	
IEV	   2	 271	   6	   0	1.357626e+02	  43	  43	7.700283e-01	3.300195e+01	1933	scram	scram_5.png	
IEV	   2	 272	   6	   0	1.428816e+02	  35	  35	7.998594e-01	2.797925e+01	1710	scram	scram_19.png	
IEV	   2	 273	   6	   0	1.498147e+02	  15	  15	8.913557e-01	1.309789e+01	 539	scram	scram_15.png	
IEV	   2	 274	   6	   0	1.569568e+02	  27	  27	8.567879e-01	2.352075e+01	1157	scram	scram_12.png	
IEV	   2	 275	   6	   0	1.632224e+02	  18	  18	8.801884e-01	1.591472e+01	 803	scram	scram_14.png	
IEV	   2	 276	   6	   0	1.700759e+02	  37	  37	7.634121e-01	2.820630e+01	1979	scram	scram_18.png	
IEV	   2	 277	   6	   0	1.777374e+02	  33	  33	8.356395e-01	2.764564e+01	1392	scram	scram_6.png	
IEV	   2	 278	   6	   0	1.840997e+02	  37	  37	8.137365e-01	2.987289e+01	1595	scram	scram_4.png	
IEV	   2	 279	   6	   0	1.903212e+02	  32	  32	8.229864e-01	2.649085e+01	1513	scram	scram_7.png	
IEV	   2	 280	   6	   0	1.975946e+02	  46	   0	7.579796e-01	3.475024e+01	2016	scram	scram_5.png	
IEV	   2	 281	   6	   0	2.044746e+02	  81	   0	5.368817e-01	4.346900e+01	3230	scram	scram_8.png	
IEV	   2	 282	   6	   0	2.115056e+02	  41	   0	7.701704e-01	3.144972e+01	1932	scram	scram_17.png	
IEV	   2	 283	   6	   0	2.171219e+02	  20	  20	8.851559e-01	1.775421e+01	 700	scram	scram_15.png	
IEV	   2	 284	   6	   0	2.243523e+02	  38	  38	7.978460e-01	3.056453e+01	1726	scram	scram_13.png	
IEV	   2	 285	   6	   0	2.312048e+02	  36	   0	7.918166e-01	2.873716e+01	1773	scram	scram_3.png	
IEV	   2	 286	   6	   0	2.383358e+02	  58	   0	6.731904e-01	3.877452e+01	2530	scram	scram_9.png	
IEV	   2	 287	   6	   0	2.443136e+02	  23	  23	8.791302e-01	2.047754e+01	 823	scram	scram_10.png	
IEV	   2	 288	   6	   0	2.503657e+02	  20	  20	8.703298e-01	1.739981e+01	 971	scram	scram_11.png	
IEV	   2	 289	   6	   0	2.576493e+02	  71	   0	5.841164e-01	4.128205e+01	2997	scram	scram_16.png	
IEV	   2	 290	   6	   0	2.638639e+02	  41	  41	7.750980e-01	3.179912e+01	1897	scram	scram_21.png	
IEV	   2	 291	   6	   0	2.707190e+02	  40	   0	7.916865e-01	3.191599e+01	1774	scram	scram_19.png	
IEV	   2	 292	   6	   0	2.774400e+02	  34	  34	8.236419e-01	2.807003e+01	1507	scram	scram_20.png	
IEV	   2	 293	   6	   0	2.841018e+02	  33	  33	8.358386e-01	2.762429e+01	1390	scram	scram_2.png	
IEV	   2	 294	   6	   0	2.908590e+02	  27	  27	8.158133e-01	2.232874e+01	1577	scram	scram_1.png	
CEV	   2	 295	   5	   0	4.041700e+02	  65	  65	6.100000e-01	3.944000e+01	2030	happy	happy_14.png	
CEV	   2	 296	   5	   0	4.104815e+02	  79	  79	4.877143e-01	3.846314e+01	2886	happy	happy_20.png	
CEV	   2	 297	   5	   0	4.174275e+02	  95	   0	3.918571e-01	3.739186e+01	3557	happy	happy_1.png	
CEV	   2	 298	   5	   0	4.234482e+02	  47	  47	7.135714e-01	3.343214e+01	1305	happy	happy_10.png	
CEV	   2	 299	   5	   0	4.315574e+02	  79	  79	4.598571e-01	3.654014e+01	3081	happy	happy_8.png	
CEV	   2	 300	   5	   0	4.382982e+02	  59	  59	6.225714e-01	  37	1942	happy	happy_21.png	
CEV	   2	 301	   5	   0	4.454061e+02	  57	  57	6.035714e-01	3.458571e+01	2075	happy	happy_16.png	
CEV	   2	 302	   5	   0	4.524978e+02	  80	  80	4.394286e-01	3.524229e+01	3224	happy	happy_6.png	
CEV	   2	 303	   5	   0	4.603177e+02	  81	   0	4.282857e-01	3.485857e+01	3302	happy	happy_19.png	
CEV	   2	 304	   5	   0	4.675599e+02	  48	  48	7.364286e-01	3.552714e+01	1145	happy	happy_4.png	
CEV	   2	 305	   5	   0	4.755859e+02	  81	   0	4.664286e-01	3.793286e+01	3035	happy	happy_11.png	
CEV	   2	 306	   5	   0	4.818825e+02	  49	  49	7.495714e-01	  37	1053	happy	happy_12.png	
CEV	   2	 307	   5	   0	4.878742e+02	  49	  49	6.940000e-01	3.422400e+01	1442	happy	happy_13.png	
CEV	   2	 308	   5	   0	4.944885e+02	  56	   0	7.160000e-01	3.986400e+01	1288	happy	happy_2.png	
CEV	   2	 309	   5	   0	5.012853e+02	  69	  69	5.211429e-01	3.595771e+01	2652	happy	happy_5.png	
CEV	   2	 310	   5	   0	5.090792e+02	  72	   0	5.220000e-01	3.752200e+01	2646	happy	happy_3.png	
CEV	   2	 311	   5	   0	5.153522e+02	  52	  52	6.992857e-01	3.630071e+01	1405	happy	happy_17.png	
CEV	   2	 312	   5	   0	5.230254e+02	  78	  78	4.992857e-01	3.899714e+01	2805	happy	happy_15.png	
CEV	   2	 313	   5	   0	5.294363e+02	  72	  72	4.885714e-01	3.504571e+01	2880	happy	happy_18.png	
CEV	   2	 314	   5	   0	5.355377e+02	  48	  48	7.200000e-01	3.484000e+01	1260	happy	happy_7.png	
CEV	   2	 315	   5	   0	5.415807e+02	  53	  53	7.080000e-01	3.770800e+01	1344	happy	happy_9.png	
CEV	   2	 316	   5	   0	5.491713e+02	  79	   0	4.947143e-01	3.897886e+01	2837	happy	happy_21.png	
CEV	   2	 317	   5	   0	5.555067e+02	  54	  54	7.104286e-01	3.842086e+01	1327	happy	happy_10.png	
CEV	   2	 318	   5	   0	5.627214e+02	  76	   0	5.164286e-01	3.906571e+01	2685	happy	happy_16.png	
CEV	   2	 319	   5	   0	5.693741e+02	  57	   0	7.057143e-01	4.052857e+01	1360	happy	happy_14.png	
CEV	   2	 320	   5	   0	5.756924e+02	  57	  57	6.867143e-01	3.906014e+01	1493	happy	happy_1.png	
CEV	   2	 321	   5	   0	5.830835e+02	  68	  68	5.234286e-01	3.542971e+01	2636	happy	happy_5.png	
CEV	   2	 322	   5	   0	5.908000e+02	  50	  50	6.875714e-01	3.424971e+01	1487	happy	happy_4.png	
CEV	   2	 323	   5	   0	5.982182e+02	  96	  96	4.011429e-01	3.860457e+01	3492	happy	happy_2.png	
CEV	   2	 324	   5	   0	6.061742e+02	  81	  81	4.475714e-01	3.610486e+01	3167	happy	happy_6.png	
CEV	   2	 325	   5	   0	6.136140e+02	  73	   0	5.095714e-01	  37	2733	happy	happy_17.png	
CEV	   2	 326	   5	   0	6.193933e+02	  48	   0	6.982857e-01	3.350857e+01	1412	happy	happy_9.png	
CEV	   2	 327	   5	   0	6.268434e+02	  74	   0	5.068571e-01	3.750686e+01	2752	happy	happy_20.png	
CEV	   2	 328	   5	   0	6.350799e+02	  85	   0	4.250000e-01	3.615000e+01	3325	happy	happy_3.png	
CEV	   2	 329	   5	   0	6.412902e+02	  48	  48	7.182857e-01	3.412686e+01	1272	happy	happy_7.png	
CEV	   2	 330	   5	   0	6.473534e+02	  57	  57	6.747143e-01	3.834943e+01	1577	happy	happy_12.png	
CEV	   2	 331	   5	   0	6.556357e+02	  78	  78	4.975714e-01	3.899029e+01	2817	happy	happy_11.png	
CEV	   2	 332	   5	   0	6.624498e+02	  85	   0	4.600000e-01	3.930000e+01	3080	happy	happy_8.png	
CEV	   2	 333	   5	   0	6.700738e+02	  74	   0	5.144286e-01	3.802886e+01	2699	happy	happy_13.png	
CEV	   2	 334	   5	   0	6.778354e+02	  71	  71	5.042857e-01	3.599143e+01	2770	happy	happy_18.png	
CEV	   2	 335	   5	   0	6.853225e+02	 105	   0	3.535714e-01	  37	3825	happy	happy_15.png	
CEV	   2	 336	   5	   0	6.918501e+02	  55	  55	7.135714e-01	3.914071e+01	1305	happy	happy_19.png	
CEVR	   2	 337	   4	   0	7.744748e+02	 141	   0	2.568935e-01	3.622932e+01	1259	scram	scram_12.png	
CEVR	   2	 338	   4	   0	7.808890e+02	 134	   0	2.684494e-01	3.592620e+01	1476	scram	scram_20.png	
CEVR	   2	 339	   4	   0	7.888765e+02	 115	 115	3.171687e-01	3.636566e+01	2217	scram	scram_6.png	
CEVR	   2	 340	   4	   0	7.957025e+02	 106	   0	3.406998e-01	3.597790e+01	2499	scram	scram_17.png	
CEVR	   2	 341	   4	   0	8.019884e+02	 164	   0	2.279930e-01	3.745599e+01	 620	scram	scram_19.png	
CEVR	   2	 342	   4	   0	8.082348e+02	 140	 140	2.719446e-01	3.808778e+01	1538	scram	scram_14.png	
CEVR	   2	 343	   4	   0	8.158188e+02	 107	   0	3.515201e-01	3.770304e+01	2616	scram	scram_3.png	
CEVR	   2	 344	   4	   0	8.221419e+02	 133	 133	2.809720e-01	3.728097e+01	1691	scram	scram_13.png	
CEVR	   2	 345	   4	   0	8.288648e+02	 116	 116	3.231038e-01	3.732310e+01	2292	scram	scram_7.png	
CEVR	   2	 346	   4	   0	8.354377e+02	 113	 113	3.151618e-01	3.573935e+01	2191	scram	scram_2.png	
CEVR	   2	 347	   4	   0	8.417882e+02	 157	 157	2.418301e-01	3.796732e+01	 945	scram	scram_11.png	
CEVR	   2	 348	   4	   0	8.488785e+02	 131	 131	2.770053e-01	3.616898e+01	1625	scram	scram_18.png	
CEVR	   2	 349	   4	   0	8.560646e+02	  81	  81	4.494967e-01	3.655050e+01	3419	scram	scram_21.png	
CEVR	   2	 350	   4	   0	8.627637e+02	 143	 143	2.666255e-01	3.806650e+01	1443	scram	scram_10.png	
CEVR	   2	 351	   4	   0	8.688153e+02	 132	   0	2.724022e-01	3.591039e+01	1546	scram	scram_9.png	
CEVR	   2	 352	   4	   0	8.747004e+02	 140	 140	2.649887e-01	  37	1413	scram	scram_5.png	
CEVR	   2	 353	   4	   0	8.810053e+02	 149	   0	2.566389e-01	3.828319e+01	1254	scram	scram_1.png	
CEVR	   2	 354	   4	   0	8.882210e+02	 124	 124	2.925892e-01	3.641482e+01	1874	scram	scram_4.png	
CEVR	   2	 355	   4	   0	8.949669e+02	 111	 111	3.266078e-01	3.634678e+01	2335	scram	scram_8.png	
CEVR	   2	 356	   4	   0	9.021401e+02	 140	   0	2.636937e-01	  37	1389	scram	scram_15.png	
CEVR	   2	 357	   4	   0	9.101550e+02	  88	  88	4.273927e-01	3.742739e+01	3270	scram	scram_16.png	
CEVR	   2	 358	   4	   0	9.170702e+02	 145	   0	2.476573e-01	3.600937e+01	1071	scram	scram_6.png	
CEVR	   2	 359	   4	   0	9.241543e+02	 149	   0	2.544204e-01	3.801768e+01	1210	scram	scram_7.png	
CEVR	   2	 360	   4	   0	9.309139e+02	  97	   0	3.658192e-01	3.553672e+01	2760	scram	scram_1.png	
CEVR	   2	 361	   4	   0	9.379254e+02	 136	   0	2.677279e-01	3.646454e+01	1463	scram	scram_16.png	
CEVR	   2	 362	   4	   0	9.445449e+02	 145	 145	2.579167e-01	3.751583e+01	1279	scram	scram_15.png	
CEVR	   2	 363	   4	   0	9.508048e+02	 130	   0	2.732644e-01	3.563368e+01	1561	scram	scram_10.png	
CEVR	   2	 364	   4	   0	9.574916e+02	 135	   0	2.762372e-01	3.727624e+01	1612	scram	scram_18.png	
CEVR	   2	 365	   4	   0	9.645376e+02	 115	   0	3.263609e-01	3.765272e+01	2332	scram	scram_8.png	
CEVR	   2	 366	   4	   0	9.719855e+02	  82	  82	4.680159e-01	3.840405e+01	3533	scram	scram_13.png	
CEVR	   2	 367	   4	   0	9.788505e+02	 154	   0	2.428732e-01	3.748575e+01	 968	scram	scram_20.png	
CEVR	   2	 368	   4	   0	9.860368e+02	 144	 144	2.544704e-01	3.674553e+01	1211	scram	scram_12.png	
CEVR	   2	 369	   4	   0	9.926483e+02	 153	   0	2.471846e-01	3.774155e+01	1061	scram	scram_17.png	
CEVR	   2	 370	   4	   0	1.000049e+03	  83	   0	4.527972e-01	3.745280e+01	3440	scram	scram_14.png	
CEVR	   2	 371	   4	   0	1.006472e+03	 122	 122	2.931854e-01	3.582726e+01	1883	scram	scram_3.png	
CEVR	   2	 372	   4	   0	1.013480e+03	 104	   0	3.548918e-01	  37	2651	scram	scram_21.png	
CEVR	   2	 373	   4	   0	1.020317e+03	 141	   0	2.704678e-01	3.808187e+01	1512	scram	scram_5.png	
CEVR	   2	 374	   4	   0	1.027228e+03	  78	  78	4.841121e-01	3.796822e+01	3625	scram	scram_19.png	
CEVR	   2	 375	   4	   0	1.033801e+03	 137	 137	2.632649e-01	3.594694e+01	1381	scram	scram_9.png	
CEVR	   2	 376	   4	   0	1.040999e+03	 131	   0	2.895796e-01	3.786874e+01	1828	scram	scram_4.png	
CEVR	   2	 377	   4	   0	1.047721e+03	 117	 117	3.221393e-01	3.764428e+01	2280	scram	scram_2.png	
CEVR	   2	 378	   4	   0	1.054618e+03	 114	 114	3.317111e-01	3.766342e+01	2396	scram	scram_11.png	
IEV	   2	 379	   3	   0	1.132313e+03	  24	  24	8.405187e-01	2.039162e+01	1342	fear	fear_17.png	
IEV	   2	 380	   3	   0	1.138776e+03	  27	  27	8.387858e-01	2.227286e+01	1360	fear	fear_9.png	
IEV	   2	 381	   3	   0	1.146466e+03	  61	  61	6.586139e-01	4.039435e+01	2610	fear	fear_11.png	
IEV	   2	 382	   3	   0	1.152362e+03	  32	  32	8.324094e-01	2.632416e+01	1424	fear	fear_12.png	
IEV	   2	 383	   3	   0	1.159665e+03	  88	   0	5.352381e-01	4.730765e+01	3238	fear	fear_8.png	
IEV	   2	 384	   3	   0	1.166767e+03	  31	  31	8.500102e-01	2.604174e+01	1238	fear	fear_10.png	
IEV	   2	 385	   3	   0	1.173474e+03	  26	  26	8.494867e-01	2.185517e+01	1244	fear	fear_14.png	
IEV	   2	 386	   3	   0	1.180155e+03	  31	  31	8.354401e-01	2.599612e+01	1394	fear	fear_4.png	
IEV	   2	 387	   3	   0	1.186805e+03	  67	  67	6.354117e-01	4.247472e+01	2734	fear	fear_21.png	
IEV	   2	 388	   3	   0	1.195384e+03	 119	 119	4.207621e-01	5.012058e+01	3788	fear	fear_2.png	
IEV	   2	 389	   3	   0	1.202047e+03	  32	  32	8.390764e-01	2.643478e+01	1357	fear	fear_18.png	
IEV	   2	 390	   3	   0	1.209995e+03	 102	   0	4.754742e-01	4.861431e+01	3526	fear	fear_6.png	
IEV	   2	 391	   3	   0	1.216279e+03	  63	   0	6.224005e-01	3.950608e+01	2802	fear	fear_7.png	
IEV	   2	 392	   3	   0	1.223092e+03	  30	  30	8.290956e-01	2.501905e+01	1456	fear	fear_5.png	
IEV	   2	 393	   3	   0	1.230432e+03	  31	  31	8.435337e-01	2.593758e+01	1310	fear	fear_15.png	
IEV	   2	 394	   3	   0	1.237096e+03	  27	  27	8.388827e-01	2.226170e+01	1359	fear	fear_13.png	
IEV	   2	 395	   3	   0	1.243805e+03	  68	  68	6.132986e-01	4.192338e+01	2849	fear	fear_20.png	
IEV	   2	 396	   3	   0	1.251230e+03	  61	  61	6.456026e-01	3.927692e+01	2680	fear	fear_1.png	
IEV	   2	 397	   3	   0	1.257536e+03	  23	  23	8.499231e-01	1.925249e+01	1239	fear	fear_19.png	
IEV	   2	 398	   3	   0	1.265665e+03	 112	   0	4.422514e-01	4.963321e+01	3685	fear	fear_3.png	
IEV	   2	 399	   3	   0	1.272554e+03	  38	  38	8.124546e-01	3.080905e+01	1606	fear	fear_16.png	
IEV	   2	 400	   3	   0	1.279011e+03	  30	  30	8.405187e-01	2.543474e+01	1342	fear	fear_10.png	
IEV	   2	 401	   3	   0	1.287406e+03	  66	   0	6.196983e-01	4.091799e+01	2816	fear	fear_15.png	
IEV	   2	 402	   3	   0	1.294566e+03	  69	   0	5.934637e-01	4.071282e+01	2950	fear	fear_7.png	
IEV	   2	 403	   3	   0	1.300453e+03	  18	  18	8.802405e-01	1.590643e+01	 802	fear	fear_6.png	
IEV	   2	 404	   3	   0	1.306964e+03	  33	  33	8.301401e-01	2.739670e+01	1446	fear	fear_21.png	
IEV	   2	 405	   3	   0	1.313678e+03	  72	  72	6.121306e-01	4.382961e+01	2855	fear	fear_20.png	
IEV	   2	 406	   3	   0	1.321140e+03	 117	 117	4.286829e-01	5.021192e+01	3750	fear	fear_3.png	
IEV	   2	 407	   3	   0	1.328148e+03	  32	  32	8.305556e-01	2.652237e+01	1442	fear	fear_1.png	
IEV	   2	 408	   3	   0	1.335022e+03	  29	  29	8.377137e-01	2.407124e+01	1371	fear	fear_18.png	
IEV	   2	 409	   3	   0	1.341361e+03	  59	  59	6.410893e-01	3.764597e+01	2704	fear	fear_9.png	
IEV	   2	 410	   3	   0	1.347741e+03	  26	  26	8.694077e-01	2.274789e+01	 985	fear	fear_2.png	
IEV	   2	 411	   3	   0	1.355742e+03	 121	 121	4.128530e-01	5.003843e+01	3826	fear	fear_16.png	
IEV	   2	 412	   3	   0	1.363383e+03	 138	   0	3.731557e-01	5.164567e+01	4018	fear	fear_14.png	
IEV	   2	 413	   3	   0	1.370385e+03	  29	  29	8.324094e-01	2.382693e+01	1424	fear	fear_11.png	
IEV	   2	 414	   3	   0	1.377285e+03	  88	  88	5.385242e-01	4.714646e+01	3222	fear	fear_8.png	
IEV	   2	 415	   3	   0	1.383777e+03	  25	  25	8.343374e-01	2.111004e+01	1405	fear	fear_19.png	
IEV	   2	 416	   3	   0	1.390853e+03	  61	  61	6.283559e-01	3.849422e+01	2771	fear	fear_13.png	
IEV	   2	 417	   3	   0	1.397645e+03	  55	  55	6.599022e-01	3.635252e+01	2603	fear	fear_5.png	
IEV	   2	 418	   3	   0	1.404299e+03	  25	  25	8.417537e-01	2.108711e+01	1329	fear	fear_17.png	
IEV	   2	 419	   3	   0	1.411061e+03	  26	  26	8.402317e-01	2.210594e+01	1345	fear	fear_12.png	
IEV	   2	 420	   3	   0	1.417964e+03	  27	  27	8.323071e-01	2.217361e+01	1425	fear	fear_4.png	
DEV	   2	 421	   2	   0	1.502793e+03	  87	   0	3.396993e-01	2.947970e+01	3237	happy	happy_6.png	
DEV	   2	 422	   2	   0	1.510264e+03	  77	  77	5.728315e-01	4.427974e+01	1359	happy	happy_14.png	
DEV	   2	 423	   2	   0	1.516553e+03	  73	  73	5.662742e-01	4.160321e+01	1394	happy	happy_4.png	
DEV	   2	 424	   2	   0	1.523797e+03	  85	   0	3.863393e-01	3.296520e+01	2704	happy	happy_9.png	
DEV	   2	 425	   2	   0	1.530004e+03	  78	  78	5.596342e-01	4.344931e+01	1430	happy	happy_21.png	
DEV	   2	 426	   2	   0	1.537824e+03	  80	   0	3.382586e-01	2.700229e+01	3255	happy	happy_8.png	
DEV	   2	 427	   2	   0	1.545218e+03	  82	  82	5.640491e-01	4.598436e+01	1406	happy	happy_1.png	
DEV	   2	 428	   2	   0	1.552004e+03	  74	  74	5.677642e-01	4.225871e+01	1386	happy	happy_12.png	
DEV	   2	 429	   2	   0	1.558507e+03	  73	   0	5.611006e-01	4.073654e+01	1422	happy	happy_15.png	
DEV	   2	 430	   2	   0	1.566131e+03	  80	   0	3.901613e-01	3.129555e+01	2665	happy	happy_5.png	
DEV	   2	 431	   2	   0	1.572796e+03	  75	   0	5.758626e-01	4.331739e+01	1343	happy	happy_13.png	
DEV	   2	 432	   2	   0	1.579253e+03	  73	  73	5.785320e-01	4.232134e+01	1329	happy	happy_16.png	
DEV	   2	 433	   2	   0	1.586253e+03	  74	   0	5.629409e-01	4.140651e+01	1412	happy	happy_11.png	
DEV	   2	 434	   2	   0	1.592240e+03	  80	  80	5.677642e-01	4.566529e+01	1386	happy	happy_19.png	
DEV	   2	 435	   2	   0	1.599265e+03	  84	  84	3.713383e-01	3.111310e+01	2864	happy	happy_20.png	
DEV	   2	 436	   2	   0	1.606748e+03	  81	   0	3.987392e-01	3.228033e+01	2580	happy	happy_10.png	
DEV	   2	 437	   2	   0	1.613867e+03	  78	  78	5.565354e-01	4.325297e+01	1447	happy	happy_18.png	
DEV	   2	 438	   2	   0	1.621448e+03	  82	   0	3.134099e-01	2.557520e+01	3574	happy	happy_3.png	
DEV	   2	 439	   2	   0	1.629313e+03	  82	   0	3.316852e-01	2.720981e+01	3338	happy	happy_7.png	
DEV	   2	 440	   2	   0	1.635420e+03	  78	   0	5.603667e-01	4.349565e+01	1426	happy	happy_17.png	
DEV	   2	 441	   2	   0	1.642900e+03	  83	   0	2.982671e-01	2.477217e+01	3771	happy	happy_2.png	
DEV	   2	 442	   2	   0	1.649305e+03	  73	  73	5.612842e-01	4.074723e+01	1421	happy	happy_18.png	
DEV	   2	 443	   2	   0	1.656393e+03	  68	  68	7.938688e-01	5.391303e+01	 387	happy	happy_19.png	
DEV	   2	 444	   2	   0	1.662759e+03	  79	   0	5.393040e-01	4.269138e+01	1544	happy	happy_3.png	
DEV	   2	 445	   2	   0	1.668124e+03	  75	  75	7.546443e-01	5.676480e+01	 539	happy	happy_20.png	
DEV	   2	 446	   2	   0	1.674351e+03	  73	   0	5.917267e-01	4.308486e+01	1261	happy	happy_15.png	
DEV	   2	 447	   2	   0	1.681610e+03	  80	   0	5.427944e-01	4.346189e+01	1524	happy	happy_12.png	
DEV	   2	 448	   2	   0	1.689966e+03	  85	  85	3.331807e-01	2.831632e+01	3319	happy	happy_6.png	
DEV	   2	 449	   2	   0	1.696396e+03	  83	   0	3.896674e-01	3.243073e+01	2670	happy	happy_16.png	
DEV	   2	 450	   2	   0	1.702668e+03	  73	  73	5.800647e-01	4.241054e+01	1321	happy	happy_14.png	
DEV	   2	 451	   2	   0	1.710030e+03	  84	  84	3.836372e-01	3.238242e+01	2732	happy	happy_10.png	
DEV	   2	 452	   2	   0	1.715865e+03	  73	   0	5.887835e-01	4.291543e+01	1276	happy	happy_7.png	
DEV	   2	 453	   2	   0	1.723371e+03	  81	  81	5.616518e-01	4.526183e+01	1419	happy	happy_4.png	
DEV	   2	 454	   2	   0	1.729158e+03	  78	  78	5.688851e-01	4.460129e+01	1380	happy	happy_21.png	
DEV	   2	 455	   2	   0	1.736286e+03	  88	   0	3.375405e-01	2.965296e+01	3264	happy	happy_8.png	
DEV	   2	 456	   2	   0	1.741956e+03	  78	  78	5.754826e-01	4.502088e+01	1345	happy	happy_17.png	
DEV	   2	 457	   2	   0	1.748283e+03	  79	   0	5.919236e-01	4.664772e+01	1260	happy	happy_13.png	
DEV	   2	 458	   2	   0	1.755100e+03	  73	  73	5.578085e-01	4.054465e+01	1440	happy	happy_11.png	
DEV	   2	 459	   2	   0	1.761662e+03	  75	   0	5.420937e-01	4.070506e+01	1528	happy	happy_1.png	
DEV	   2	 460	   2	   0	1.769017e+03	  81	   0	3.497201e-01	2.848972e+01	3114	happy	happy_9.png	
DEV	   2	 461	   2	   0	1.775854e+03	  74	  74	5.509454e-01	4.069372e+01	1478	happy	happy_5.png	
DEV	   2	 462	   2	   0	1.782618e+03	  73	   0	5.082158e-01	3.707972e+01	1731	happy	happy_2.png	
CEV	   2	 463	   1	   0	1.857709e+03	  72	   0	5.262857e-01	3.805257e+01	2616	fear	fear_5.png	
CEV	   2	 464	   1	   0	1.864917e+03	  46	   0	7.542857e-01	3.473714e+01	1020	fear	fear_11.png	
CEV	   2	 465	   1	   0	1.872750e+03	  64	  64	6.071429e-01	3.882143e+01	2050	fear	fear_8.png	
CEV	   2	 466	   1	   0	1.879447e+03	  52	  52	7.008571e-01	3.629914e+01	1394	fear	fear_21.png	
CEV	   2	 467	   1	   0	1.885816e+03	  57	  57	6.801429e-01	3.904043e+01	1539	fear	fear_4.png	
CEV	   2	 468	   1	   0	1.892321e+03	  49	   0	6.984286e-01	3.420629e+01	1411	fear	fear_9.png	
CEV	   2	 469	   1	   0	1.899259e+03	  54	  54	7.175714e-01	3.843514e+01	1277	fear	fear_17.png	
CEV	   2	 470	   1	   0	1.905734e+03	  55	  55	6.792857e-01	3.767929e+01	1545	fear	fear_16.png	
CEV	   2	 471	   1	   0	1.913028e+03	  88	   0	4.162857e-01	3.658371e+01	3386	fear	fear_2.png	
CEV	   2	 472	   1	   0	1.919423e+03	  49	   0	7.297143e-01	3.554057e+01	1192	fear	fear_10.png	
CEV	   2	 473	   1	   0	1.926204e+03	  55	   0	7.054286e-01	3.911629e+01	1362	fear	fear_19.png	
CEV	   2	 474	   1	   0	1.933280e+03	  94	   0	3.927143e-01	  37	3551	fear	fear_6.png	
CEV	   2	 475	   1	   0	1.940133e+03	  57	  57	7.132857e-01	4.056643e+01	1307	fear	fear_13.png	
CEV	   2	 476	   1	   0	1.947979e+03	  88	   0	4.012857e-01	3.539486e+01	3491	fear	fear_7.png	
CEV	   2	 477	   1	   0	1.953700e+03	  54	  54	6.942857e-01	3.769429e+01	1440	fear	fear_1.png	
CEV	   2	 478	   1	   0	1.960153e+03	  57	  57	7.138571e-01	4.056929e+01	1303	fear	fear_14.png	
CEV	   2	 479	   1	   0	1.967920e+03	  75	   0	5.098571e-01	3.801971e+01	2731	fear	fear_20.png	
CEV	   2	 480	   1	   0	1.973888e+03	  49	  49	7.387143e-01	3.626129e+01	1129	fear	fear_18.png	
CEV	   2	 481	   1	   0	1.980536e+03	  47	  47	7.152857e-01	3.342357e+01	1293	fear	fear_15.png	
CEV	   2	 482	   1	   0	1.986932e+03	  50	   0	7.015714e-01	3.489529e+01	1389	fear	fear_12.png	
CEV	   2	 483	   1	   0	1.994326e+03	  50	   0	7.318571e-01	3.626814e+01	1177	fear	fear_3.png	
CEV	   2	 484	   1	   0	2.002431e+03	  92	   0	4.131429e-01	3.782629e+01	3408	fear	fear_2.png	
CEV	   2	 485	   1	   0	2.009171e+03	  47	   0	7.464286e-01	3.476071e+01	1075	fear	fear_3.png	
CEV	   2	 486	   1	   0	2.016286e+03	  51	   0	6.961429e-01	3.560771e+01	1427	fear	fear_19.png	
CEV	   2	 487	   1	   0	2.023415e+03	  72	  72	4.927143e-01	3.552186e+01	2851	fear	fear_20.png	
CEV	   2	 488	   1	   0	2.030343e+03	  71	   0	4.927143e-01	3.502914e+01	2851	fear	fear_13.png	
CEV	   2	 489	   1	   0	2.036533e+03	  50	  50	7.035714e-01	3.488929e+01	1375	fear	fear_18.png	
CEV	   2	 490	   1	   0	2.042472e+03	  58	  58	6.611429e-01	3.832229e+01	1672	fear	fear_16.png	
CEV	   2	 491	   1	   0	2.049973e+03	  76	  76	5.005714e-01	3.800114e+01	2796	fear	fear_7.png	
CEV	   2	 492	   1	   0	2.057571e+03	  71	  71	5.305714e-01	3.753057e+01	2586	fear	fear_5.png	
CEV	   2	 493	   1	   0	2.063727e+03	  56	   0	7.135714e-01	3.985429e+01	1305	fear	fear_14.png	
CEV	   2	 494	   1	   0	2.069974e+03	  54	   0	7.160000e-01	3.843200e+01	1288	fear	fear_15.png	
CEV	   2	 495	   1	   0	2.076300e+03	  52	  52	6.940000e-01	3.630600e+01	1442	fear	fear_17.png	
CEV	   2	 496	   1	   0	2.082998e+03	  54	  54	7.015714e-01	3.770157e+01	1389	fear	fear_12.png	
CEV	   2	 497	   1	   0	2.089308e+03	  51	  51	6.988571e-01	3.560229e+01	1408	fear	fear_11.png	
CEV	   2	 498	   1	   0	2.095128e+03	  53	  53	6.957143e-01	  37	1430	fear	fear_9.png	
CEV	   2	 499	   1	   0	2.102888e+03	  96	   0	3.988571e-01	3.819657e+01	3508	fear	fear_6.png	
CEV	   2	 500	   1	   0	2.109862e+03	  49	  49	6.804286e-01	3.359786e+01	1537	fear	fear_1.png	
CEV	   2	 501	   1	   0	2.117280e+03	  71	   0	4.961429e-01	3.501543e+01	2827	fear	fear_21.png	
CEV	   2	 502	   1	   0	2.124102e+03	  66	  66	6.095714e-01	4.004786e+01	2033	fear	fear_8.png	
CEV	   2	 503	   1	   0	2.132087e+03	 106	 106	3.630000e-01	3.845200e+01	3759	fear	fear_4.png	
CEV	   2	 504	   1	   0	2.138521e+03	  53	   0	7.207143e-01	3.844143e+01	1255	fear	fear_10.png	
