#Subj:	10912
#Run:	1
#Age:	29
#Gender:	male
#23-May-2013
Func	Run	Trial	Block	Null	trialStartTime	Mag	ScoreInc	Freq	EV	RT	Emotion	Image
CEV	   1	   1	   1	   0	8.188888e+01	  51	   0	7.484286e-01	3.849686e+01	1061	 102	 101	  97	 114	fear	fear_10.png	
CEV	   1	   2	   1	   0	8.984390e+01	  95	  95	3.977143e-01	3.779543e+01	3516	 102	 101	  97	 114	fear	fear_4.png	
CEV	   1	   3	   1	   0	9.698060e+01	 106	 106	3.571429e-01	3.771429e+01	3800	 102	 101	  97	 114	fear	fear_8.png	
CEV	   1	   4	   1	   0	1.049966e+02	 114	 114	3.308571e-01	3.766171e+01	3984	 102	 101	  97	 114	fear	fear_21.png	
CEV	   1	   5	   1	   0	1.132822e+02	 107	 107	3.405714e-01	3.631886e+01	3916	 102	 101	  97	 114	fear	fear_1.png	
CEV	   1	   6	   1	   0	1.206602e+02	  97	   0	3.675714e-01	3.552971e+01	3727	 102	 101	  97	 114	fear	fear_6.png	
CEV	   1	   7	   1	   0	1.265475e+02	  52	  52	7.365714e-01	3.847314e+01	1144	 102	 101	  97	 114	fear	fear_9.png	
CEV	   1	   8	   1	   0	1.333615e+02	  65	  65	6.147143e-01	4.007357e+01	1997	 102	 101	  97	 114	fear	fear_11.png	
CEV	   1	   9	   1	   0	1.392179e+02	  49	  49	7.465714e-01	3.625343e+01	1074	 102	 101	  97	 114	fear	fear_12.png	
CEV	   1	  10	   1	   0	1.459019e+02	  76	   0	5.090000e-01	3.852700e+01	2737	 102	 101	  97	 114	fear	fear_17.png	
CEV	   1	  11	   1	   0	1.517827e+02	  45	  45	7.674286e-01	3.469771e+01	 928	 102	 101	  97	 114	fear	fear_15.png	
CEV	   1	  12	   1	   0	1.575905e+02	  43	  43	8.455714e-01	3.615443e+01	 381	 102	 101	  97	 114	fear	fear_14.png	
CEV	   1	  13	   1	   0	1.636535e+02	  45	  45	8.581429e-01	3.871629e+01	 293	 102	 101	  97	 114	fear	fear_5.png	
CEV	   1	  14	   1	   0	1.698876e+02	  58	   0	6.141429e-01	3.577171e+01	2001	 102	 101	  97	 114	fear	fear_7.png	
CEV	   1	  15	   1	   0	1.773227e+02	  87	  87	4.375714e-01	3.787514e+01	3237	 102	 101	  97	 114	fear	fear_16.png	
CEV	   1	  16	   1	   0	1.851857e+02	  88	   0	4.011429e-01	3.539543e+01	3492	 102	 101	  97	 114	fear	fear_18.png	
CEV	   1	  17	   1	   0	1.905840e+02	  51	  51	7.967143e-01	4.098357e+01	 723	 102	 101	  97	 114	fear	fear_13.png	
CEV	   1	  18	   1	   0	1.979126e+02	  80	  80	4.681429e-01	3.746814e+01	3023	 102	 101	  97	 114	fear	fear_20.png	
CEV	   1	  19	   1	   0	2.055934e+02	  83	  83	4.602857e-01	3.838086e+01	3078	 102	 101	  97	 114	fear	fear_19.png	
CEV	   1	  20	   1	   0	2.114885e+02	  48	  48	7.758571e-01	  37	 869	 102	 101	  97	 114	fear	fear_3.png	
CEV	   1	  21	   1	   0	2.197636e+02	  98	   0	3.954286e-01	3.858171e+01	3532	 102	 101	  97	 114	fear	fear_2.png	
CEV	   1	  22	   1	   0	2.269710e+02	  52	  52	7.168571e-01	  37	1282	 102	 101	  97	 114	fear	fear_3.png	
CEV	   1	  23	   1	   0	2.349792e+02	  84	  84	4.201429e-01	3.531943e+01	3359	 102	 101	  97	 114	fear	fear_12.png	
CEV	   1	  24	   1	   0	2.436472e+02	 102	 102	3.754286e-01	3.812629e+01	3672	 102	 101	  97	 114	fear	fear_15.png	
CEV	   1	  25	   1	   0	2.506977e+02	 104	 104	3.658571e-01	3.809757e+01	3739	 102	 101	  97	 114	fear	fear_18.png	
CEV	   1	  26	   1	   0	2.578396e+02	  78	  78	4.992857e-01	3.899714e+01	2805	 102	 101	  97	 114	fear	fear_20.png	
CEV	   1	  27	   1	   0	2.647046e+02	  68	  68	5.202857e-01	3.543914e+01	2658	 102	 101	  97	 114	fear	fear_14.png	
CEV	   1	  28	   1	   0	2.707465e+02	  48	  48	7.802857e-01	3.778029e+01	 838	 102	 101	  97	 114	fear	fear_1.png	
CEV	   1	  29	   1	   0	2.781566e+02	 100	   0	3.678571e-01	3.663214e+01	3725	 102	 101	  97	 114	fear	fear_7.png	
CEV	   1	  30	   1	   0	2.844735e+02	  54	  54	6.974286e-01	3.769743e+01	1418	 102	 101	  97	 114	fear	fear_13.png	
CEV	   1	  31	   1	   0	2.918239e+02	  74	  74	5.277143e-01	3.911086e+01	2606	 102	 101	  97	 114	fear	fear_6.png	
CEV	   1	  32	   1	   0	2.990849e+02	  79	   0	4.850000e-01	3.845500e+01	2905	 102	 101	  97	 114	fear	fear_19.png	
CEV	   1	  33	   1	   0	3.057787e+02	  93	   0	3.938571e-01	3.660614e+01	3543	 102	 101	  97	 114	fear	fear_10.png	
CEV	   1	  34	   1	   0	3.120443e+02	  42	  42	8.010000e-01	3.379600e+01	 693	 102	 101	  97	 114	fear	fear_2.png	
CEV	   1	  35	   1	   0	3.184148e+02	  51	   0	7.288571e-01	  37	1198	 102	 101	  97	 114	fear	fear_16.png	
CEV	   1	  36	   1	   0	3.258293e+02	  80	  80	4.875714e-01	3.895029e+01	2887	 102	 101	  97	 114	fear	fear_17.png	
CEV	   1	  37	   1	   0	3.328905e+02	  71	  71	5.300000e-01	3.753000e+01	2590	 102	 101	  97	 114	fear	fear_9.png	
CEV	   1	  38	   1	   0	3.400869e+02	  49	  49	6.868571e-01	3.356571e+01	1492	 102	 101	  97	 114	fear	fear_4.png	
CEV	   1	  39	   1	   0	3.464581e+02	  44	   0	7.830000e-01	3.465100e+01	 819	 102	 101	  97	 114	fear	fear_21.png	
CEV	   1	  40	   1	   0	3.542044e+02	 103	   0	3.511429e-01	3.629771e+01	3842	 102	 101	  97	 114	fear	fear_8.png	
CEV	   1	  41	   1	   0	3.610888e+02	  43	  43	8.042857e-01	3.458714e+01	 670	 102	 101	  97	 114	fear	fear_11.png	
CEV	   1	  42	   1	   0	3.680255e+02	  41	  41	8.655714e-01	3.526886e+01	 241	 102	 101	  97	 114	fear	fear_5.png	
DEV	   1	  43	   2	   0	4.401090e+02	  73	  73	7.528755e-01	5.516841e+01	 546	 104	  97	 112	 112	 121	happy	happy_2.png	
DEV	   1	  44	   2	   0	4.461808e+02	  69	  69	8.196769e-01	5.653889e+01	 290	 104	  97	 112	 112	 121	happy	happy_5.png	
DEV	   1	  45	   2	   0	4.526007e+02	  72	   0	6.114100e-01	4.420460e+01	1163	 104	  97	 112	 112	 121	happy	happy_9.png	
DEV	   1	  46	   2	   0	4.590736e+02	  69	   0	7.177457e-01	4.978011e+01	 688	 104	  97	 112	 112	 121	happy	happy_1.png	
DEV	   1	  47	   2	   0	4.664326e+02	  82	   0	3.589960e-01	2.949930e+01	3004	 104	  97	 112	 112	 121	happy	happy_11.png	
DEV	   1	  48	   2	   0	4.722868e+02	  65	  65	8.315706e-01	5.365495e+01	 246	 104	  97	 112	 112	 121	happy	happy_13.png	
DEV	   1	  49	   2	   0	4.796692e+02	  79	   0	3.286305e-01	2.600491e+01	3377	 104	  97	 112	 112	 121	happy	happy_17.png	
DEV	   1	  50	   2	   0	4.858402e+02	  74	   0	4.612489e-01	3.422337e+01	2051	 104	  97	 112	 112	 121	happy	happy_8.png	
DEV	   1	  51	   2	   0	4.921338e+02	  84	   0	4.057545e-01	3.398178e+01	2513	 104	  97	 112	 112	 121	happy	happy_21.png	
DEV	   1	  52	   2	   0	5.005227e+02	  80	   0	2.994255e-01	2.396005e+01	3756	 104	  97	 112	 112	 121	happy	happy_4.png	
DEV	   1	  53	   2	   0	5.057257e+02	  67	  67	8.169897e-01	5.480167e+01	 300	 104	  97	 112	 112	 121	happy	happy_7.png	
DEV	   1	  54	   2	   0	5.116462e+02	  67	   0	8.383782e-01	5.638479e+01	 221	 104	  97	 112	 112	 121	happy	happy_10.png	
DEV	   1	  55	   2	   0	5.174901e+02	  67	  67	7.810569e-01	5.260628e+01	 436	 104	  97	 112	 112	 121	happy	happy_14.png	
DEV	   1	  56	   2	   0	5.238965e+02	  67	  67	7.508582e-01	5.056350e+01	 554	 104	  97	 112	 112	 121	happy	happy_16.png	
DEV	   1	  57	   2	   0	5.299344e+02	  76	  76	7.331526e-01	5.564018e+01	 625	 104	  97	 112	 112	 121	happy	happy_6.png	
DEV	   1	  58	   2	   0	5.358551e+02	  73	  73	6.934260e-01	5.066539e+01	 790	 104	  97	 112	 112	 121	happy	happy_12.png	
DEV	   1	  59	   2	   0	5.420851e+02	  76	  76	7.373593e-01	5.586422e+01	 608	 104	  97	 112	 112	 121	happy	happy_15.png	
DEV	   1	  60	   2	   0	5.481604e+02	  71	  71	7.175035e-01	5.120349e+01	 689	 104	  97	 112	 112	 121	happy	happy_20.png	
DEV	   1	  61	   2	   0	5.539234e+02	  71	  71	7.216311e-01	5.140918e+01	 672	 104	  97	 112	 112	 121	happy	happy_3.png	
DEV	   1	  62	   2	   0	5.602125e+02	  70	  70	7.088335e-01	4.934847e+01	 725	 104	  97	 112	 112	 121	happy	happy_19.png	
DEV	   1	  63	   2	   0	5.669024e+02	  71	  71	6.622403e-01	4.697852e+01	 926	 104	  97	 112	 112	 121	happy	happy_18.png	
DEV	   1	  64	   2	   0	5.750353e+02	  82	  82	3.422755e-01	2.796395e+01	3205	 104	  97	 112	 112	 121	happy	happy_2.png	
DEV	   1	  65	   2	   0	5.816319e+02	  87	   0	3.192524e-01	2.791020e+01	3498	 104	  97	 112	 112	 121	happy	happy_17.png	
DEV	   1	  66	   2	   0	5.878664e+02	  74	  74	6.432723e-01	4.789431e+01	1012	 104	  97	 112	 112	 121	happy	happy_7.png	
DEV	   1	  67	   2	   0	5.955581e+02	  80	   0	3.656141e-01	2.923610e+01	2928	 104	  97	 112	 112	 121	happy	happy_3.png	
DEV	   1	  68	   2	   0	6.022885e+02	  73	  73	6.454475e-01	4.737300e+01	1002	 104	  97	 112	 112	 121	happy	happy_18.png	
DEV	   1	  69	   2	   0	6.079212e+02	  77	  77	6.437067e-01	4.985025e+01	1010	 104	  97	 112	 112	 121	happy	happy_10.png	
DEV	   1	  70	   2	   0	6.139821e+02	  72	  72	6.398087e-01	4.577652e+01	1028	 104	  97	 112	 112	 121	happy	happy_20.png	
DEV	   1	  71	   2	   0	6.217287e+02	  79	  79	3.397795e-01	2.676756e+01	3236	 104	  97	 112	 112	 121	happy	happy_19.png	
DEV	   1	  72	   2	   0	6.282594e+02	  79	   0	6.097737e-01	4.838084e+01	1171	 104	  97	 112	 112	 121	happy	happy_11.png	
DEV	   1	  73	   2	   0	6.353075e+02	  84	  84	3.238869e-01	2.729709e+01	3438	 104	  97	 112	 112	 121	happy	happy_16.png	
DEV	   1	  74	   2	   0	6.422096e+02	  71	  71	6.687690e-01	4.732131e+01	 897	 104	  97	 112	 112	 121	happy	happy_13.png	
DEV	   1	  75	   2	   0	6.501833e+02	  86	  86	3.199460e-01	2.764403e+01	3489	 104	  97	 112	 112	 121	happy	happy_5.png	
DEV	   1	  76	   2	   0	6.576431e+02	  78	  78	3.234222e-01	2.532208e+01	3444	 104	  97	 112	 112	 121	happy	happy_15.png	
DEV	   1	  77	   2	   0	6.651792e+02	  85	   0	3.111079e-01	2.634244e+01	3604	 104	  97	 112	 112	 121	happy	happy_12.png	
DEV	   1	  78	   2	   0	6.718006e+02	  75	  75	6.520212e-01	4.904357e+01	 972	 104	  97	 112	 112	 121	happy	happy_1.png	
DEV	   1	  79	   2	   0	6.783165e+02	  71	  71	7.463357e-01	5.335066e+01	 572	 104	  97	 112	 112	 121	happy	happy_8.png	
DEV	   1	  80	   2	   0	6.860426e+02	  85	  85	3.322356e-01	2.824591e+01	3331	 104	  97	 112	 112	 121	happy	happy_21.png	
DEV	   1	  81	   2	   0	6.928867e+02	  75	  75	6.910841e-01	5.192267e+01	 800	 104	  97	 112	 112	 121	happy	happy_9.png	
DEV	   1	  82	   2	   0	6.988795e+02	  72	  72	7.093127e-01	5.079049e+01	 723	 104	  97	 112	 112	 121	happy	happy_4.png	
DEV	   1	  83	   2	   0	7.050573e+02	  75	  75	7.167774e-01	5.403424e+01	 692	 104	  97	 112	 112	 121	happy	happy_14.png	
DEV	   1	  84	   2	   0	7.115153e+02	  79	   0	6.342244e-01	4.991126e+01	1054	 104	  97	 112	 112	 121	happy	happy_6.png	
IEV	   1	  85	   3	   0	7.817438e+02	  19	  19	8.883923e-01	1.719954e+01	 622	 102	 101	  97	 114	fear	fear_4.png	
IEV	   1	  86	   3	   0	7.876381e+02	  34	  34	7.980988e-01	2.734890e+01	1724	 102	 101	  97	 114	fear	fear_12.png	
IEV	   1	  87	   3	   0	7.942180e+02	  27	  27	8.481652e-01	2.286271e+01	1259	 102	 101	  97	 114	fear	fear_17.png	
IEV	   1	  88	   3	   0	8.016747e+02	  56	   0	6.930303e-01	3.880062e+01	2418	 102	 101	  97	 114	fear	fear_5.png	
IEV	   1	  89	   3	   0	8.088226e+02	  43	  43	7.556002e-01	3.267248e+01	2032	 102	 101	  97	 114	fear	fear_13.png	
IEV	   1	  90	   3	   0	8.152930e+02	  58	  58	6.826643e-01	3.949811e+01	2477	 102	 101	  97	 114	fear	fear_19.png	
IEV	   1	  91	   3	   0	8.217307e+02	  58	   0	6.602698e-01	3.830756e+01	2601	 102	 101	  97	 114	fear	fear_8.png	
IEV	   1	  92	   3	   0	8.294955e+02	  65	  65	6.484101e-01	4.233574e+01	2665	 102	 101	  97	 114	fear	fear_11.png	
IEV	   1	  93	   3	   0	8.363161e+02	  66	  66	6.275897e-01	4.168253e+01	2775	 102	 101	  97	 114	fear	fear_14.png	
IEV	   1	  94	   3	   0	8.435315e+02	  70	  70	5.924727e-01	4.136614e+01	2955	 102	 101	  97	 114	fear	fear_16.png	
IEV	   1	  95	   3	   0	8.503126e+02	  79	  79	5.662355e-01	4.460759e+01	3086	 102	 101	  97	 114	fear	fear_2.png	
IEV	   1	  96	   3	   0	8.577147e+02	  84	  84	5.563004e-01	4.681036e+01	3135	 102	 101	  97	 114	fear	fear_9.png	
IEV	   1	  97	   3	   0	8.657016e+02	  87	  87	5.210150e-01	4.538692e+01	3307	 102	 101	  97	 114	fear	fear_18.png	
IEV	   1	  98	   3	   0	8.725898e+02	  98	  98	4.823623e-01	4.733274e+01	3493	 102	 101	  97	 114	fear	fear_1.png	
IEV	   1	  99	   3	   0	8.806440e+02	 109	   0	4.514449e-01	4.923073e+01	3641	 102	 101	  97	 114	fear	fear_3.png	
IEV	   1	 100	   3	   0	8.885713e+02	 106	 106	4.631486e-01	4.916931e+01	3585	 102	 101	  97	 114	fear	fear_20.png	
IEV	   1	 101	   3	   0	8.959254e+02	 114	   0	4.547888e-01	5.181099e+01	3625	 102	 101	  97	 114	fear	fear_21.png	
IEV	   1	 102	   3	   0	9.031708e+02	 106	 106	4.623127e-01	4.920640e+01	3589	 102	 101	  97	 114	fear	fear_6.png	
IEV	   1	 103	   3	   0	9.107317e+02	 110	 110	4.491461e-01	4.933216e+01	3652	 102	 101	  97	 114	fear	fear_7.png	
IEV	   1	 104	   3	   0	9.185595e+02	 108	 108	4.633576e-01	5.008674e+01	3584	 102	 101	  97	 114	fear	fear_15.png	
IEV	   1	 105	   3	   0	9.253129e+02	 112	   0	4.526988e-01	5.053328e+01	3635	 102	 101	  97	 114	fear	fear_10.png	
IEV	   1	 106	   3	   0	9.338539e+02	 106	 106	4.577148e-01	4.849370e+01	3611	 102	 101	  97	 114	fear	fear_16.png	
IEV	   1	 107	   3	   0	9.403430e+02	  15	  15	8.975814e-01	1.362827e+01	 283	 102	 101	  97	 114	fear	fear_3.png	
IEV	   1	 108	   3	   0	9.475777e+02	 107	   0	4.604318e-01	4.928959e+01	3598	 102	 101	  97	 114	fear	fear_19.png	
IEV	   1	 109	   3	   0	9.556175e+02	 105	 105	4.583418e-01	4.800658e+01	3608	 102	 101	  97	 114	fear	fear_1.png	
IEV	   1	 110	   3	   0	9.630691e+02	 113	 113	4.537438e-01	5.139749e+01	3630	 102	 101	  97	 114	fear	fear_20.png	
IEV	   1	 111	   3	   0	9.713167e+02	 114	   0	4.552068e-01	5.179486e+01	3623	 102	 101	  97	 114	fear	fear_13.png	
IEV	   1	 112	   3	   0	9.790470e+02	 107	   0	4.627306e-01	4.965059e+01	3587	 102	 101	  97	 114	fear	fear_15.png	
IEV	   1	 113	   3	   0	9.860596e+02	 102	 102	4.702528e-01	4.791079e+01	3551	 102	 101	  97	 114	fear	fear_5.png	
IEV	   1	 114	   3	   0	9.935972e+02	 113	   0	4.598048e-01	5.207607e+01	3601	 102	 101	  97	 114	fear	fear_7.png	
IEV	   1	 115	   3	   0	1.001561e+03	  69	  69	6.123253e-01	4.198159e+01	2854	 102	 101	  97	 114	fear	fear_6.png	
IEV	   1	 116	   3	   0	1.009032e+03	  88	   0	5.292700e-01	4.653890e+01	3267	 102	 101	  97	 114	fear	fear_18.png	
IEV	   1	 117	   3	   0	1.016981e+03	 112	 112	4.552068e-01	5.088444e+01	3623	 102	 101	  97	 114	fear	fear_2.png	
IEV	   1	 118	   3	   0	1.023971e+03	 101	   0	4.798582e-01	4.841321e+01	3505	 102	 101	  97	 114	fear	fear_21.png	
IEV	   1	 119	   3	   0	1.030588e+03	  18	   0	8.711721e-01	1.553627e+01	 958	 102	 101	  97	 114	fear	fear_4.png	
IEV	   1	 120	   3	   0	1.037447e+03	 114	   0	4.549978e-01	5.180292e+01	3624	 102	 101	  97	 114	fear	fear_14.png	
IEV	   1	 121	   3	   0	1.044242e+03	  16	  16	8.853327e-01	1.418331e+01	 696	 102	 101	  97	 114	fear	fear_10.png	
IEV	   1	 122	   3	   0	1.052149e+03	  48	  48	7.074445e-01	3.426424e+01	2334	 102	 101	  97	 114	fear	fear_8.png	
IEV	   1	 123	   3	   0	1.059612e+03	 107	   0	4.501910e-01	4.838574e+01	3647	 102	 101	  97	 114	fear	fear_12.png	
IEV	   1	 124	   3	   0	1.065528e+03	  14	  14	8.962529e-01	1.211652e+01	 355	 102	 101	  97	 114	fear	fear_11.png	
IEV	   1	 125	   3	   0	1.073120e+03	 100	   0	4.850742e-01	4.865647e+01	3480	 102	 101	  97	 114	fear	fear_9.png	
IEV	   1	 126	   3	   0	1.081400e+03	 116	   0	4.430870e-01	5.136933e+01	3681	 102	 101	  97	 114	fear	fear_17.png	
CEVR	   1	 127	   4	   0	1.152608e+03	 150	   0	2.535239e-01	3.801410e+01	1192	 115	  99	 114	  97	 109	scram	scram_11.png	
CEVR	   1	 128	   4	   0	1.158442e+03	 171	 171	2.190831e-01	3.743817e+01	 389	 115	  99	 114	  97	 109	scram	scram_2.png	
CEVR	   1	 129	   4	   0	1.164268e+03	 164	   0	2.183811e-01	3.590809e+01	 370	 115	  99	 114	  97	 109	scram	scram_4.png	
CEVR	   1	 130	   4	   0	1.170265e+03	 171	   0	2.163020e-01	  37	 313	 115	  99	 114	  97	 109	scram	scram_9.png	
CEVR	   1	 131	   4	   0	1.176568e+03	 146	   0	2.603538e-01	3.804142e+01	1326	 115	  99	 114	  97	 109	scram	scram_19.png	
CEVR	   1	 132	   4	   0	1.183682e+03	 126	   0	2.949886e-01	3.729499e+01	1910	 115	  99	 114	  97	 109	scram	scram_5.png	
CEVR	   1	 133	   4	   0	1.189488e+03	 162	   0	2.324955e-01	3.769749e+01	 730	 115	  99	 114	  97	 109	scram	scram_21.png	
CEVR	   1	 134	   4	   0	1.196072e+03	 106	 106	3.395385e-01	3.598138e+01	2486	 115	  99	 114	  97	 109	scram	scram_3.png	
CEVR	   1	 135	   4	   0	1.202554e+03	 114	 114	3.377673e-01	3.835107e+01	2466	 115	  99	 114	  97	 109	scram	scram_14.png	
CEVR	   1	 136	   4	   0	1.209276e+03	 118	 118	3.129531e-01	  37	2162	 115	  99	 114	  97	 109	scram	scram_17.png	
CEVR	   1	 137	   4	   0	1.216966e+03	 119	   0	3.235882e-01	3.861794e+01	2298	 115	  99	 114	  97	 109	scram	scram_12.png	
CEVR	   1	 138	   4	   0	1.224659e+03	 104	   0	3.563566e-01	3.700000e+01	2666	 115	  99	 114	  97	 109	scram	scram_20.png	
CEVR	   1	 139	   4	   0	1.232026e+03	 112	   0	3.196742e-01	3.572130e+01	2249	 115	  99	 114	  97	 109	scram	scram_13.png	
CEVR	   1	 140	   4	   0	1.239169e+03	  89	  89	3.926622e-01	3.503669e+01	3002	 115	  99	 114	  97	 109	scram	scram_8.png	
CEVR	   1	 141	   4	   0	1.245936e+03	  87	  87	4.243119e-01	3.700000e+01	3248	 115	  99	 114	  97	 109	scram	scram_18.png	
CEVR	   1	 142	   4	   0	1.253820e+03	  90	   0	4.272517e-01	3.828176e+01	3269	 115	  99	 114	  97	 109	scram	scram_10.png	
CEVR	   1	 143	   4	   0	1.261940e+03	  80	  80	4.717668e-01	3.794353e+01	3555	 115	  99	 114	  97	 109	scram	scram_15.png	
CEVR	   1	 144	   4	   0	1.269612e+03	  77	   0	4.901590e-01	3.798032e+01	3658	 115	  99	 114	  97	 109	scram	scram_16.png	
CEVR	   1	 145	   4	   0	1.277244e+03	  72	   0	5.562715e-01	3.978136e+01	3972	 115	  99	 114	  97	 109	scram	scram_1.png	
CEVR	   1	 146	   4	   0	1.283746e+03	 163	   0	2.319126e-01	3.769574e+01	 716	 115	  99	 114	  97	 109	scram	scram_7.png	
CEVR	   1	 147	   4	   0	1.290232e+03	 137	   0	2.674515e-01	3.673255e+01	1458	 115	  99	 114	  97	 109	scram	scram_6.png	
CEVR	   1	 148	   4	   0	1.297622e+03	 111	 111	3.214995e-01	3.571400e+01	2272	 115	  99	 114	  97	 109	scram	scram_16.png	
CEVR	   1	 149	   4	   0	1.305300e+03	 113	   0	3.177134e-01	3.604686e+01	2224	 115	  99	 114	  97	 109	scram	scram_15.png	
CEVR	   1	 150	   4	   0	1.312336e+03	 115	   0	3.290978e-01	3.798729e+01	2365	 115	  99	 114	  97	 109	scram	scram_8.png	
CEVR	   1	 151	   4	   0	1.319525e+03	 100	   0	3.547945e-01	3.558082e+01	2650	 115	  99	 114	  97	 109	scram	scram_4.png	
CEVR	   1	 152	   4	   0	1.325651e+03	 152	   0	2.426912e-01	  37	 964	 115	  99	 114	  97	 109	scram	scram_1.png	
CEVR	   1	 153	   4	   0	1.332754e+03	 116	   0	3.249686e-01	3.764994e+01	2315	 115	  99	 114	  97	 109	scram	scram_5.png	
CEVR	   1	 154	   4	   0	1.340030e+03	  96	   0	3.764535e-01	3.624709e+01	2860	 115	  99	 114	  97	 109	scram	scram_9.png	
CEVR	   1	 155	   4	   0	1.345837e+03	 154	   0	2.322453e-01	3.583877e+01	 724	 115	  99	 114	  97	 109	scram	scram_10.png	
CEVR	   1	 156	   4	   0	1.351753e+03	 144	 144	2.509690e-01	3.624709e+01	1140	 115	  99	 114	  97	 109	scram	scram_21.png	
CEVR	   1	 157	   4	   0	1.358898e+03	 133	 133	2.754147e-01	3.672459e+01	1598	 115	  99	 114	  97	 109	scram	scram_18.png	
CEVR	   1	 158	   4	   0	1.365257e+03	 134	   0	2.770646e-01	  37	1626	 115	  99	 114	  97	 109	scram	scram_11.png	
CEVR	   1	 159	   4	   0	1.371562e+03	 154	   0	2.485605e-01	3.824280e+01	1090	 115	  99	 114	  97	 109	scram	scram_2.png	
CEVR	   1	 160	   4	   0	1.378001e+03	 143	   0	2.515540e-01	3.599378e+01	1152	 115	  99	 114	  97	 109	scram	scram_7.png	
CEVR	   1	 161	   4	   0	1.384740e+03	 104	   0	3.486807e-01	3.630264e+01	2586	 115	  99	 114	  97	 109	scram	scram_13.png	
CEVR	   1	 162	   4	   0	1.392306e+03	  93	   0	3.969957e-01	3.700000e+01	3038	 115	  99	 114	  97	 109	scram	scram_3.png	
CEVR	   1	 163	   4	   0	1.399293e+03	 108	   0	3.390940e-01	3.666091e+01	2481	 115	  99	 114	  97	 109	scram	scram_14.png	
CEVR	   1	 164	   4	   0	1.406710e+03	  84	   0	4.325317e-01	3.613494e+01	3306	 115	  99	 114	  97	 109	scram	scram_19.png	
CEVR	   1	 165	   4	   0	1.412336e+03	 149	   0	2.517007e-01	3.750340e+01	1155	 115	  99	 114	  97	 109	scram	scram_17.png	
CEVR	   1	 166	   4	   0	1.419216e+03	 152	   0	2.474207e-01	3.749484e+01	1066	 115	  99	 114	  97	 109	scram	scram_6.png	
CEVR	   1	 167	   4	   0	1.425822e+03	 134	 134	2.696232e-01	3.619113e+01	1497	 115	  99	 114	  97	 109	scram	scram_20.png	
CEVR	   1	 168	   4	   0	1.433121e+03	 154	 154	2.484651e-01	3.824233e+01	1088	 115	  99	 114	  97	 109	scram	scram_12.png	
CEV	   1	 169	   5	   0	1.505041e+03	  41	  41	8.064286e-01	3.296786e+01	 655	 104	  97	 112	 112	 121	happy	happy_19.png	
CEV	   1	 170	   5	   0	1.511198e+03	  52	  52	7.638571e-01	4.005543e+01	 953	 104	  97	 112	 112	 121	happy	happy_15.png	
CEV	   1	 171	   5	   0	1.517403e+03	  47	  47	7.421429e-01	3.477357e+01	1105	 104	  97	 112	 112	 121	happy	happy_18.png	
CEV	   1	 172	   5	   0	1.524921e+03	  82	   0	4.524286e-01	  37	3133	 104	  97	 112	 112	 121	happy	happy_13.png	
CEV	   1	 173	   5	   0	1.530981e+03	  42	   0	8.161429e-01	3.455157e+01	 587	 104	  97	 112	 112	 121	happy	happy_8.png	
CEV	   1	 174	   5	   0	1.537874e+03	  51	  51	7.465714e-01	3.774657e+01	1074	 104	  97	 112	 112	 121	happy	happy_11.png	
CEV	   1	 175	   5	   0	1.544477e+03	  69	  69	5.144286e-01	3.545671e+01	2699	 104	  97	 112	 112	 121	happy	happy_12.png	
CEV	   1	 176	   5	   0	1.551073e+03	  48	  48	7.755714e-01	  37	 871	 104	  97	 112	 112	 121	happy	happy_7.png	
CEV	   1	 177	   5	   0	1.557684e+03	  51	  51	7.397143e-01	3.773971e+01	1122	 104	  97	 112	 112	 121	happy	happy_3.png	
CEV	   1	 178	   5	   0	1.565431e+03	  77	   0	4.721429e-01	3.652786e+01	2995	 104	  97	 112	 112	 121	happy	happy_20.png	
CEV	   1	 179	   5	   0	1.572763e+03	  79	  79	4.542857e-01	3.609143e+01	3120	 104	  97	 112	 112	 121	happy	happy_9.png	
CEV	   1	 180	   5	   0	1.580499e+03	  89	  89	4.184286e-01	3.741843e+01	3371	 104	  97	 112	 112	 121	happy	happy_17.png	
CEV	   1	 181	   5	   0	1.587731e+03	  90	   0	4.242857e-01	3.827286e+01	3330	 104	  97	 112	 112	 121	happy	happy_6.png	
CEV	   1	 182	   5	   0	1.593291e+03	  48	  48	8.114286e-01	3.862286e+01	 620	 104	  97	 112	 112	 121	happy	happy_2.png	
CEV	   1	 183	   5	   0	1.601265e+03	  68	  68	5.507143e-01	3.755071e+01	2445	 104	  97	 112	 112	 121	happy	happy_4.png	
CEV	   1	 184	   5	   0	1.609443e+03	  95	   0	4.062857e-01	3.862514e+01	3456	 104	  97	 112	 112	 121	happy	happy_5.png	
CEV	   1	 185	   5	   0	1.617259e+03	 104	 104	3.671429e-01	3.810143e+01	3730	 104	  97	 112	 112	 121	happy	happy_1.png	
CEV	   1	 186	   5	   0	1.623213e+03	  50	  50	7.564286e-01	3.775643e+01	1005	 104	  97	 112	 112	 121	happy	happy_14.png	
CEV	   1	 187	   5	   0	1.629700e+03	  49	  49	7.465714e-01	3.625343e+01	1074	 104	  97	 112	 112	 121	happy	happy_16.png	
CEV	   1	 188	   5	   0	1.635772e+03	  46	  46	7.515714e-01	3.474529e+01	1039	 104	  97	 112	 112	 121	happy	happy_10.png	
CEV	   1	 189	   5	   0	1.643516e+03	  93	  93	3.927143e-01	3.660729e+01	3551	 104	  97	 112	 112	 121	happy	happy_21.png	
CEV	   1	 190	   5	   0	1.651378e+03	  98	   0	3.828571e-01	3.738286e+01	3620	 104	  97	 112	 112	 121	happy	happy_9.png	
CEV	   1	 191	   5	   0	1.659076e+03	  94	   0	4.040000e-01	3.780800e+01	3472	 104	  97	 112	 112	 121	happy	happy_7.png	
CEV	   1	 192	   5	   0	1.665840e+03	  91	  91	4.107143e-01	3.741071e+01	3425	 104	  97	 112	 112	 121	happy	happy_18.png	
CEV	   1	 193	   5	   0	1.673620e+03	  81	  81	4.350000e-01	3.526000e+01	3255	 104	  97	 112	 112	 121	happy	happy_15.png	
CEV	   1	 194	   5	   0	1.680624e+03	  93	   0	3.995714e-01	  37	3503	 104	  97	 112	 112	 121	happy	happy_17.png	
CEV	   1	 195	   5	   0	1.687130e+03	  47	   0	7.705714e-01	3.622943e+01	 906	 104	  97	 112	 112	 121	happy	happy_3.png	
CEV	   1	 196	   5	   0	1.694028e+03	  94	   0	4.012857e-01	3.780257e+01	3491	 104	  97	 112	 112	 121	happy	happy_5.png	
CEV	   1	 197	   5	   0	1.701146e+03	  65	  65	5.672857e-01	  37	2329	 104	  97	 112	 112	 121	happy	happy_2.png	
CEV	   1	 198	   5	   0	1.708554e+03	  96	   0	3.701429e-01	3.551943e+01	3709	 104	  97	 112	 112	 121	happy	happy_13.png	
CEV	   1	 199	   5	   0	1.714881e+03	  53	  53	7.407143e-01	3.922214e+01	1115	 104	  97	 112	 112	 121	happy	happy_12.png	
CEV	   1	 200	   5	   0	1.721121e+03	  46	  46	7.327143e-01	3.406914e+01	1171	 104	  97	 112	 112	 121	happy	happy_11.png	
CEV	   1	 201	   5	   0	1.727976e+03	  44	  44	7.854286e-01	3.464371e+01	 802	 104	  97	 112	 112	 121	happy	happy_4.png	
CEV	   1	 202	   5	   0	1.735275e+03	  49	  49	7.442857e-01	3.625571e+01	1090	 104	  97	 112	 112	 121	happy	happy_19.png	
CEV	   1	 203	   5	   0	1.741939e+03	  53	   0	6.974286e-01	  37	1418	 104	  97	 112	 112	 121	happy	happy_6.png	
CEV	   1	 204	   5	   0	1.748327e+03	  43	   0	8.618571e-01	  37	 267	 104	  97	 112	 112	 121	happy	happy_16.png	
CEV	   1	 205	   5	   0	1.755747e+03	  74	   0	5.098571e-01	3.750986e+01	2731	 104	  97	 112	 112	 121	happy	happy_21.png	
CEV	   1	 206	   5	   0	1.763421e+03	  76	   0	4.660000e-01	3.560200e+01	3038	 104	  97	 112	 112	 121	happy	happy_8.png	
CEV	   1	 207	   5	   0	1.770287e+03	  87	   0	4.142857e-01	3.617143e+01	3400	 104	  97	 112	 112	 121	happy	happy_10.png	
CEV	   1	 208	   5	   0	1.777611e+03	  96	  96	3.945714e-01	3.778914e+01	3538	 104	  97	 112	 112	 121	happy	happy_1.png	
CEV	   1	 209	   5	   0	1.784494e+03	  83	  83	4.355714e-01	3.612886e+01	3251	 104	  97	 112	 112	 121	happy	happy_20.png	
CEV	   1	 210	   5	   0	1.791155e+03	  51	   0	7.558571e-01	3.851171e+01	1009	 104	  97	 112	 112	 121	happy	happy_14.png	
IEV	   1	 211	   6	   0	1.859646e+03	  17	  17	8.877646e-01	1.553392e+01	 638	 115	  99	 114	  97	 109	scram	scram_1.png	
IEV	   1	 212	   6	   0	1.866026e+03	  28	  28	8.511342e-01	2.420809e+01	1225	 115	  99	 114	  97	 109	scram	scram_2.png	
IEV	   1	 213	   6	   0	1.872280e+03	  33	  33	8.175241e-01	2.705088e+01	1562	 115	  99	 114	  97	 109	scram	scram_20.png	
IEV	   1	 214	   6	   0	1.878015e+03	  25	  25	8.825060e-01	2.171834e+01	 757	 115	  99	 114	  97	 109	scram	scram_19.png	
IEV	   1	 215	   6	   0	1.884488e+03	  36	  36	7.911651e-01	2.879763e+01	1778	 115	  99	 114	  97	 109	scram	scram_21.png	
IEV	   1	 216	   6	   0	1.892353e+03	  76	   0	5.803182e-01	4.383169e+01	3016	 115	  99	 114	  97	 109	scram	scram_16.png	
IEV	   1	 217	   6	   0	1.898706e+03	  35	  35	7.894623e-01	2.737615e+01	1791	 115	  99	 114	  97	 109	scram	scram_11.png	
IEV	   1	 218	   6	   0	1.904815e+03	  22	  22	8.745872e-01	1.940090e+01	 903	 115	  99	 114	  97	 109	scram	scram_10.png	
IEV	   1	 219	   6	   0	1.911840e+03	  54	   0	6.721085e-01	3.615851e+01	2536	 115	  99	 114	  97	 109	scram	scram_9.png	
IEV	   1	 220	   6	   0	1.918415e+03	  60	  60	6.543644e-01	3.935583e+01	2633	 115	  99	 114	  97	 109	scram	scram_3.png	
IEV	   1	 221	   6	   0	1.926253e+03	 103	   0	4.687904e-01	4.844838e+01	3558	 115	  99	 114	  97	 109	scram	scram_13.png	
IEV	   1	 222	   6	   0	1.932481e+03	  14	  14	8.975323e-01	1.274118e+01	 286	 115	  99	 114	  97	 109	scram	scram_15.png	
IEV	   1	 223	   6	   0	1.940246e+03	  39	   0	7.582757e-01	2.941869e+01	2014	 115	  99	 114	  97	 109	scram	scram_17.png	
IEV	   1	 224	   6	   0	1.945799e+03	  21	  21	8.698048e-01	1.834469e+01	 979	 115	  99	 114	  97	 109	scram	scram_8.png	
IEV	   1	 225	   6	   0	1.952394e+03	  27	  27	8.277255e-01	2.268296e+01	1469	 115	  99	 114	  97	 109	scram	scram_5.png	
IEV	   1	 226	   6	   0	1.959463e+03	  72	  72	5.797175e-01	4.154638e+01	3019	 115	  99	 114	  97	 109	scram	scram_7.png	
IEV	   1	 227	   6	   0	1.966804e+03	  75	  75	5.906867e-01	4.442713e+01	2964	 115	  99	 114	  97	 109	scram	scram_4.png	
IEV	   1	 228	   6	   0	1.974263e+03	  65	   0	6.239411e-01	4.065519e+01	2794	 115	  99	 114	  97	 109	scram	scram_6.png	
IEV	   1	 229	   6	   0	1.981390e+03	  71	   0	6.039171e-01	4.308349e+01	2897	 115	  99	 114	  97	 109	scram	scram_18.png	
IEV	   1	 230	   6	   0	1.989101e+03	  91	   0	5.216350e-01	4.744098e+01	3304	 115	  99	 114	  97	 109	scram	scram_14.png	
IEV	   1	 231	   6	   0	1.995898e+03	  27	  27	8.273012e-01	2.272960e+01	1473	 115	  99	 114	  97	 109	scram	scram_12.png	
IEV	   1	 232	   6	   0	2.004415e+03	  99	  99	4.781884e-01	4.753366e+01	3513	 115	  99	 114	  97	 109	scram	scram_15.png	
IEV	   1	 233	   6	   0	2.012874e+03	 109	 109	4.606408e-01	5.020164e+01	3597	 115	  99	 114	  97	 109	scram	scram_19.png	
IEV	   1	 234	   6	   0	2.021095e+03	 103	   0	4.769358e-01	4.902442e+01	3519	 115	  99	 114	  97	 109	scram	scram_5.png	
IEV	   1	 235	   6	   0	2.029146e+03	 125	 125	4.222204e-01	5.259226e+01	3781	 115	  99	 114	  97	 109	scram	scram_6.png	
IEV	   1	 236	   6	   0	2.036393e+03	 120	 120	4.316036e-01	5.181530e+01	3736	 115	  99	 114	  97	 109	scram	scram_21.png	
IEV	   1	 237	   6	   0	2.044074e+03	 129	   0	4.097347e-01	5.303839e+01	3841	 115	  99	 114	  97	 109	scram	scram_11.png	
IEV	   1	 238	   6	   0	2.051235e+03	 121	   0	4.184713e-01	5.063547e+01	3799	 115	  99	 114	  97	 109	scram	scram_20.png	
IEV	   1	 239	   6	   0	2.058830e+03	 114	   0	4.462208e-01	5.079913e+01	3666	 115	  99	 114	  97	 109	scram	scram_16.png	
IEV	   1	 240	   6	   0	2.066356e+03	  95	  95	5.181198e-01	4.916490e+01	3321	 115	  99	 114	  97	 109	scram	scram_10.png	
IEV	   1	 241	   6	   0	2.072641e+03	  18	  18	8.874033e-01	1.559736e+01	 647	 115	  99	 114	  97	 109	scram	scram_1.png	
IEV	   1	 242	   6	   0	2.079170e+03	  35	  35	8.215561e-01	2.910345e+01	1526	 115	  99	 114	  97	 109	scram	scram_12.png	
IEV	   1	 243	   6	   0	2.086441e+03	  42	  42	7.578314e-01	3.173073e+01	2017	 115	  99	 114	  97	 109	scram	scram_14.png	
IEV	   1	 244	   6	   0	2.092584e+03	  22	  22	8.733115e-01	1.958636e+01	 924	 115	  99	 114	  97	 109	scram	scram_4.png	
IEV	   1	 245	   6	   0	2.098625e+03	  19	  19	8.908561e-01	1.675587e+01	 554	 115	  99	 114	  97	 109	scram	scram_7.png	
IEV	   1	 246	   6	   0	2.106596e+03	  67	   0	6.198916e-01	4.152596e+01	2815	 115	  99	 114	  97	 109	scram	scram_8.png	
IEV	   1	 247	   6	   0	2.114112e+03	  87	  87	5.212216e-01	4.537610e+01	3306	 115	  99	 114	  97	 109	scram	scram_9.png	
IEV	   1	 248	   6	   0	2.121611e+03	  96	  96	4.871594e-01	4.661247e+01	3470	 115	  99	 114	  97	 109	scram	scram_13.png	
IEV	   1	 249	   6	   0	2.127718e+03	  54	  54	6.812439e-01	3.686738e+01	2485	 115	  99	 114	  97	 109	scram	scram_2.png	
IEV	   1	 250	   6	   0	2.135196e+03	  75	   0	5.779139e-01	4.338786e+01	3028	 115	  99	 114	  97	 109	scram	scram_18.png	
IEV	   1	 251	   6	   0	2.141948e+03	  24	  24	8.700023e-01	2.092670e+01	 976	 115	  99	 114	  97	 109	scram	scram_17.png	
IEV	   1	 252	   6	   0	2.148789e+03	  54	   0	7.096379e-01	3.835595e+01	2321	 115	  99	 114	  97	 109	scram	scram_3.png	
#23-May-2013
CEVR	   2	 253	   7	   0	1.194901e+01	 162	   0	2.313326e-01	3.746267e+01	 702	 104	  97	 112	 112	 121	happy	happy_5.png	
CEVR	   2	 254	   7	   0	1.904784e+01	  86	  86	4.272517e-01	3.657275e+01	3269	 104	  97	 112	 112	 121	happy	happy_3.png	
CEVR	   2	 255	   7	   0	2.710419e+01	  81	  81	4.437971e-01	3.611241e+01	3382	 104	  97	 112	 112	 121	happy	happy_10.png	
CEVR	   2	 256	   7	   0	3.431425e+01	  78	  78	4.606901e-01	3.607862e+01	3489	 104	  97	 112	 112	 121	happy	happy_1.png	
CEVR	   2	 257	   7	   0	4.147145e+01	 150	   0	2.524366e-01	3.775731e+01	1170	 104	  97	 112	 112	 121	happy	happy_9.png	
CEVR	   2	 258	   7	   0	4.778126e+01	 164	   0	2.307966e-01	3.792319e+01	 689	 104	  97	 112	 112	 121	happy	happy_7.png	
CEVR	   2	 259	   7	   0	5.454374e+01	 103	   0	3.693668e-01	3.810810e+01	2794	 104	  97	 112	 112	 121	happy	happy_14.png	
CEVR	   2	 260	   7	   0	6.224042e+01	  85	   0	4.537491e-01	3.836125e+01	3446	 104	  97	 112	 112	 121	happy	happy_17.png	
CEVR	   2	 261	   7	   0	6.837726e+01	 153	 153	2.401706e-01	3.675983e+01	 908	 104	  97	 112	 112	 121	happy	happy_6.png	
CEVR	   2	 262	   7	   0	7.454599e+01	 160	   0	2.357117e-01	3.770714e+01	 806	 104	  97	 112	 112	 121	happy	happy_16.png	
CEVR	   2	 263	   7	   0	8.182230e+01	  86	   0	4.205911e-01	3.615882e+01	3221	 104	  97	 112	 112	 121	happy	happy_11.png	
CEVR	   2	 264	   7	   0	8.928276e+01	  94	   0	3.908844e-01	3.660912e+01	2987	 104	  97	 112	 112	 121	happy	happy_19.png	
CEVR	   2	 265	   7	   0	9.564535e+01	 156	 156	2.423732e-01	3.772712e+01	 957	 104	  97	 112	 112	 121	happy	happy_13.png	
CEVR	   2	 266	   7	   0	1.021221e+02	 150	   0	2.531769e-01	3.801271e+01	1185	 104	  97	 112	 112	 121	happy	happy_4.png	
CEVR	   2	 267	   7	   0	1.091838e+02	  89	   0	4.163987e-01	  37	3190	 104	  97	 112	 112	 121	happy	happy_12.png	
CEVR	   2	 268	   7	   0	1.159855e+02	 151	 151	2.462914e-01	3.724629e+01	1042	 104	  97	 112	 112	 121	happy	happy_21.png	
CEVR	   2	 269	   7	   0	1.231729e+02	  90	   0	3.972393e-01	3.580828e+01	3040	 104	  97	 112	 112	 121	happy	happy_18.png	
CEVR	   2	 270	   7	   0	1.309651e+02	  89	   0	4.244510e-01	3.784890e+01	3249	 104	  97	 112	 112	 121	happy	happy_8.png	
CEVR	   2	 271	   7	   0	1.391388e+02	  80	  80	4.792746e-01	3.843782e+01	3598	 104	  97	 112	 112	 121	happy	happy_2.png	
CEVR	   2	 272	   7	   0	1.464274e+02	  88	  88	4.225122e-01	3.700000e+01	3235	 104	  97	 112	 112	 121	happy	happy_15.png	
CEVR	   2	 273	   7	   0	1.525525e+02	 150	 150	2.403935e-01	3.603843e+01	 913	 104	  97	 112	 112	 121	happy	happy_20.png	
CEVR	   2	 274	   7	   0	1.597580e+02	 157	   0	2.386217e-01	3.747724e+01	 873	 104	  97	 112	 112	 121	happy	happy_15.png	
CEVR	   2	 275	   7	   0	1.665728e+02	 157	   0	2.309201e-01	3.630724e+01	 692	 104	  97	 112	 112	 121	happy	happy_4.png	
CEVR	   2	 276	   7	   0	1.734009e+02	  82	  82	4.290921e-01	3.528363e+01	3282	 104	  97	 112	 112	 121	happy	happy_18.png	
CEVR	   2	 277	   7	   0	1.808086e+02	  96	   0	4.017996e-01	3.860720e+01	3077	 104	  97	 112	 112	 121	happy	happy_12.png	
CEVR	   2	 278	   7	   0	1.866939e+02	 155	   0	2.458238e-01	3.798330e+01	1032	 104	  97	 112	 112	 121	happy	happy_5.png	
CEVR	   2	 279	   7	   0	1.927092e+02	 161	   0	2.308789e-01	3.723088e+01	 691	 104	  97	 112	 112	 121	happy	happy_3.png	
CEVR	   2	 280	   7	   0	1.995324e+02	 153	   0	2.476573e-01	3.799063e+01	1071	 104	  97	 112	 112	 121	happy	happy_11.png	
CEVR	   2	 281	   7	   0	2.059641e+02	 149	   0	2.408406e-01	3.579580e+01	 923	 104	  97	 112	 112	 121	happy	happy_2.png	
CEVR	   2	 282	   7	   0	2.141046e+02	  87	   0	4.326762e-01	3.743268e+01	3307	 104	  97	 112	 112	 121	happy	happy_19.png	
CEVR	   2	 283	   7	   0	2.212718e+02	  77	   0	4.778598e-01	  37	3590	 104	  97	 112	 112	 121	happy	happy_1.png	
CEVR	   2	 284	   7	   0	2.280596e+02	 113	 113	3.348849e-01	3.800465e+01	2433	 104	  97	 112	 112	 121	happy	happy_6.png	
CEVR	   2	 285	   7	   0	2.347435e+02	 139	   0	2.657501e-01	  37	1427	 104	  97	 112	 112	 121	happy	happy_20.png	
CEVR	   2	 286	   7	   0	2.419254e+02	  83	   0	4.501217e-01	3.745012e+01	3423	 104	  97	 112	 112	 121	happy	happy_17.png	
CEVR	   2	 287	   7	   0	2.484615e+02	 139	   0	2.708638e-01	3.754173e+01	1519	 104	  97	 112	 112	 121	happy	happy_14.png	
CEVR	   2	 288	   7	   0	2.553574e+02	 101	   0	3.546973e-01	3.593591e+01	2649	 104	  97	 112	 112	 121	happy	happy_13.png	
CEVR	   2	 289	   7	   0	2.616058e+02	 166	   0	2.177935e-01	3.612883e+01	 354	 104	  97	 112	 112	 121	happy	happy_7.png	
CEVR	   2	 290	   7	   0	2.682623e+02	 160	   0	2.335016e-01	3.746700e+01	 754	 104	  97	 112	 112	 121	happy	happy_8.png	
CEVR	   2	 291	   7	   0	2.758110e+02	  88	   0	4.394299e-01	3.875772e+01	3353	 104	  97	 112	 112	 121	happy	happy_10.png	
CEVR	   2	 292	   7	   0	2.838005e+02	 102	   0	3.737374e-01	3.812121e+01	2835	 104	  97	 112	 112	 121	happy	happy_9.png	
CEVR	   2	 293	   7	   0	2.897297e+02	 135	   0	2.823196e-01	3.812928e+01	1713	 104	  97	 112	 112	 121	happy	happy_16.png	
CEVR	   2	 294	   7	   0	2.971839e+02	  73	  73	4.733187e-01	3.463341e+01	3564	 104	  97	 112	 112	 121	happy	happy_21.png	
DEV	   2	 295	   8	   0	3.665711e+02	  79	  79	6.406727e-01	5.030820e+01	1024	 115	  99	 114	  97	 109	scram	scram_17.png	
DEV	   2	 296	   8	   0	3.728546e+02	  80	  80	5.307188e-01	4.265946e+01	1594	 115	  99	 114	  97	 109	scram	scram_12.png	
DEV	   2	 297	   8	   0	3.797881e+02	  75	  75	6.739939e-01	5.028922e+01	 874	 115	  99	 114	  97	 109	scram	scram_21.png	
DEV	   2	 298	   8	   0	3.875115e+02	  78	   0	3.346814e-01	2.608524e+01	3300	 115	  99	 114	  97	 109	scram	scram_10.png	
DEV	   2	 299	   8	   0	3.935283e+02	  71	  71	7.179880e-01	5.122772e+01	 687	 115	  99	 114	  97	 109	scram	scram_14.png	
DEV	   2	 300	   8	   0	4.010064e+02	  77	  77	5.634947e-01	4.312971e+01	1409	 115	  99	 114	  97	 109	scram	scram_1.png	
DEV	   2	 301	   8	   0	4.077360e+02	  73	  73	5.454335e-01	3.981825e+01	1509	 115	  99	 114	  97	 109	scram	scram_4.png	
DEV	   2	 302	   8	   0	4.145031e+02	  72	  72	5.675777e-01	4.111239e+01	1387	 115	  99	 114	  97	 109	scram	scram_19.png	
DEV	   2	 303	   8	   0	4.211894e+02	  68	  68	6.852630e-01	4.680175e+01	 825	 115	  99	 114	  97	 109	scram	scram_11.png	
DEV	   2	 304	   8	   0	4.279885e+02	  79	   0	4.125678e-01	3.240786e+01	2450	 115	  99	 114	  97	 109	scram	scram_5.png	
DEV	   2	 305	   8	   0	4.351999e+02	  79	  79	5.522008e-01	4.352967e+01	1471	 115	  99	 114	  97	 109	scram	scram_9.png	
DEV	   2	 306	   8	   0	4.418047e+02	  77	  77	5.543622e-01	4.256061e+01	1459	 115	  99	 114	  97	 109	scram	scram_13.png	
DEV	   2	 307	   8	   0	4.482386e+02	  73	  73	5.438478e-01	3.972461e+01	1518	 115	  99	 114	  97	 109	scram	scram_20.png	
DEV	   2	 308	   8	   0	4.546062e+02	  76	   0	7.428339e-01	5.615299e+01	 586	 115	  99	 114	  97	 109	scram	scram_6.png	
DEV	   2	 309	   8	   0	4.613685e+02	  75	  75	5.339575e-01	4.020559e+01	1575	 115	  99	 114	  97	 109	scram	scram_3.png	
DEV	   2	 310	   8	   0	4.690061e+02	  85	   0	2.862517e-01	2.444370e+01	3925	 115	  99	 114	  97	 109	scram	scram_18.png	
DEV	   2	 311	   8	   0	4.750013e+02	  76	  76	5.578085e-01	4.221808e+01	1440	 115	  99	 114	  97	 109	scram	scram_2.png	
DEV	   2	 312	   8	   0	4.819556e+02	  87	  87	3.301946e-01	2.875401e+01	3357	 115	  99	 114	  97	 109	scram	scram_16.png	
DEV	   2	 313	   8	   0	4.900868e+02	  79	  79	3.338909e-01	2.636585e+01	3310	 115	  99	 114	  97	 109	scram	scram_15.png	
DEV	   2	 314	   8	   0	4.973754e+02	  80	   0	3.249724e-01	2.607766e+01	3424	 115	  99	 114	  97	 109	scram	scram_7.png	
DEV	   2	 315	   8	   0	5.035208e+02	  78	  78	5.405219e-01	4.223039e+01	1537	 115	  99	 114	  97	 109	scram	scram_8.png	
DEV	   2	 316	   8	   0	5.104035e+02	  81	   0	5.275091e-01	4.297247e+01	1613	 115	  99	 114	  97	 109	scram	scram_6.png	
DEV	   2	 317	   8	   0	5.169816e+02	  79	  79	5.647895e-01	4.433962e+01	1402	 115	  99	 114	  97	 109	scram	scram_5.png	
DEV	   2	 318	   8	   0	5.232132e+02	  78	   0	6.658342e-01	5.182846e+01	 910	 115	  99	 114	  97	 109	scram	scram_18.png	
DEV	   2	 319	   8	   0	5.289298e+02	  80	   0	6.286947e-01	5.019730e+01	1080	 115	  99	 114	  97	 109	scram	scram_2.png	
DEV	   2	 320	   8	   0	5.355290e+02	  80	  80	5.570805e-01	4.440171e+01	1444	 115	  99	 114	  97	 109	scram	scram_14.png	
DEV	   2	 321	   8	   0	5.417818e+02	  74	  74	5.382631e-01	3.993205e+01	1550	 115	  99	 114	  97	 109	scram	scram_7.png	
DEV	   2	 322	   8	   0	5.485811e+02	  73	  73	5.574444e-01	4.052339e+01	1442	 115	  99	 114	  97	 109	scram	scram_12.png	
DEV	   2	 323	   8	   0	5.549498e+02	  82	  82	5.056840e-01	4.147932e+01	1747	 115	  99	 114	  97	 109	scram	scram_1.png	
DEV	   2	 324	   8	   0	5.614533e+02	  76	  76	4.898569e-01	3.744392e+01	1850	 115	  99	 114	  97	 109	scram	scram_15.png	
DEV	   2	 325	   8	   0	5.679814e+02	  78	   0	4.885123e-01	3.833537e+01	1859	 115	  99	 114	  97	 109	scram	scram_21.png	
DEV	   2	 326	   8	   0	5.748403e+02	  73	   0	5.033284e-01	3.678691e+01	1762	 115	  99	 114	  97	 109	scram	scram_19.png	
DEV	   2	 327	   8	   0	5.816417e+02	  79	   0	5.221682e-01	4.104263e+01	1645	 115	  99	 114	  97	 109	scram	scram_8.png	
DEV	   2	 328	   8	   0	5.887997e+02	  71	  71	7.009713e-01	4.966256e+01	 758	 115	  99	 114	  97	 109	scram	scram_17.png	
DEV	   2	 329	   8	   0	5.951319e+02	  68	  68	7.131565e-01	4.884562e+01	 707	 115	  99	 114	  97	 109	scram	scram_4.png	
DEV	   2	 330	   8	   0	6.014265e+02	  72	  72	7.823571e-01	5.657113e+01	 431	 115	  99	 114	  97	 109	scram	scram_20.png	
DEV	   2	 331	   8	   0	6.077498e+02	  73	  73	8.202151e-01	5.984029e+01	 288	 115	  99	 114	  97	 109	scram	scram_10.png	
DEV	   2	 332	   8	   0	6.136386e+02	  77	  77	7.346349e-01	5.645397e+01	 619	 115	  99	 114	  97	 109	scram	scram_3.png	
DEV	   2	 333	   8	   0	6.199165e+02	  75	   0	6.920199e-01	5.197450e+01	 796	 115	  99	 114	  97	 109	scram	scram_16.png	
DEV	   2	 334	   8	   0	6.269029e+02	  68	  68	7.894063e-01	5.373248e+01	 404	 115	  99	 114	  97	 109	scram	scram_9.png	
DEV	   2	 335	   8	   0	6.323861e+02	  72	   0	7.383521e-01	5.296341e+01	 604	 115	  99	 114	  97	 109	scram	scram_11.png	
DEV	   2	 336	   8	   0	6.396755e+02	  83	  83	4.164478e-01	3.474834e+01	2415	 115	  99	 114	  97	 109	scram	scram_13.png	
CEVR	   2	 337	   9	   0	7.088506e+02	 147	   0	2.462445e-01	3.626127e+01	1041	 102	 101	  97	 114	fear	fear_5.png	
CEVR	   2	 338	   9	   0	7.157996e+02	 132	   0	2.718304e-01	3.591268e+01	1536	 102	 101	  97	 114	fear	fear_4.png	
CEVR	   2	 339	   9	   0	7.221155e+02	 170	 170	2.147595e-01	3.657048e+01	 270	 102	 101	  97	 114	fear	fear_14.png	
CEVR	   2	 340	   9	   0	7.282399e+02	 169	   0	2.153667e-01	3.635390e+01	 287	 102	 101	  97	 114	fear	fear_20.png	
CEVR	   2	 341	   9	   0	7.347209e+02	 171	   0	2.194543e-01	3.743891e+01	 399	 102	 101	  97	 114	fear	fear_10.png	
CEVR	   2	 342	   9	   0	7.417108e+02	 115	 115	3.335050e-01	3.833402e+01	2417	 102	 101	  97	 114	fear	fear_8.png	
CEVR	   2	 343	   9	   0	7.492587e+02	 115	   0	3.264432e-01	3.765289e+01	2333	 102	 101	  97	 114	fear	fear_9.png	
CEVR	   2	 344	   9	   0	7.558170e+02	 108	 108	3.448735e-01	3.734487e+01	2545	 102	 101	  97	 114	fear	fear_17.png	
CEVR	   2	 345	   9	   0	7.629391e+02	 104	 104	3.578337e-01	3.735783e+01	2681	 102	 101	  97	 114	fear	fear_11.png	
CEVR	   2	 346	   9	   0	7.693032e+02	 166	 166	2.176471e-01	3.612941e+01	 350	 102	 101	  97	 114	fear	fear_6.png	
CEVR	   2	 347	   9	   0	7.771067e+02	 114	 114	3.356661e-01	3.834266e+01	2442	 102	 101	  97	 114	fear	fear_13.png	
CEVR	   2	 348	   9	   0	7.837682e+02	 106	 106	3.406998e-01	3.597790e+01	2499	 102	 101	  97	 114	fear	fear_1.png	
CEVR	   2	 349	   9	   0	7.917842e+02	  80	  80	4.571126e-01	3.654289e+01	3467	 102	 101	  97	 114	fear	fear_15.png	
CEVR	   2	 350	   9	   0	7.985620e+02	 116	 116	3.312020e-01	3.832481e+01	2390	 102	 101	  97	 114	fear	fear_2.png	
CEVR	   2	 351	   9	   0	8.053195e+02	 104	 104	3.436837e-01	3.562527e+01	2532	 102	 101	  97	 114	fear	fear_16.png	
CEVR	   2	 352	   9	   0	8.120444e+02	 110	 110	3.361017e-01	3.700000e+01	2447	 102	 101	  97	 114	fear	fear_12.png	
CEVR	   2	 353	   9	   0	8.188437e+02	 110	 110	3.527649e-01	3.876382e+01	2629	 102	 101	  97	 114	fear	fear_19.png	
CEVR	   2	 354	   9	   0	8.255164e+02	 111	 111	3.284301e-01	3.634314e+01	2357	 102	 101	  97	 114	fear	fear_3.png	
CEVR	   2	 355	   9	   0	8.329174e+02	 108	 108	3.350582e-01	3.632988e+01	2435	 102	 101	  97	 114	fear	fear_18.png	
CEVR	   2	 356	   9	   0	8.398048e+02	 106	   0	3.485868e-01	3.700000e+01	2585	 102	 101	  97	 114	fear	fear_7.png	
CEVR	   2	 357	   9	   0	8.472560e+02	 114	 114	3.263609e-01	3.732636e+01	2332	 102	 101	  97	 114	fear	fear_21.png	
CEVR	   2	 358	   9	   0	8.545620e+02	 106	   0	3.348849e-01	3.566046e+01	2433	 102	 101	  97	 114	fear	fear_14.png	
CEVR	   2	 359	   9	   0	8.620454e+02	 115	   0	3.318811e-01	3.832752e+01	2398	 102	 101	  97	 114	fear	fear_4.png	
CEVR	   2	 360	   9	   0	8.673815e+02	 167	   0	2.159053e-01	3.613638e+01	 302	 102	 101	  97	 114	fear	fear_9.png	
CEVR	   2	 361	   9	   0	8.752859e+02	  85	  85	4.229262e-01	3.615415e+01	3238	 102	 101	  97	 114	fear	fear_7.png	
CEVR	   2	 362	   9	   0	8.816044e+02	 146	 146	2.573018e-01	3.751460e+01	1267	 102	 101	  97	 114	fear	fear_12.png	
CEVR	   2	 363	   9	   0	8.883668e+02	 136	   0	2.618277e-01	3.569086e+01	1354	 102	 101	  97	 114	fear	fear_19.png	
CEVR	   2	 364	   9	   0	8.945508e+02	 135	   0	2.753562e-01	3.727536e+01	1597	 102	 101	  97	 114	fear	fear_17.png	
CEVR	   2	 365	   9	   0	9.026562e+02	  78	   0	4.841121e-01	3.796822e+01	3625	 102	 101	  97	 114	fear	fear_20.png	
CEVR	   2	 366	   9	   0	9.086260e+02	 167	   0	2.258458e-01	3.767754e+01	 566	 102	 101	  97	 114	fear	fear_3.png	
CEVR	   2	 367	   9	   0	9.153773e+02	 111	   0	3.391828e-01	3.767837e+01	2482	 102	 101	  97	 114	fear	fear_1.png	
CEVR	   2	 368	   9	   0	9.218271e+02	 147	 147	2.503383e-01	3.674966e+01	1127	 102	 101	  97	 114	fear	fear_13.png	
CEVR	   2	 369	   9	   0	9.279670e+02	 151	   0	2.493742e-01	3.774812e+01	1107	 102	 101	  97	 114	fear	fear_18.png	
CEVR	   2	 370	   9	   0	9.360715e+02	  94	   0	3.967525e-01	3.739675e+01	3036	 102	 101	  97	 114	fear	fear_6.png	
CEVR	   2	 371	   9	   0	9.431302e+02	 109	 109	3.272681e-01	3.569093e+01	2343	 102	 101	  97	 114	fear	fear_8.png	
CEVR	   2	 372	   9	   0	9.506474e+02	 110	   0	3.372396e-01	3.700000e+01	2460	 102	 101	  97	 114	fear	fear_11.png	
CEVR	   2	 373	   9	   0	9.588246e+02	  82	   0	4.761029e-01	3.890441e+01	3580	 102	 101	  97	 114	fear	fear_5.png	
CEVR	   2	 374	   9	   0	9.640484e+02	 163	 163	2.300995e-01	3.746020e+01	 672	 102	 101	  97	 114	fear	fear_21.png	
CEVR	   2	 375	   9	   0	9.709566e+02	 152	 152	2.371795e-01	3.605128e+01	 840	 102	 101	  97	 114	fear	fear_15.png	
CEVR	   2	 376	   9	   0	9.774542e+02	 160	   0	2.363139e-01	3.770894e+01	 820	 102	 101	  97	 114	fear	fear_2.png	
CEVR	   2	 377	   9	   0	9.830449e+02	 170	 170	2.196777e-01	3.743936e+01	 405	 102	 101	  97	 114	fear	fear_16.png	
CEVR	   2	 378	   9	   0	9.888068e+02	 167	 167	2.247874e-01	3.744957e+01	 539	 102	 101	  97	 114	fear	fear_10.png	
IEV	   2	 379	  10	   0	1.060259e+03	  15	  15	8.902708e-01	1.330205e+01	 571	 104	  97	 112	 112	 121	happy	happy_16.png	
IEV	   2	 380	  10	   0	1.066469e+03	  25	  25	8.498360e-01	2.096300e+01	1240	 104	  97	 112	 112	 121	happy	happy_12.png	
IEV	   2	 381	  10	   0	1.074290e+03	  56	  56	6.883107e-01	3.843200e+01	2445	 104	  97	 112	 112	 121	happy	happy_15.png	
IEV	   2	 382	  10	   0	1.081132e+03	 104	 104	4.798582e-01	4.985278e+01	3505	 104	  97	 112	 112	 121	happy	happy_3.png	
IEV	   2	 383	  10	   0	1.088723e+03	  87	   0	5.420102e-01	4.697418e+01	3205	 104	  97	 112	 112	 121	happy	happy_14.png	
IEV	   2	 384	  10	   0	1.096916e+03	 113	 113	4.589688e-01	5.164889e+01	3605	 104	  97	 112	 112	 121	happy	happy_4.png	
IEV	   2	 385	  10	   0	1.104635e+03	 111	 111	4.478924e-01	4.983515e+01	3658	 104	  97	 112	 112	 121	happy	happy_17.png	
IEV	   2	 386	  10	   0	1.110971e+03	  24	  24	8.763494e-01	2.089329e+01	 873	 104	  97	 112	 112	 121	happy	happy_7.png	
IEV	   2	 387	  10	   0	1.118790e+03	 115	 115	4.481013e-01	5.161859e+01	3657	 104	  97	 112	 112	 121	happy	happy_18.png	
IEV	   2	 388	  10	   0	1.126340e+03	 111	 111	4.422514e-01	4.919096e+01	3685	 104	  97	 112	 112	 121	happy	happy_13.png	
IEV	   2	 389	  10	   0	1.132998e+03	  84	  84	5.563004e-01	4.681036e+01	3135	 104	  97	 112	 112	 121	happy	happy_20.png	
IEV	   2	 390	  10	   0	1.139775e+03	  93	   0	5.077579e-01	4.708730e+01	3371	 104	  97	 112	 112	 121	happy	happy_6.png	
IEV	   2	 391	  10	   0	1.147696e+03	 109	   0	4.491461e-01	4.888301e+01	3652	 104	  97	 112	 112	 121	happy	happy_5.png	
IEV	   2	 392	  10	   0	1.153907e+03	  18	  18	8.943199e-01	1.609371e+01	 438	 104	  97	 112	 112	 121	happy	happy_2.png	
IEV	   2	 393	  10	   0	1.160768e+03	  23	  23	8.833691e-01	2.069882e+01	 739	 104	  97	 112	 112	 121	happy	happy_19.png	
IEV	   2	 394	  10	   0	1.166209e+03	  20	  20	8.748262e-01	1.761623e+01	 899	 104	  97	 112	 112	 121	happy	happy_11.png	
IEV	   2	 395	  10	   0	1.173850e+03	  89	  89	5.265900e-01	4.667315e+01	3280	 104	  97	 112	 112	 121	happy	happy_9.png	
IEV	   2	 396	  10	   0	1.180923e+03	 101	 101	4.779796e-01	4.849962e+01	3514	 104	  97	 112	 112	 121	happy	happy_1.png	
IEV	   2	 397	  10	   0	1.186629e+03	  17	  17	8.790765e-01	1.521124e+01	 824	 104	  97	 112	 112	 121	happy	happy_8.png	
IEV	   2	 398	  10	   0	1.192853e+03	  36	  36	7.802082e-01	2.823499e+01	1860	 104	  97	 112	 112	 121	happy	happy_10.png	
IEV	   2	 399	  10	   0	1.200360e+03	  47	  47	7.558986e-01	3.567154e+01	2030	 104	  97	 112	 112	 121	happy	happy_21.png	
IEV	   2	 400	  10	   0	1.208847e+03	 109	   0	4.625217e-01	5.058470e+01	3588	 104	  97	 112	 112	 121	happy	happy_1.png	
IEV	   2	 401	  10	   0	1.215461e+03	  52	  52	6.937260e-01	3.597829e+01	2414	 104	  97	 112	 112	 121	happy	happy_11.png	
IEV	   2	 402	  10	   0	1.222234e+03	  36	   0	7.683172e-01	2.776658e+01	1945	 104	  97	 112	 112	 121	happy	happy_3.png	
IEV	   2	 403	  10	   0	1.229452e+03	  73	  73	5.779139e-01	4.223203e+01	3028	 104	  97	 112	 112	 121	happy	happy_16.png	
IEV	   2	 404	  10	   0	1.237414e+03	  83	  83	5.593481e-01	4.665691e+01	3120	 104	  97	 112	 112	 121	happy	happy_9.png	
IEV	   2	 405	  10	   0	1.245767e+03	  83	  83	5.609712e-01	4.657476e+01	3112	 104	  97	 112	 112	 121	happy	happy_20.png	
IEV	   2	 406	  10	   0	1.253701e+03	  87	  87	5.263837e-01	4.563068e+01	3281	 104	  97	 112	 112	 121	happy	happy_21.png	
IEV	   2	 407	  10	   0	1.261373e+03	  95	  95	5.110773e-01	4.845742e+01	3355	 104	  97	 112	 112	 121	happy	happy_10.png	
IEV	   2	 408	  10	   0	1.269142e+03	 119	   0	4.284744e-01	5.107762e+01	3751	 104	  97	 112	 112	 121	happy	happy_4.png	
IEV	   2	 409	  10	   0	1.277540e+03	  92	  92	5.006944e-01	4.592849e+01	3405	 104	  97	 112	 112	 121	happy	happy_7.png	
IEV	   2	 410	  10	   0	1.283686e+03	  20	  20	8.976460e-01	1.810274e+01	 279	 104	  97	 112	 112	 121	happy	happy_2.png	
IEV	   2	 411	  10	   0	1.290594e+03	  90	  90	5.079655e-01	4.555324e+01	3370	 104	  97	 112	 112	 121	happy	happy_15.png	
IEV	   2	 412	  10	   0	1.296912e+03	  13	  13	8.981295e-01	1.171557e+01	 247	 104	  97	 112	 112	 121	happy	happy_6.png	
IEV	   2	 413	  10	   0	1.304751e+03	 100	   0	4.834055e-01	4.824906e+01	3488	 104	  97	 112	 112	 121	happy	happy_13.png	
IEV	   2	 414	  10	   0	1.310785e+03	  26	  26	8.644165e-01	2.254810e+01	1057	 104	  97	 112	 112	 121	happy	happy_8.png	
IEV	   2	 415	  10	   0	1.318334e+03	  86	   0	5.212216e-01	4.485488e+01	3306	 104	  97	 112	 112	 121	happy	happy_5.png	
IEV	   2	 416	  10	   0	1.325397e+03	  53	  53	6.724693e-01	3.546046e+01	2534	 104	  97	 112	 112	 121	happy	happy_17.png	
IEV	   2	 417	  10	   0	1.332185e+03	  19	  19	8.694741e-01	1.665253e+01	 984	 104	  97	 112	 112	 121	happy	happy_14.png	
IEV	   2	 418	  10	   0	1.339491e+03	 105	 105	4.593868e-01	4.841688e+01	3603	 104	  97	 112	 112	 121	happy	happy_12.png	
IEV	   2	 419	  10	   0	1.347500e+03	 108	 108	4.547888e-01	4.908225e+01	3625	 104	  97	 112	 112	 121	happy	happy_18.png	
IEV	   2	 420	  10	   0	1.355078e+03	 102	 102	4.694171e-01	4.795013e+01	3555	 104	  97	 112	 112	 121	happy	happy_19.png	
DEV	   2	 421	  11	   0	1.428670e+03	  76	  76	7.257798e-01	5.524314e+01	 655	 102	 101	  97	 114	fear	fear_15.png	
DEV	   2	 422	  11	   0	1.434239e+03	  71	  71	8.049722e-01	5.676480e+01	 345	 102	 101	  97	 114	fear	fear_14.png	
DEV	   2	 423	  11	   0	1.441276e+03	  66	  66	8.226397e-01	5.418342e+01	 279	 102	 101	  97	 114	fear	fear_13.png	
DEV	   2	 424	  11	   0	1.446788e+03	  72	  72	8.367411e-01	6.051273e+01	 227	 102	 101	  97	 114	fear	fear_2.png	
DEV	   2	 425	  11	   0	1.452110e+03	  70	  70	8.312990e-01	5.780271e+01	 247	 102	 101	  97	 114	fear	fear_18.png	
DEV	   2	 426	  11	   0	1.458947e+03	  66	  66	8.231791e-01	5.420212e+01	 277	 102	 101	  97	 114	fear	fear_11.png	
DEV	   2	 427	  11	   0	1.464264e+03	  73	  73	8.337452e-01	6.122816e+01	 238	 102	 101	  97	 114	fear	fear_8.png	
DEV	   2	 428	  11	   0	1.470066e+03	  70	  70	7.376074e-01	5.145173e+01	 607	 102	 101	  97	 114	fear	fear_20.png	
DEV	   2	 429	  11	   0	1.477026e+03	  69	  69	7.088335e-01	4.863964e+01	 725	 102	 101	  97	 114	fear	fear_12.png	
DEV	   2	 430	  11	   0	1.482755e+03	  68	   0	8.315706e-01	5.614966e+01	 246	 102	 101	  97	 114	fear	fear_6.png	
DEV	   2	 431	  11	   0	1.489704e+03	  73	  73	6.755924e-01	4.902719e+01	 867	 102	 101	  97	 114	fear	fear_5.png	
DEV	   2	 432	  11	   0	1.496774e+03	  72	  72	6.155236e-01	4.443557e+01	1143	 102	 101	  97	 114	fear	fear_17.png	
DEV	   2	 433	  11	   0	1.502587e+03	  74	   0	5.601835e-01	4.124333e+01	1427	 102	 101	  97	 114	fear	fear_21.png	
DEV	   2	 434	  11	   0	1.508283e+03	  79	  79	6.053009e-01	4.809672e+01	1193	 102	 101	  97	 114	fear	fear_10.png	
DEV	   2	 435	  11	   0	1.514666e+03	  77	  77	6.105912e-01	4.721145e+01	1167	 102	 101	  97	 114	fear	fear_4.png	
DEV	   2	 436	  11	   0	1.520319e+03	  76	   0	5.864422e-01	4.453961e+01	1288	 102	 101	  97	 114	fear	fear_16.png	
DEV	   2	 437	  11	   0	1.528208e+03	  81	  81	4.485976e-01	3.613014e+01	2147	 102	 101	  97	 114	fear	fear_9.png	
DEV	   2	 438	  11	   0	1.535910e+03	  78	   0	4.194887e-01	3.286811e+01	2388	 102	 101	  97	 114	fear	fear_7.png	
DEV	   2	 439	  11	   0	1.543565e+03	  80	  80	4.063942e-01	3.240218e+01	2507	 102	 101	  97	 114	fear	fear_19.png	
DEV	   2	 440	  11	   0	1.551032e+03	  82	   0	4.036361e-01	3.302214e+01	2533	 102	 101	  97	 114	fear	fear_1.png	
DEV	   2	 441	  11	   0	1.559099e+03	  80	   0	3.835413e-01	3.084128e+01	2733	 102	 101	  97	 114	fear	fear_3.png	
DEV	   2	 442	  11	   0	1.566950e+03	  78	  78	3.704342e-01	2.882512e+01	2874	 102	 101	  97	 114	fear	fear_5.png	
DEV	   2	 443	  11	   0	1.574095e+03	  80	  80	3.519667e-01	2.829576e+01	3087	 102	 101	  97	 114	fear	fear_19.png	
DEV	   2	 444	  11	   0	1.581783e+03	  85	   0	3.449539e-01	2.918837e+01	3172	 102	 101	  97	 114	fear	fear_14.png	
DEV	   2	 445	  11	   0	1.588089e+03	  78	  78	6.441414e-01	5.052052e+01	1008	 102	 101	  97	 114	fear	fear_3.png	
DEV	   2	 446	  11	   0	1.594093e+03	  71	   0	6.443589e-01	4.602329e+01	1007	 102	 101	  97	 114	fear	fear_20.png	
DEV	   2	 447	  11	   0	1.602365e+03	  86	   0	3.314496e-01	2.851874e+01	3341	 102	 101	  97	 114	fear	fear_4.png	
DEV	   2	 448	  11	   0	1.608919e+03	  77	  77	6.238488e-01	4.801893e+01	1103	 102	 101	  97	 114	fear	fear_1.png	
DEV	   2	 449	  11	   0	1.615598e+03	  78	  78	5.733983e-01	4.488858e+01	1356	 102	 101	  97	 114	fear	fear_8.png	
DEV	   2	 450	  11	   0	1.622642e+03	  75	  75	5.211759e-01	3.889325e+01	1651	 102	 101	  97	 114	fear	fear_2.png	
DEV	   2	 451	  11	   0	1.628615e+03	  81	  81	5.064730e-01	4.102722e+01	1742	 102	 101	  97	 114	fear	fear_15.png	
DEV	   2	 452	  11	   0	1.636703e+03	  80	   0	3.292556e-01	2.637717e+01	3369	 102	 101	  97	 114	fear	fear_12.png	
DEV	   2	 453	  11	   0	1.644998e+03	  88	   0	3.126424e-01	2.739574e+01	3584	 102	 101	  97	 114	fear	fear_21.png	
DEV	   2	 454	  11	   0	1.650942e+03	  71	  71	8.215615e-01	5.825371e+01	 283	 102	 101	  97	 114	fear	fear_10.png	
DEV	   2	 455	  11	   0	1.657398e+03	  76	  76	7.627732e-01	5.793944e+01	 507	 102	 101	  97	 114	fear	fear_9.png	
DEV	   2	 456	  11	   0	1.663104e+03	  76	  76	6.447941e-01	4.927078e+01	1005	 102	 101	  97	 114	fear	fear_17.png	
DEV	   2	 457	  11	   0	1.668482e+03	  77	   0	6.573320e-01	5.066266e+01	 948	 102	 101	  97	 114	fear	fear_6.png	
DEV	   2	 458	  11	   0	1.675131e+03	  73	  73	5.488025e-01	4.001679e+01	1490	 102	 101	  97	 114	fear	fear_11.png	
DEV	   2	 459	  11	   0	1.682458e+03	  79	   0	3.929487e-01	3.109335e+01	2637	 102	 101	  97	 114	fear	fear_16.png	
DEV	   2	 460	  11	   0	1.687906e+03	  68	  68	8.204842e-01	5.574920e+01	 287	 102	 101	  97	 114	fear	fear_18.png	
DEV	   2	 461	  11	   0	1.694680e+03	  80	  80	3.476561e-01	2.764897e+01	3139	 102	 101	  97	 114	fear	fear_13.png	
DEV	   2	 462	  11	   0	1.701478e+03	  70	   0	6.095695e-01	4.288177e+01	1172	 102	 101	  97	 114	fear	fear_7.png	
CEV	   2	 463	  12	   0	1.773291e+03	  51	   0	7.490000e-01	3.849800e+01	1057	 115	  99	 114	  97	 109	scram	scram_17.png	
CEV	   2	 464	  12	   0	1.779513e+03	  40	   0	8.667143e-01	3.439986e+01	 233	 115	  99	 114	  97	 109	scram	scram_1.png	
CEV	   2	 465	  12	   0	1.786606e+03	  63	  63	6.178571e-01	3.885357e+01	1975	 115	  99	 114	  97	 109	scram	scram_13.png	
CEV	   2	 466	  12	   0	1.792590e+03	  51	  51	7.060000e-01	3.629400e+01	1358	 115	  99	 114	  97	 109	scram	scram_16.png	
CEV	   2	 467	  12	   0	1.800769e+03	  68	  68	5.681429e-01	3.870443e+01	2323	 115	  99	 114	  97	 109	scram	scram_18.png	
CEV	   2	 468	  12	   0	1.807582e+03	  63	   0	5.551429e-01	3.477943e+01	2414	 115	  99	 114	  97	 109	scram	scram_4.png	
CEV	   2	 469	  12	   0	1.814583e+03	  76	   0	5.014286e-01	3.800286e+01	2790	 115	  99	 114	  97	 109	scram	scram_7.png	
CEV	   2	 470	  12	   0	1.821933e+03	  82	  82	4.588571e-01	3.745886e+01	3088	 115	  99	 114	  97	 109	scram	scram_15.png	
CEV	   2	 471	  12	   0	1.828725e+03	  87	   0	4.205714e-01	3.657943e+01	3356	 115	  99	 114	  97	 109	scram	scram_14.png	
CEV	   2	 472	  12	   0	1.835880e+03	  90	   0	4.005714e-01	3.619886e+01	3496	 115	  99	 114	  97	 109	scram	scram_6.png	
CEV	   2	 473	  12	   0	1.843191e+03	 105	   0	3.637143e-01	3.809114e+01	3754	 115	  99	 114	  97	 109	scram	scram_8.png	
CEV	   2	 474	  12	   0	1.849672e+03	  52	  52	7.117143e-01	  37	1318	 115	  99	 114	  97	 109	scram	scram_10.png	
CEV	   2	 475	  12	   0	1.856300e+03	  61	  61	6.657143e-01	4.032857e+01	1640	 115	  99	 114	  97	 109	scram	scram_19.png	
CEV	   2	 476	  12	   0	1.863427e+03	  54	   0	6.370000e-01	3.445200e+01	1841	 115	  99	 114	  97	 109	scram	scram_20.png	
CEV	   2	 477	  12	   0	1.870344e+03	  46	  46	8.165714e-01	3.781657e+01	 584	 115	  99	 114	  97	 109	scram	scram_21.png	
CEV	   2	 478	  12	   0	1.875894e+03	  51	  51	8.021429e-01	4.101071e+01	 685	 115	  99	 114	  97	 109	scram	scram_5.png	
CEV	   2	 479	  12	   0	1.882809e+03	  65	   0	5.835714e-01	3.816714e+01	2215	 115	  99	 114	  97	 109	scram	scram_9.png	
CEV	   2	 480	  12	   0	1.890320e+03	  65	  65	5.564286e-01	3.644357e+01	2405	 115	  99	 114	  97	 109	scram	scram_11.png	
CEV	   2	 481	  12	   0	1.897773e+03	  67	  67	5.158571e-01	3.442071e+01	2689	 115	  99	 114	  97	 109	scram	scram_2.png	
CEV	   2	 482	  12	   0	1.904864e+03	  70	   0	5.051429e-01	3.548457e+01	2764	 115	  99	 114	  97	 109	scram	scram_3.png	
CEV	   2	 483	  12	   0	1.913072e+03	  76	   0	4.774286e-01	3.652257e+01	2958	 115	  99	 114	  97	 109	scram	scram_12.png	
CEV	   2	 484	  12	   0	1.920490e+03	  81	   0	4.688571e-01	3.793771e+01	3018	 115	  99	 114	  97	 109	scram	scram_4.png	
CEV	   2	 485	  12	   0	1.928272e+03	  85	   0	4.224286e-01	3.573271e+01	3343	 115	  99	 114	  97	 109	scram	scram_1.png	
CEV	   2	 486	  12	   0	1.936029e+03	  97	   0	3.754286e-01	3.624914e+01	3672	 115	  99	 114	  97	 109	scram	scram_13.png	
CEV	   2	 487	  12	   0	1.941993e+03	  40	  40	8.588571e-01	3.442343e+01	 288	 115	  99	 114	  97	 109	scram	scram_10.png	
CEV	   2	 488	  12	   0	1.948044e+03	  40	  40	8.425714e-01	3.362971e+01	 402	 115	  99	 114	  97	 109	scram	scram_14.png	
CEV	   2	 489	  12	   0	1.954472e+03	  44	  44	7.804286e-01	3.465871e+01	 837	 115	  99	 114	  97	 109	scram	scram_11.png	
CEV	   2	 490	  12	   0	1.959975e+03	  53	  53	7.307143e-01	3.846143e+01	1185	 115	  99	 114	  97	 109	scram	scram_17.png	
CEV	   2	 491	  12	   0	1.966767e+03	  57	  57	6.767143e-01	3.835343e+01	1563	 115	  99	 114	  97	 109	scram	scram_20.png	
CEV	   2	 492	  12	   0	1.973442e+03	  60	  60	6.271429e-01	3.762714e+01	1910	 115	  99	 114	  97	 109	scram	scram_9.png	
CEV	   2	 493	  12	   0	1.980561e+03	  67	   0	5.832857e-01	3.933314e+01	2217	 115	  99	 114	  97	 109	scram	scram_19.png	
CEV	   2	 494	  12	   0	1.988528e+03	  74	   0	5.124286e-01	3.802486e+01	2713	 115	  99	 114	  97	 109	scram	scram_6.png	
CEV	   2	 495	  12	   0	1.993965e+03	  45	  45	8.108571e-01	3.618914e+01	 624	 115	  99	 114	  97	 109	scram	scram_21.png	
CEV	   2	 496	  12	   0	2.002163e+03	  84	   0	4.467143e-01	3.744671e+01	3173	 115	  99	 114	  97	 109	scram	scram_7.png	
CEV	   2	 497	  12	   0	2.009082e+03	  51	  51	7.028571e-01	3.559429e+01	1380	 115	  99	 114	  97	 109	scram	scram_18.png	
CEV	   2	 498	  12	   0	2.016381e+03	  95	  95	3.892857e-01	3.700000e+01	3575	 115	  99	 114	  97	 109	scram	scram_5.png	
CEV	   2	 499	  12	   0	2.023187e+03	  47	   0	8.445714e-01	3.953371e+01	 388	 115	  99	 114	  97	 109	scram	scram_2.png	
CEV	   2	 500	  12	   0	2.030815e+03	  66	   0	5.240000e-01	3.438000e+01	2632	 115	  99	 114	  97	 109	scram	scram_3.png	
CEV	   2	 501	  12	   0	2.037500e+03	  62	   0	5.648571e-01	3.474057e+01	2346	 115	  99	 114	  97	 109	scram	scram_12.png	
CEV	   2	 502	  12	   0	2.045064e+03	  85	  85	4.615714e-01	3.930786e+01	3069	 115	  99	 114	  97	 109	scram	scram_15.png	
CEV	   2	 503	  12	   0	2.051684e+03	  83	  83	4.690000e-01	3.887600e+01	3017	 115	  99	 114	  97	 109	scram	scram_8.png	
CEV	   2	 504	  12	   0	2.058179e+03	  44	  44	8.787143e-01	3.875743e+01	 149	 115	  99	 114	  97	 109	scram	scram_16.png	
