#Subj:	10911
#Run:	1
#Age:	16
#Gender:	female
#09-Apr-2013
Func	Run	Trial	Block	Null	trialStartTime	Mag	ScoreInc	Freq	EV	RT	Emotion	Image
CEV	   1	   1	  12	   0	1.241623e+02	  62	   0	6.208571e-01	3.824171e+01	1954	scram	scram_16.png	
CEV	   1	   2	  12	   0	1.303293e+02	  45	  45	8.565714e-01	3.871314e+01	 304	scram	scram_8.png	
CEV	   1	   3	  12	   0	1.368479e+02	  47	  47	8.178571e-01	3.863571e+01	 575	scram	scram_15.png	
CEV	   1	   4	  12	   0	1.424667e+02	  50	  50	7.655714e-01	3.853114e+01	 941	scram	scram_12.png	
CEV	   1	   5	  12	   0	1.496354e+02	  49	  49	7.235714e-01	3.555286e+01	1235	scram	scram_3.png	
CEV	   1	   6	  12	   0	1.570415e+02	  74	   0	4.748571e-01	3.510057e+01	2976	scram	scram_2.png	
CEV	   1	   7	  12	   0	1.633198e+02	  50	  50	7.688571e-01	3.853771e+01	 918	scram	scram_5.png	
CEV	   1	   8	  12	   0	1.697164e+02	  54	  54	7.625714e-01	4.081286e+01	 962	scram	scram_18.png	
CEV	   1	   9	  12	   0	1.756992e+02	  47	  47	7.722857e-01	3.622771e+01	 894	scram	scram_7.png	
CEV	   1	  10	  12	   0	1.822559e+02	  52	   0	7.512857e-01	3.925386e+01	1041	scram	scram_21.png	
CEV	   1	  11	  12	   0	1.898631e+02	  57	  57	6.171429e-01	3.514857e+01	1980	scram	scram_6.png	
CEV	   1	  12	  12	   0	1.966627e+02	  61	   0	5.960000e-01	3.640400e+01	2128	scram	scram_19.png	
CEV	   1	  13	  12	   0	2.034169e+02	  58	   0	6.662857e-01	3.833257e+01	1636	scram	scram_9.png	
CEV	   1	  14	  12	   0	2.102708e+02	  56	   0	6.375714e-01	3.572486e+01	1837	scram	scram_20.png	
CEV	   1	  15	  12	   0	2.171971e+02	  80	  80	4.741429e-01	3.794829e+01	2981	scram	scram_17.png	
CEV	   1	  16	  12	   0	2.247633e+02	  76	   0	4.627143e-01	3.514914e+01	3061	scram	scram_11.png	
CEV	   1	  17	  12	   0	2.309273e+02	  76	  76	5.237143e-01	3.961857e+01	2634	scram	scram_14.png	
CEV	   1	  18	  12	   0	2.372398e+02	  70	  70	5.352857e-01	3.753529e+01	2553	scram	scram_10.png	
CEV	   1	  19	  12	   0	2.450215e+02	  89	  89	4.308571e-01	3.829257e+01	3284	scram	scram_13.png	
CEV	   1	  20	  12	   0	2.535209e+02	  94	   0	3.925714e-01	  37	3552	scram	scram_1.png	
CEV	   1	  21	  12	   0	2.608265e+02	  77	   0	5.055714e-01	3.902229e+01	2761	scram	scram_4.png	
CEV	   1	  22	  12	   0	2.672355e+02	  51	  51	7.325714e-01	3.700000e+01	1172	scram	scram_12.png	
CEV	   1	  23	  12	   0	2.740468e+02	  54	  54	6.365714e-01	3.445371e+01	1844	scram	scram_3.png	
CEV	   1	  24	  12	   0	2.810544e+02	  47	  47	8.491429e-01	3.954743e+01	 356	scram	scram_2.png	
CEV	   1	  25	  12	   0	2.875797e+02	  48	  48	8.167143e-01	3.945014e+01	 583	scram	scram_11.png	
CEV	   1	  26	  12	   0	2.939791e+02	  72	  72	5.408571e-01	3.916343e+01	2514	scram	scram_9.png	
CEV	   1	  27	  12	   0	3.009989e+02	  74	  74	4.774286e-01	3.556771e+01	2958	scram	scram_5.png	
CEV	   1	  28	  12	   0	3.090615e+02	  99	   0	3.768571e-01	3.737686e+01	3662	scram	scram_21.png	
CEV	   1	  29	  12	   0	3.161265e+02	  72	   0	5.037143e-01	3.649629e+01	2774	scram	scram_20.png	
CEV	   1	  30	  12	   0	3.226843e+02	  45	  45	8.438571e-01	3.784386e+01	 393	scram	scram_19.png	
CEV	   1	  31	  12	   0	3.295453e+02	  54	  54	7.452857e-01	3.998114e+01	1083	scram	scram_10.png	
CEV	   1	  32	  12	   0	3.357929e+02	  60	   0	6.524286e-01	3.895729e+01	1733	scram	scram_8.png	
CEV	   1	  33	  12	   0	3.418253e+02	  61	  61	5.960000e-01	3.640400e+01	2128	scram	scram_6.png	
CEV	   1	  34	  12	   0	3.485527e+02	  67	  67	5.237143e-01	3.490514e+01	2634	scram	scram_14.png	
CEV	   1	  35	  12	   0	3.554390e+02	  68	   0	5.457143e-01	  37	2480	scram	scram_15.png	
CEV	   1	  36	  12	   0	3.612567e+02	  50	  50	7.997143e-01	4.019886e+01	 702	scram	scram_7.png	
CEV	   1	  37	  12	   0	3.679536e+02	  52	  52	7.224286e-01	3.772243e+01	1243	scram	scram_4.png	
CEV	   1	  38	  12	   0	3.750039e+02	  51	  51	6.564286e-01	3.371786e+01	1705	scram	scram_18.png	
CEV	   1	  39	  12	   0	3.817193e+02	  97	   0	3.684286e-01	3.589471e+01	3721	scram	scram_16.png	
CEV	   1	  40	  12	   0	3.897161e+02	  67	  67	5.394286e-01	3.592114e+01	2524	scram	scram_13.png	
CEV	   1	  41	  12	   0	3.971914e+02	  73	   0	4.864286e-01	3.554071e+01	2895	scram	scram_1.png	
CEV	   1	  42	  12	   0	4.038877e+02	  56	   0	6.410000e-01	3.571800e+01	1813	scram	scram_17.png	
DEV	   1	  43	  11	   0	4.811558e+02	  76	   0	6.452296e-01	4.929649e+01	1003	fear	fear_7.png	
DEV	   1	  44	  11	   0	4.878182e+02	  79	  79	4.717207e-01	3.722681e+01	1975	fear	fear_13.png	
DEV	   1	  45	  11	   0	4.953872e+02	  79	   0	3.540637e-01	2.808684e+01	3062	fear	fear_18.png	
DEV	   1	  46	  11	   0	5.008272e+02	  68	   0	7.538858e-01	5.144877e+01	 542	fear	fear_16.png	
DEV	   1	  47	  11	   0	5.070410e+02	  74	   0	6.441414e-01	4.794395e+01	1008	fear	fear_11.png	
DEV	   1	  48	  11	   0	5.137347e+02	  74	  74	5.188715e-01	3.823322e+01	1665	fear	fear_6.png	
DEV	   1	  49	  11	   0	5.197641e+02	  73	   0	5.532800e-01	4.027976e+01	1465	fear	fear_17.png	
DEV	   1	  50	  11	   0	5.264173e+02	  74	   0	4.651963e-01	3.446696e+01	2022	fear	fear_9.png	
DEV	   1	  51	  11	   0	5.328403e+02	  84	   0	4.105991e-01	3.432960e+01	2468	fear	fear_10.png	
DEV	   1	  52	  11	   0	5.401336e+02	  77	   0	3.810637e-01	2.952762e+01	2759	fear	fear_21.png	
DEV	   1	  53	  11	   0	5.486170e+02	  82	   0	2.971070e-01	2.438867e+01	3786	fear	fear_12.png	
DEV	   1	  54	  11	   0	5.563771e+02	  82	   0	3.254381e-01	2.676118e+01	3418	fear	fear_15.png	
DEV	   1	  55	  11	   0	5.629528e+02	  68	  68	7.740643e-01	5.231713e+01	 463	fear	fear_2.png	
DEV	   1	  56	  11	   0	5.687394e+02	  65	  65	8.247989e-01	5.343317e+01	 271	fear	fear_8.png	
DEV	   1	  57	  11	   0	5.746097e+02	  72	  72	8.351061e-01	6.044836e+01	 233	fear	fear_1.png	
DEV	   1	  58	  11	   0	5.809779e+02	  68	  68	8.351061e-01	5.710794e+01	 233	fear	fear_4.png	
DEV	   1	  59	  11	   0	5.869169e+02	  74	  74	7.936058e-01	5.866410e+01	 388	fear	fear_20.png	
DEV	   1	  60	  11	   0	5.933766e+02	  69	  69	7.784614e-01	5.405662e+01	 446	fear	fear_3.png	
DEV	   1	  61	  11	   0	5.988099e+02	  67	  67	8.405641e-01	5.645847e+01	 213	fear	fear_14.png	
DEV	   1	  62	  11	   0	6.045842e+02	  66	  66	8.318422e-01	5.449552e+01	 245	fear	fear_19.png	
DEV	   1	  63	  11	   0	6.111878e+02	  66	  66	8.218309e-01	5.415530e+01	 282	fear	fear_5.png	
DEV	   1	  64	  11	   0	6.169573e+02	  67	  67	8.348338e-01	5.626343e+01	 234	fear	fear_3.png	
DEV	   1	  65	  11	   0	6.230782e+02	  73	   0	8.076321e-01	5.929761e+01	 335	fear	fear_1.png	
DEV	   1	  66	  11	   0	6.298150e+02	  66	  66	8.943245e-01	5.883985e+01	  20	fear	fear_19.png	
DEV	   1	  67	  11	   0	6.364458e+02	  68	   0	7.954482e-01	5.397626e+01	 381	fear	fear_7.png	
DEV	   1	  68	  11	   0	6.434135e+02	  74	  74	6.398087e-01	4.705614e+01	1028	fear	fear_9.png	
DEV	   1	  69	  11	   0	6.499793e+02	  79	  79	5.990656e-01	4.709951e+01	1224	fear	fear_16.png	
DEV	   1	  70	  11	   0	6.573066e+02	  73	  73	5.717003e-01	4.192213e+01	1365	fear	fear_4.png	
DEV	   1	  71	  11	   0	6.629311e+02	  73	  73	5.396515e-01	3.947618e+01	1542	fear	fear_10.png	
DEV	   1	  72	  11	   0	6.688438e+02	  82	   0	5.072641e-01	4.158816e+01	1737	fear	fear_21.png	
DEV	   1	  73	  11	   0	6.750973e+02	  76	  76	6.050985e-01	4.626854e+01	1194	fear	fear_17.png	
DEV	   1	  74	  11	   0	6.811307e+02	  72	  72	6.120250e-01	4.423919e+01	1160	fear	fear_5.png	
DEV	   1	  75	  11	   0	6.881347e+02	  79	  79	5.843064e-01	4.616256e+01	1299	fear	fear_6.png	
DEV	   1	  76	  11	   0	6.956402e+02	  70	  70	6.238488e-01	4.365199e+01	1103	fear	fear_12.png	
DEV	   1	  77	  11	   0	7.013536e+02	  76	   0	6.099780e-01	4.656385e+01	1170	fear	fear_20.png	
DEV	   1	  78	  11	   0	7.079552e+02	  78	  78	5.480908e-01	4.271535e+01	1494	fear	fear_8.png	
DEV	   1	  79	  11	   0	7.150813e+02	  77	  77	5.380899e-01	4.153586e+01	1551	fear	fear_11.png	
DEV	   1	  80	  11	   0	7.209604e+02	  80	  80	5.248284e-01	4.174063e+01	1629	fear	fear_18.png	
DEV	   1	  81	  11	   0	7.278942e+02	  81	  81	4.748294e-01	3.838258e+01	1953	fear	fear_2.png	
DEV	   1	  82	  11	   0	7.348786e+02	  78	   0	4.585609e-01	3.589139e+01	2071	fear	fear_13.png	
DEV	   1	  83	  11	   0	7.411082e+02	  81	  81	5.085337e-01	4.116700e+01	1729	fear	fear_14.png	
DEV	   1	  84	  11	   0	7.479846e+02	  82	   0	5.224996e-01	4.263172e+01	1643	fear	fear_15.png	
IEV	   1	  85	  10	   0	8.201968e+02	  19	  19	8.877646e-01	1.730945e+01	 638	happy	happy_19.png	
IEV	   1	  86	  10	   0	8.260563e+02	  16	  16	8.981578e-01	1.440401e+01	 245	happy	happy_18.png	
IEV	   1	  87	  10	   0	8.318294e+02	  24	  24	8.631033e-01	2.099343e+01	1075	happy	happy_12.png	
IEV	   1	  88	  10	   0	8.394751e+02	  36	  36	8.123376e-01	2.919551e+01	1607	happy	happy_14.png	
IEV	   1	  89	  10	   0	8.470093e+02	 121	 121	4.274316e-01	5.154666e+01	3756	happy	happy_17.png	
IEV	   1	  90	  10	   0	8.542676e+02	 128	   0	4.143089e-01	5.287672e+01	3819	happy	happy_5.png	
IEV	   1	  91	  10	   0	8.616925e+02	  91	   0	5.150147e-01	4.672921e+01	3336	happy	happy_8.png	
IEV	   1	  92	  10	   0	8.677598e+02	  21	  21	8.984789e-01	1.882923e+01	 221	happy	happy_13.png	
IEV	   1	  93	  10	   0	8.750319e+02	  43	  43	7.560477e-01	3.263568e+01	2029	happy	happy_6.png	
IEV	   1	  94	  10	   0	8.824678e+02	  63	  63	6.227859e-01	3.948140e+01	2800	happy	happy_15.png	
IEV	   1	  95	  10	   0	8.891867e+02	  31	  31	8.240772e-01	2.555332e+01	1503	happy	happy_2.png	
IEV	   1	  96	  10	   0	8.966188e+02	  76	  76	5.938599e-01	4.484549e+01	2948	happy	happy_7.png	
IEV	   1	  97	  10	   0	9.039518e+02	  81	  81	5.452859e-01	4.408466e+01	3189	happy	happy_4.png	
IEV	   1	  98	  10	   0	9.117368e+02	  75	  75	5.678517e-01	4.281614e+01	3078	happy	happy_10.png	
IEV	   1	  99	  10	   0	9.191689e+02	  62	   0	6.329392e-01	3.945724e+01	2747	happy	happy_21.png	
IEV	   1	 100	  10	   0	9.256719e+02	  18	  18	8.919662e-01	1.565696e+01	 520	happy	happy_20.png	
IEV	   1	 101	  10	   0	9.325558e+02	  28	   0	8.622879e-01	2.454983e+01	1086	happy	happy_9.png	
IEV	   1	 102	  10	   0	9.398561e+02	  34	  34	7.987293e-01	2.728831e+01	1719	happy	happy_16.png	
IEV	   1	 103	  10	   0	9.465198e+02	  41	  41	7.524498e-01	3.067285e+01	2053	happy	happy_3.png	
IEV	   1	 104	  10	   0	9.528937e+02	  43	  43	7.563457e-01	3.261115e+01	2027	happy	happy_11.png	
IEV	   1	 105	  10	   0	9.607452e+02	  75	   0	5.867088e-01	4.405875e+01	2984	happy	happy_1.png	
IEV	   1	 106	  10	   0	9.667909e+02	  16	  16	8.883149e-01	1.454822e+01	 624	happy	happy_21.png	
IEV	   1	 107	  10	   0	9.746806e+02	  87	  87	5.245265e-01	4.572694e+01	3290	happy	happy_10.png	
IEV	   1	 108	  10	   0	9.814080e+02	  40	  40	7.622458e-01	3.059671e+01	1987	happy	happy_8.png	
IEV	   1	 109	  10	   0	9.879374e+02	  90	  90	5.058894e-01	4.566094e+01	3380	happy	happy_1.png	
IEV	   1	 110	  10	   0	9.956865e+02	 100	 100	4.954930e-01	4.966202e+01	3430	happy	happy_9.png	
IEV	   1	 111	  10	   0	1.002707e+03	  95	   0	5.183267e-01	4.915558e+01	3320	happy	happy_11.png	
IEV	   1	 112	  10	   0	1.010035e+03	  51	  51	7.028567e-01	3.601472e+01	2361	happy	happy_19.png	
IEV	   1	 113	  10	   0	1.016128e+03	  17	  17	8.849778e-01	1.512897e+01	 704	happy	happy_2.png	
IEV	   1	 114	  10	   0	1.023372e+03	  58	  58	6.938998e-01	4.012913e+01	2413	happy	happy_5.png	
IEV	   1	 115	  10	   0	1.028833e+03	  19	  19	8.892254e-01	1.705178e+01	 600	happy	happy_6.png	
IEV	   1	 116	  10	   0	1.035486e+03	  46	  46	7.324312e-01	3.378472e+01	2182	happy	happy_20.png	
IEV	   1	 117	  10	   0	1.042154e+03	  71	  71	6.099856e-01	4.334100e+01	2866	happy	happy_13.png	
IEV	   1	 118	  10	   0	1.049412e+03	  83	   0	5.444675e-01	4.521854e+01	3193	happy	happy_18.png	
IEV	   1	 119	  10	   0	1.055863e+03	  18	   0	8.688737e-01	1.586942e+01	 993	happy	happy_7.png	
IEV	   1	 120	  10	   0	1.062828e+03	  46	   0	7.560477e-01	3.490382e+01	2029	happy	happy_17.png	
IEV	   1	 121	  10	   0	1.070296e+03	  73	  73	5.730927e-01	4.194025e+01	3052	happy	happy_4.png	
IEV	   1	 122	  10	   0	1.077349e+03	  73	   0	5.835174e-01	4.248521e+01	3000	happy	happy_14.png	
IEV	   1	 123	  10	   0	1.083527e+03	  20	  20	8.630296e-01	1.755104e+01	1076	happy	happy_3.png	
IEV	   1	 124	  10	   0	1.090216e+03	  20	  20	8.647766e-01	1.731208e+01	1052	happy	happy_15.png	
IEV	   1	 125	  10	   0	1.095994e+03	  19	  19	8.880808e-01	1.725424e+01	 630	happy	happy_12.png	
IEV	   1	 126	  10	   0	1.103448e+03	  35	   0	8.098618e-01	2.862508e+01	1628	happy	happy_16.png	
CEVR	   1	 127	   9	   0	1.179144e+03	 164	   0	2.307966e-01	3.792319e+01	 689	fear	fear_10.png	
CEVR	   1	 128	   9	   0	1.184551e+03	 174	 174	2.153667e-01	3.743073e+01	 287	fear	fear_16.png	
CEVR	   1	 129	   9	   0	1.190339e+03	 163	   0	2.205006e-01	3.589750e+01	 427	fear	fear_2.png	
CEVR	   1	 130	   9	   0	1.196062e+03	 172	   0	2.151520e-01	3.700000e+01	 281	fear	fear_15.png	
CEVR	   1	 131	   9	   0	1.201889e+03	 158	   0	2.408406e-01	3.796336e+01	 923	fear	fear_21.png	
CEVR	   1	 132	   9	   0	1.209190e+03	 122	   0	3.064363e-01	3.730644e+01	2074	fear	fear_5.png	
CEVR	   1	 133	   9	   0	1.215708e+03	 139	   0	2.730339e-01	3.781910e+01	1557	fear	fear_11.png	
CEVR	   1	 134	   9	   0	1.223682e+03	  91	  91	3.923054e-01	3.582308e+01	2999	fear	fear_8.png	
CEVR	   1	 135	   9	   0	1.231284e+03	 102	 102	3.793204e-01	3.851728e+01	2886	fear	fear_6.png	
CEVR	   1	 136	   9	   0	1.238886e+03	  86	  86	4.296616e-01	  37	3286	fear	fear_18.png	
CEVR	   1	 137	   9	   0	1.246098e+03	 125	   0	3.089955e-01	3.854498e+01	2109	fear	fear_13.png	
CEVR	   1	 138	   9	   0	1.252860e+03	  89	   0	4.141350e-01	  37	3173	fear	fear_1.png	
CEVR	   1	 139	   9	   0	1.259655e+03	 144	   0	2.495183e-01	3.600193e+01	1110	fear	fear_3.png	
CEVR	   1	 140	   9	   0	1.265430e+03	 168	 168	2.144750e-01	3.592763e+01	 262	fear	fear_20.png	
CEVR	   1	 141	   9	   0	1.270778e+03	 170	 170	2.181236e-01	3.700000e+01	 363	fear	fear_17.png	
CEVR	   1	 142	   9	   0	1.277383e+03	 175	   0	2.150091e-01	3.764503e+01	 277	fear	fear_19.png	
CEVR	   1	 143	   9	   0	1.283167e+03	 170	 170	2.208390e-01	3.744168e+01	 436	fear	fear_12.png	
CEVR	   1	 144	   9	   0	1.289527e+03	 175	   0	2.135554e-01	3.742711e+01	 236	fear	fear_7.png	
CEVR	   1	 145	   9	   0	1.294927e+03	 177	   0	2.146527e-01	3.807326e+01	 267	fear	fear_9.png	
CEVR	   1	 146	   9	   0	1.300819e+03	 176	   0	2.140142e-01	3.764204e+01	 249	fear	fear_4.png	
CEVR	   1	 147	   9	   0	1.306695e+03	 156	   0	2.357546e-01	3.676425e+01	 807	fear	fear_14.png	
CEVR	   1	 148	   9	   0	1.314945e+03	  81	  81	4.345638e-01	3.526174e+01	3320	fear	fear_21.png	
CEVR	   1	 149	   9	   0	1.321884e+03	 120	   0	3.008130e-01	3.609756e+01	1995	fear	fear_7.png	
CEVR	   1	 150	   9	   0	1.328186e+03	 169	   0	2.234685e-01	3.767041e+01	 505	fear	fear_18.png	
CEVR	   1	 151	   9	   0	1.334552e+03	 141	   0	2.551221e-01	3.597951e+01	1224	fear	fear_3.png	
CEVR	   1	 152	   9	   0	1.342142e+03	  93	   0	3.968740e-01	  37	3037	fear	fear_19.png	
CEVR	   1	 153	   9	   0	1.348388e+03	 125	   0	3.009528e-01	3.760191e+01	1997	fear	fear_12.png	
CEVR	   1	 154	   9	   0	1.354306e+03	 169	   0	2.158333e-01	3.656833e+01	 300	fear	fear_16.png	
CEVR	   1	 155	   9	   0	1.361334e+03	  69	   0	5.025223e-01	3.448739e+01	3723	fear	fear_2.png	
CEVR	   1	 156	   9	   0	1.366934e+03	 158	 158	2.296914e-01	3.631093e+01	 662	fear	fear_15.png	
CEVR	   1	 157	   9	   0	1.373488e+03	 151	 151	2.431468e-01	3.675685e+01	 974	fear	fear_1.png	
CEVR	   1	 158	   9	   0	1.380633e+03	 142	   0	2.613522e-01	3.700000e+01	1345	fear	fear_13.png	
CEVR	   1	 159	   9	   0	1.386976e+03	 158	   0	2.416947e-01	3.820847e+01	 942	fear	fear_6.png	
CEVR	   1	 160	   9	   0	1.394365e+03	 117	   0	3.070175e-01	3.577193e+01	2082	fear	fear_11.png	
CEVR	   1	 161	   9	   0	1.401087e+03	  94	   0	3.865672e-01	3.622687e+01	2950	fear	fear_17.png	
CEVR	   1	 162	   9	   0	1.408875e+03	  82	   0	4.521648e-01	  37	3436	fear	fear_9.png	
CEVR	   1	 163	   9	   0	1.414770e+03	 178	   0	2.065391e-01	3.679346e+01	  30	fear	fear_8.png	
CEVR	   1	 164	   9	   0	1.421760e+03	 160	   0	2.281134e-01	3.654377e+01	 623	fear	fear_10.png	
CEVR	   1	 165	   9	   0	1.428158e+03	 152	   0	2.469018e-01	3.749380e+01	1055	fear	fear_20.png	
CEVR	   1	 166	   9	   0	1.434396e+03	 144	   0	2.608258e-01	3.752165e+01	1335	fear	fear_14.png	
CEVR	   1	 167	   9	   0	1.440727e+03	 123	 123	2.945860e-01	3.611624e+01	1904	fear	fear_4.png	
CEVR	   1	 168	   9	   0	1.448622e+03	 127	 127	3.044909e-01	3.852245e+01	2047	fear	fear_5.png	
DEV	   1	 169	   8	   0	1.522668e+03	  70	  70	6.299659e-01	4.397787e+01	1074	scram	scram_13.png	
DEV	   1	 170	   8	   0	1.527888e+03	  75	  75	7.673765e-01	5.740642e+01	 489	scram	scram_11.png	
DEV	   1	 171	   8	   0	1.534694e+03	  69	  69	7.260245e-01	5.017424e+01	 654	scram	scram_9.png	
DEV	   1	 172	   8	   0	1.541485e+03	  77	   0	5.609170e-01	4.296953e+01	1423	scram	scram_16.png	
DEV	   1	 173	   8	   0	1.548001e+03	  71	   0	6.742220e-01	4.760507e+01	 873	scram	scram_3.png	
DEV	   1	 174	   8	   0	1.554556e+03	  80	  80	4.669851e-01	3.737905e+01	2009	scram	scram_10.png	
DEV	   1	 175	   8	   0	1.561371e+03	  77	  77	4.322037e-01	3.327684e+01	2279	scram	scram_20.png	
DEV	   1	 176	   8	   0	1.568382e+03	  81	  81	4.044809e-01	3.267675e+01	2525	scram	scram_4.png	
DEV	   1	 177	   8	   0	1.576037e+03	  81	  81	4.230323e-01	3.437218e+01	2357	scram	scram_17.png	
DEV	   1	 178	   8	   0	1.583083e+03	  79	   0	4.260484e-01	3.372875e+01	2331	scram	scram_8.png	
DEV	   1	 179	   8	   0	1.590659e+03	  76	  76	5.256639e-01	3.969312e+01	1624	scram	scram_19.png	
DEV	   1	 180	   8	   0	1.597406e+03	  74	  74	7.076370e-01	5.212051e+01	 730	scram	scram_21.png	
DEV	   1	 181	   8	   0	1.603531e+03	  78	   0	6.232199e-01	4.860410e+01	1106	scram	scram_15.png	
DEV	   1	 182	   8	   0	1.609700e+03	  80	  80	5.238285e-01	4.167457e+01	1635	scram	scram_1.png	
DEV	   1	 183	   8	   0	1.616247e+03	  81	  81	4.474436e-01	3.605133e+01	2156	scram	scram_12.png	
DEV	   1	 184	   8	   0	1.623076e+03	  85	   0	4.023750e-01	3.414100e+01	2545	scram	scram_7.png	
DEV	   1	 185	   8	   0	1.630594e+03	  81	  81	5.099681e-01	4.126418e+01	1720	scram	scram_14.png	
DEV	   1	 186	   8	   0	1.636669e+03	  79	  79	4.997502e-01	3.957036e+01	1785	scram	scram_2.png	
DEV	   1	 187	   8	   0	1.642606e+03	  74	  74	6.228010e-01	4.608713e+01	1108	scram	scram_18.png	
DEV	   1	 188	   8	   0	1.648960e+03	  75	  75	5.009901e-01	3.764842e+01	1777	scram	scram_5.png	
DEV	   1	 189	   8	   0	1.655588e+03	  74	  74	6.261610e-01	4.628011e+01	1092	scram	scram_6.png	
DEV	   1	 190	   8	   0	1.662954e+03	  85	   0	2.940042e-01	2.504208e+01	3826	scram	scram_8.png	
DEV	   1	 191	   8	   0	1.668974e+03	  77	   0	6.299659e-01	4.838763e+01	1074	scram	scram_7.png	
DEV	   1	 192	   8	   0	1.675747e+03	  80	  80	4.671232e-01	3.738838e+01	2008	scram	scram_15.png	
DEV	   1	 193	   8	   0	1.682692e+03	  77	  77	4.037415e-01	3.101080e+01	2532	scram	scram_16.png	
DEV	   1	 194	   8	   0	1.689825e+03	  79	   0	4.782609e-01	3.765998e+01	1929	scram	scram_2.png	
DEV	   1	 195	   8	   0	1.695983e+03	  72	   0	6.892161e-01	4.975134e+01	 808	scram	scram_18.png	
DEV	   1	 196	   8	   0	1.703204e+03	  84	   0	3.509659e-01	2.963027e+01	3099	scram	scram_3.png	
DEV	   1	 197	   8	   0	1.709101e+03	  77	  77	5.511245e-01	4.235779e+01	1477	scram	scram_6.png	
DEV	   1	 198	   8	   0	1.715450e+03	  73	   0	5.420937e-01	3.962087e+01	1528	scram	scram_20.png	
DEV	   1	 199	   8	   0	1.722496e+03	  74	  74	7.592082e-01	5.623778e+01	 521	scram	scram_13.png	
DEV	   1	 200	   8	   0	1.729816e+03	  77	  77	4.073573e-01	3.124545e+01	2498	scram	scram_9.png	
DEV	   1	 201	   8	   0	1.735560e+03	  70	  70	7.021572e-01	4.902031e+01	 753	scram	scram_5.png	
DEV	   1	 202	   8	   0	1.742744e+03	  77	   0	5.188715e-01	3.978983e+01	1665	scram	scram_11.png	
DEV	   1	 203	   8	   0	1.750011e+03	  82	   0	3.791772e-01	3.092001e+01	2779	scram	scram_19.png	
DEV	   1	 204	   8	   0	1.757669e+03	  80	   0	4.217684e-01	3.386286e+01	2368	scram	scram_4.png	
DEV	   1	 205	   8	   0	1.764370e+03	  73	   0	7.233368e-01	5.294037e+01	 665	scram	scram_1.png	
DEV	   1	 206	   8	   0	1.770411e+03	  67	  67	8.017885e-01	5.342469e+01	 357	scram	scram_14.png	
DEV	   1	 207	   8	   0	1.777245e+03	  73	   0	6.159368e-01	4.507465e+01	1141	scram	scram_10.png	
DEV	   1	 208	   8	   0	1.784532e+03	  84	  84	3.570285e-01	3.007379e+01	3027	scram	scram_21.png	
DEV	   1	 209	   8	   0	1.791946e+03	  81	  81	3.174818e-01	2.586787e+01	3521	scram	scram_12.png	
DEV	   1	 210	   8	   0	1.799685e+03	  85	   0	3.457702e-01	2.924849e+01	3162	scram	scram_17.png	
CEVR	   1	 211	   7	   0	1.870517e+03	 159	   0	2.294066e-01	3.654119e+01	 655	happy	happy_21.png	
CEVR	   1	 212	   7	   0	1.875964e+03	 173	 173	2.165552e-01	3.743311e+01	 320	happy	happy_16.png	
CEVR	   1	 213	   7	   0	1.881891e+03	 173	   0	2.152951e-01	3.721530e+01	 285	happy	happy_9.png	
CEVR	   1	 214	   7	   0	1.887209e+03	 177	 177	2.144395e-01	3.785776e+01	 261	happy	happy_10.png	
CEVR	   1	 215	   7	   0	1.894636e+03	 114	   0	3.234266e-01	  37	2296	happy	happy_8.png	
CEVR	   1	 216	   7	   0	1.900739e+03	 173	   0	2.134146e-01	  37	 232	happy	happy_7.png	
CEVR	   1	 217	   7	   0	1.907233e+03	 155	   0	2.362708e-01	3.652746e+01	 819	happy	happy_13.png	
CEVR	   1	 218	   7	   0	1.913935e+03	 133	 133	2.773613e-01	  37	1631	happy	happy_14.png	
CEVR	   1	 219	   7	   0	1.920708e+03	 126	   0	2.858720e-01	3.614238e+01	1770	happy	happy_17.png	
CEVR	   1	 220	   7	   0	1.928544e+03	 119	 119	3.121986e-01	3.700000e+01	2152	happy	happy_20.png	
CEVR	   1	 221	   7	   0	1.934161e+03	 154	   0	2.377892e-01	3.652442e+01	 854	happy	happy_6.png	
CEVR	   1	 222	   7	   0	1.940933e+03	  90	   0	3.963881e-01	3.581084e+01	3033	happy	happy_1.png	
CEVR	   1	 223	   7	   0	1.947553e+03	 169	   0	2.151163e-01	3.635465e+01	 280	happy	happy_19.png	
CEVR	   1	 224	   7	   0	1.953190e+03	 145	   0	2.517007e-01	3.649660e+01	1155	happy	happy_2.png	
CEVR	   1	 225	   7	   0	1.960396e+03	 117	 117	3.077471e-01	3.607676e+01	2092	happy	happy_11.png	
CEVR	   1	 226	   7	   0	1.969091e+03	  65	   0	5.349029e-01	3.486039e+01	3879	happy	happy_3.png	
CEVR	   1	 227	   7	   0	1.975309e+03	 174	   0	2.154384e-01	3.743088e+01	 289	happy	happy_5.png	
CEVR	   1	 228	   7	   0	1.981937e+03	 119	   0	3.092907e-01	3.669071e+01	2113	happy	happy_12.png	
CEVR	   1	 229	   7	   0	1.987423e+03	 145	   0	2.568425e-01	3.725684e+01	1258	happy	happy_18.png	
CEVR	   1	 230	   7	   0	1.994627e+03	 105	   0	3.557692e-01	3.735577e+01	2660	happy	happy_4.png	
CEVR	   1	 231	   7	   0	2.000871e+03	 167	   0	2.172090e-01	3.634837e+01	 338	happy	happy_15.png	
CEVR	   1	 232	   7	   0	2.007780e+03	 146	 146	2.478469e-01	3.625646e+01	1075	happy	happy_20.png	
CEVR	   1	 233	   7	   0	2.014642e+03	 141	   0	2.644476e-01	3.726445e+01	1403	happy	happy_15.png	
CEVR	   1	 234	   7	   0	2.020542e+03	 172	   0	2.152951e-01	  37	 285	happy	happy_2.png	
CEVR	   1	 235	   7	   0	2.028309e+03	  76	  76	5.044799e-01	3.851344e+01	3733	happy	happy_8.png	
CEVR	   1	 236	   7	   0	2.034863e+03	 166	   0	2.254919e-01	3.745098e+01	 557	happy	happy_18.png	
CEVR	   1	 237	   7	   0	2.042458e+03	 114	   0	3.347983e-01	3.800440e+01	2432	happy	happy_21.png	
CEVR	   1	 238	   7	   0	2.048177e+03	 165	   0	2.214811e-01	3.655704e+01	 453	happy	happy_12.png	
CEVR	   1	 239	   7	   0	2.054790e+03	 151	   0	2.462445e-01	3.724624e+01	1041	happy	happy_4.png	
CEVR	   1	 240	   7	   0	2.061036e+03	 162	   0	2.343467e-01	3.793739e+01	 774	happy	happy_13.png	
CEVR	   1	 241	   7	   0	2.068579e+03	  95	  95	3.808824e-01	3.623824e+01	2900	happy	happy_19.png	
CEVR	   1	 242	   7	   0	2.075972e+03	  97	   0	3.985842e-01	3.859434e+01	3051	happy	happy_11.png	
CEVR	   1	 243	   7	   0	2.082364e+03	 121	   0	3.053525e-01	  37	2059	happy	happy_16.png	
CEVR	   1	 244	   7	   0	2.088025e+03	 176	   0	2.107062e-01	  37	 154	happy	happy_6.png	
CEVR	   1	 245	   7	   0	2.094529e+03	 150	   0	2.461509e-01	  37	1039	happy	happy_17.png	
CEVR	   1	 246	   7	   0	2.101526e+03	  87	   0	4.266886e-01	3.700000e+01	3265	happy	happy_14.png	
CEVR	   1	 247	   7	   0	2.109369e+03	 100	 100	3.594227e-01	3.592173e+01	2697	happy	happy_7.png	
CEVR	   1	 248	   7	   0	2.116037e+03	 131	 131	2.733798e-01	3.590648e+01	1563	happy	happy_9.png	
CEVR	   1	 249	   7	   0	2.122690e+03	 100	   0	3.667516e-01	3.663325e+01	2769	happy	happy_1.png	
CEVR	   1	 250	   7	   0	2.129613e+03	 158	   0	2.322037e-01	3.676780e+01	 723	happy	happy_10.png	
CEVR	   1	 251	   7	   0	2.136811e+03	 111	   0	3.378555e-01	3.733786e+01	2467	happy	happy_3.png	
CEVR	   1	 252	   7	   0	2.143240e+03	 171	   0	2.218605e-01	3.788744e+01	 463	happy	happy_5.png	
#09-Apr-2013
IEV	   2	 253	   6	   0	2.468983e+01	  22	  22	8.835576e-01	1.978512e+01	 735	scram	scram_3.png	
IEV	   2	 254	   6	   0	3.086259e+01	  23	  23	8.667559e-01	1.963758e+01	1024	scram	scram_17.png	
IEV	   2	 255	   6	   0	3.669578e+01	  38	  38	7.681741e-01	2.931584e+01	1946	scram	scram_18.png	
IEV	   2	 256	   6	   0	4.397517e+01	  74	  74	5.761078e-01	4.291383e+01	3037	scram	scram_2.png	
IEV	   2	 257	   6	   0	5.107620e+01	  34	  34	8.265555e-01	2.777067e+01	1480	scram	scram_13.png	
IEV	   2	 258	   6	   0	5.820039e+01	 147	   0	3.717192e-01	5.467472e+01	4025	scram	scram_9.png	
IEV	   2	 259	   6	   0	6.477394e+01	  22	  22	8.882371e-01	1.989154e+01	 626	scram	scram_8.png	
IEV	   2	 260	   6	   0	7.144113e+01	  26	  26	8.677219e-01	2.297564e+01	1010	scram	scram_7.png	
IEV	   2	 261	   6	   0	7.909321e+01	  65	  65	6.264391e-01	4.049939e+01	2781	scram	scram_4.png	
IEV	   2	 262	   6	   0	8.563442e+01	  22	   0	8.907542e-01	1.944688e+01	 557	scram	scram_14.png	
IEV	   2	 263	   6	   0	9.155752e+01	  20	  20	8.733731e-01	1.783072e+01	 923	scram	scram_12.png	
IEV	   2	 264	   6	   0	9.910923e+01	  65	   0	6.266309e-01	4.048739e+01	2780	scram	scram_1.png	
IEV	   2	 265	   6	   0	1.054784e+02	  22	  22	8.890016e-01	1.975869e+01	 606	scram	scram_10.png	
IEV	   2	 266	   6	   0	1.116996e+02	  43	   0	7.722933e-01	3.358399e+01	1917	scram	scram_16.png	
IEV	   2	 267	   6	   0	1.176585e+02	  21	   0	8.807060e-01	1.847428e+01	 793	scram	scram_20.png	
IEV	   2	 268	   6	   0	1.233897e+02	  18	  18	8.966924e-01	1.650682e+01	 333	scram	scram_11.png	
IEV	   2	 269	   6	   0	1.296009e+02	  52	  52	6.794636e-01	3.563327e+01	2495	scram	scram_21.png	
IEV	   2	 270	   6	   0	1.374950e+02	  71	   0	6.107661e-01	4.329612e+01	2862	scram	scram_6.png	
IEV	   2	 271	   6	   0	1.440667e+02	  27	  27	8.672409e-01	2.304000e+01	1017	scram	scram_5.png	
IEV	   2	 272	   6	   0	1.508392e+02	  24	  24	8.671718e-01	2.044770e+01	1018	scram	scram_19.png	
IEV	   2	 273	   6	   0	1.584739e+02	  36	  36	7.688887e-01	2.771495e+01	1941	scram	scram_15.png	
IEV	   2	 274	   6	   0	1.653243e+02	  21	  21	8.901654e-01	1.866266e+01	 574	scram	scram_12.png	
IEV	   2	 275	   6	   0	1.729221e+02	  96	   0	4.877849e-01	4.706906e+01	3467	scram	scram_14.png	
IEV	   2	 276	   6	   0	1.796850e+02	  33	  33	7.886720e-01	2.587315e+01	1797	scram	scram_18.png	
IEV	   2	 277	   6	   0	1.869283e+02	  23	  23	8.907202e-01	2.034377e+01	 558	scram	scram_6.png	
IEV	   2	 278	   6	   0	1.939175e+02	  72	   0	6.132986e-01	4.437658e+01	2849	scram	scram_4.png	
IEV	   2	 279	   6	   0	1.998434e+02	  23	  23	8.734345e-01	2.044202e+01	 922	scram	scram_7.png	
IEV	   2	 280	   6	   0	2.065581e+02	  26	   0	8.747666e-01	2.287369e+01	 900	scram	scram_5.png	
IEV	   2	 281	   6	   0	2.120750e+02	  13	  13	8.924915e-01	1.198690e+01	 503	scram	scram_8.png	
IEV	   2	 282	   6	   0	2.189276e+02	  33	   0	8.161569e-01	2.718902e+01	1574	scram	scram_17.png	
IEV	   2	 283	   6	   0	2.252422e+02	  44	  44	7.457492e-01	3.272517e+01	2097	scram	scram_15.png	
IEV	   2	 284	   6	   0	2.329301e+02	  64	  64	6.523231e-01	4.144578e+01	2644	scram	scram_13.png	
IEV	   2	 285	   6	   0	2.396015e+02	  29	   0	8.337317e-01	2.451419e+01	1411	scram	scram_3.png	
IEV	   2	 286	   6	   0	2.470529e+02	  84	   0	5.491687e-01	4.606708e+01	3170	scram	scram_9.png	
IEV	   2	 287	   6	   0	2.530735e+02	  24	  24	8.742263e-01	2.120207e+01	 909	scram	scram_10.png	
IEV	   2	 288	   6	   0	2.589623e+02	  17	  17	8.874841e-01	1.469573e+01	 645	scram	scram_11.png	
IEV	   2	 289	   6	   0	2.662972e+02	  77	   0	5.556902e-01	4.295113e+01	3138	scram	scram_16.png	
IEV	   2	 290	   6	   0	2.720373e+02	  25	  25	8.721273e-01	2.150066e+01	 943	scram	scram_21.png	
IEV	   2	 291	   6	   0	2.782990e+02	  23	   0	8.896289e-01	2.053791e+01	 589	scram	scram_19.png	
IEV	   2	 292	   6	   0	2.855725e+02	  62	  62	6.580611e-01	4.108771e+01	2613	scram	scram_20.png	
IEV	   2	 293	   6	   0	2.930561e+02	  80	   0	5.771115e-01	4.631881e+01	3032	scram	scram_2.png	
IEV	   2	 294	   6	   0	2.993518e+02	  15	  15	8.870362e-01	1.300035e+01	 656	scram	scram_1.png	
CEV	   2	 295	   5	   0	3.685750e+02	  50	  50	8.111429e-01	4.024457e+01	 622	happy	happy_14.png	
CEV	   2	 296	   5	   0	3.738440e+02	  50	  50	7.857143e-01	3.935714e+01	 800	happy	happy_20.png	
CEV	   2	 297	   5	   0	3.800205e+02	  61	   0	6.118571e-01	3.761186e+01	2017	happy	happy_1.png	
CEV	   2	 298	   5	   0	3.857592e+02	  42	  42	7.941429e-01	3.302929e+01	 741	happy	happy_10.png	
CEV	   2	 299	   5	   0	3.938366e+02	  78	  78	4.690000e-01	3.653100e+01	3017	happy	happy_8.png	
CEV	   2	 300	   5	   0	4.006617e+02	  62	  62	5.982857e-01	  37	2112	happy	happy_21.png	
CEV	   2	 301	   5	   0	4.070483e+02	  42	  42	8.091429e-01	3.376343e+01	 636	happy	happy_16.png	
CEV	   2	 302	   5	   0	4.143205e+02	  92	  92	3.851429e-01	3.545943e+01	3604	happy	happy_6.png	
CEV	   2	 303	   5	   0	4.215227e+02	  56	   0	6.048571e-01	3.397571e+01	2066	happy	happy_19.png	
CEV	   2	 304	   5	   0	4.291044e+02	  56	  56	6.394286e-01	3.572114e+01	1824	happy	happy_4.png	
CEV	   2	 305	   5	   0	4.359456e+02	  49	  49	7.938571e-01	3.858771e+01	 743	happy	happy_11.png	
CEV	   2	 306	   5	   0	4.419710e+02	  45	  45	8.272857e-01	  37	 509	happy	happy_12.png	
CEV	   2	 307	   5	   0	4.473737e+02	  39	  39	8.620000e-01	3.355200e+01	 266	happy	happy_13.png	
CEV	   2	 308	   5	   0	4.537858e+02	  52	   0	7.737143e-01	4.009486e+01	 884	happy	happy_2.png	
CEV	   2	 309	   5	   0	4.600538e+02	  53	  53	6.720000e-01	3.565600e+01	1596	happy	happy_5.png	
CEV	   2	 310	   5	   0	4.672880e+02	  55	  55	6.817143e-01	3.768171e+01	1528	happy	happy_3.png	
CEV	   2	 311	   5	   0	4.732001e+02	  45	  45	8.027143e-01	3.619729e+01	 681	happy	happy_17.png	
CEV	   2	 312	   5	   0	4.809973e+02	  84	  84	4.640000e-01	3.885600e+01	3052	happy	happy_15.png	
CEV	   2	 313	   5	   0	4.878695e+02	 100	 100	3.567143e-01	3.557314e+01	3803	happy	happy_18.png	
CEV	   2	 314	   5	   0	4.938520e+02	  46	  46	7.538571e-01	3.473843e+01	1023	happy	happy_7.png	
CEV	   2	 315	   5	   0	4.994590e+02	  45	  45	8.328571e-01	3.783286e+01	 470	happy	happy_9.png	
CEV	   2	 316	   5	   0	5.068368e+02	  71	   0	5.554286e-01	3.922171e+01	2412	happy	happy_21.png	
CEV	   2	 317	   5	   0	5.138736e+02	  75	  75	5.101429e-01	3.802029e+01	2729	happy	happy_10.png	
CEV	   2	 318	   5	   0	5.201313e+02	  51	   0	7.898571e-01	4.015943e+01	 771	happy	happy_16.png	
CEV	   2	 319	   5	   0	5.270398e+02	  64	   0	6.322857e-01	4.016143e+01	1874	happy	happy_14.png	
CEV	   2	 320	   5	   0	5.330702e+02	  51	  51	7.690000e-01	3.930700e+01	 917	happy	happy_1.png	
CEV	   2	 321	   5	   0	5.396355e+02	  46	  46	7.592857e-01	3.472214e+01	 985	happy	happy_5.png	
CEV	   2	 322	   5	   0	5.467524e+02	  39	  39	8.588571e-01	3.356457e+01	 288	happy	happy_4.png	
CEV	   2	 323	   5	   0	5.541592e+02	  95	  95	4.050000e-01	3.862000e+01	3465	happy	happy_2.png	
CEV	   2	 324	   5	   0	5.622430e+02	  88	  88	4.112857e-01	3.617743e+01	3421	happy	happy_6.png	
CEV	   2	 325	   5	   0	5.685647e+02	  45	  45	8.291429e-01	  37	 496	happy	happy_17.png	
CEV	   2	 326	   5	   0	5.752579e+02	  80	   0	4.372857e-01	3.481357e+01	3239	happy	happy_9.png	
CEV	   2	 327	   5	   0	5.823565e+02	  62	   0	6.071429e-01	3.760714e+01	2050	happy	happy_20.png	
CEV	   2	 328	   5	   0	5.892576e+02	  44	  44	8.064286e-01	3.538714e+01	 655	happy	happy_3.png	
CEV	   2	 329	   5	   0	5.958480e+02	  57	  57	6.095714e-01	3.456171e+01	2033	happy	happy_7.png	
CEV	   2	 330	   5	   0	6.024643e+02	  74	  74	5.164286e-01	3.803286e+01	2685	happy	happy_12.png	
CEV	   2	 331	   5	   0	6.107948e+02	  80	  80	4.838571e-01	3.893543e+01	2913	happy	happy_11.png	
CEV	   2	 332	   5	   0	6.174633e+02	  79	   0	5.017143e-01	3.950857e+01	2788	happy	happy_8.png	
CEV	   2	 333	   5	   0	6.245838e+02	  58	   0	6.585714e-01	3.831714e+01	1690	happy	happy_13.png	
CEV	   2	 334	   5	   0	6.323774e+02	  73	  73	4.947143e-01	3.601057e+01	2837	happy	happy_18.png	
CEV	   2	 335	   5	   0	6.395466e+02	  83	   0	4.447143e-01	  37	3187	happy	happy_15.png	
CEV	   2	 336	   5	   0	6.466101e+02	  68	  68	5.665714e-01	3.869971e+01	2334	happy	happy_19.png	
CEVR	   2	 337	   4	   0	7.199758e+02	 117	   0	3.081133e-01	3.607566e+01	2097	scram	scram_12.png	
CEVR	   2	 338	   4	   0	7.260461e+02	 153	   0	2.349846e-01	3.606006e+01	 789	scram	scram_20.png	
CEVR	   2	 339	   4	   0	7.329328e+02	 177	 177	2.062430e-01	3.658751e+01	  21	scram	scram_6.png	
CEVR	   2	 340	   4	   0	7.385778e+02	 173	   0	2.101932e-01	3.636942e+01	 139	scram	scram_17.png	
CEVR	   2	 341	   4	   0	7.447995e+02	 168	   0	2.229683e-01	3.744594e+01	 492	scram	scram_19.png	
CEVR	   2	 342	   4	   0	7.521887e+02	  75	  75	5.236555e-01	3.909462e+01	3827	scram	scram_14.png	
CEVR	   2	 343	   4	   0	7.592732e+02	 136	   0	2.764141e-01	3.755283e+01	1615	scram	scram_3.png	
CEVR	   2	 344	   4	   0	7.666862e+02	  70	  70	5.335806e-01	3.753358e+01	3873	scram	scram_13.png	
CEVR	   2	 345	   4	   0	7.724792e+02	 169	   0	2.206885e-01	3.722069e+01	 432	scram	scram_7.png	
CEVR	   2	 346	   4	   0	7.791068e+02	 110	 110	3.239120e-01	3.570435e+01	2302	scram	scram_2.png	
CEVR	   2	 347	   4	   0	7.854869e+02	 155	 155	2.446165e-01	3.797847e+01	1006	scram	scram_11.png	
CEVR	   2	 348	   4	   0	7.931072e+02	 100	 100	3.583287e-01	3.592501e+01	2686	scram	scram_18.png	
CEVR	   2	 349	   4	   0	7.988357e+02	 165	 165	2.231604e-01	3.677684e+01	 497	scram	scram_21.png	
CEVR	   2	 350	   4	   0	8.050927e+02	 168	 168	2.254919e-01	3.790197e+01	 557	scram	scram_10.png	
CEVR	   2	 351	   4	   0	8.105449e+02	 166	   0	2.176471e-01	3.612941e+01	 350	scram	scram_9.png	
CEVR	   2	 352	   4	   0	8.176811e+02	  68	  68	5.434326e-01	  37	3917	scram	scram_5.png	
CEVR	   2	 353	   4	   0	8.236120e+02	 171	   0	2.234685e-01	3.811734e+01	 505	scram	scram_1.png	
CEVR	   2	 354	   4	   0	8.301520e+02	 163	 163	2.241648e-01	3.655167e+01	 523	scram	scram_4.png	
CEVR	   2	 355	   4	   0	8.359169e+02	 167	 167	2.184916e-01	3.656302e+01	 373	scram	scram_8.png	
CEVR	   2	 356	   4	   0	8.435978e+02	 111	   0	3.322217e-01	3.700000e+01	2402	scram	scram_15.png	
CEVR	   2	 357	   4	   0	8.501389e+02	 172	 172	2.167001e-01	3.721670e+01	 324	scram	scram_16.png	
CEVR	   2	 358	   4	   0	8.567449e+02	 163	   0	2.214811e-01	3.611408e+01	 453	scram	scram_6.png	
CEVR	   2	 359	   4	   0	8.635100e+02	 168	   0	2.260429e-01	3.790417e+01	 571	scram	scram_7.png	
CEVR	   2	 360	   4	   0	8.697800e+02	 125	   0	2.865678e-01	3.585373e+01	1781	scram	scram_1.png	
CEVR	   2	 361	   4	   0	8.762539e+02	 167	   0	2.190460e-01	3.656191e+01	 388	scram	scram_16.png	
CEVR	   2	 362	   4	   0	8.827972e+02	 150	 150	2.502899e-01	3.750058e+01	1126	scram	scram_15.png	
CEVR	   2	 363	   4	   0	8.897177e+02	  93	   0	3.786550e-01	3.510673e+01	2880	scram	scram_10.png	
CEVR	   2	 364	   4	   0	8.962625e+02	 143	   0	2.604062e-01	3.726041e+01	1327	scram	scram_18.png	
CEVR	   2	 365	   4	   0	9.022847e+02	 174	   0	2.152235e-01	3.743045e+01	 283	scram	scram_8.png	
CEVR	   2	 366	   4	   0	9.089996e+02	 124	 124	3.060019e-01	3.791801e+01	2068	scram	scram_13.png	
CEVR	   2	 367	   4	   0	9.164454e+02	 121	   0	3.105516e-01	3.762110e+01	2130	scram	scram_20.png	
CEVR	   2	 368	   4	   0	9.233359e+02	 161	 161	2.279127e-01	3.677209e+01	 618	scram	scram_12.png	
CEVR	   2	 369	   4	   0	9.297600e+02	 163	   0	2.306733e-01	3.769202e+01	 686	scram	scram_17.png	
CEVR	   2	 370	   4	   0	9.370398e+02	  90	   0	4.173381e-01	3.741734e+01	3197	scram	scram_14.png	
CEVR	   2	 371	   4	   0	9.427505e+02	 163	 163	2.216707e-01	3.611332e+01	 458	scram	scram_3.png	
CEVR	   2	 372	   4	   0	9.486979e+02	 165	   0	2.244367e-01	  37	 530	scram	scram_21.png	
CEVR	   2	 373	   4	   0	9.553154e+02	 153	   0	2.476573e-01	3.799063e+01	1071	scram	scram_5.png	
CEVR	   2	 374	   4	   0	9.612952e+02	 131	 131	2.874584e-01	3.757492e+01	1795	scram	scram_19.png	
CEVR	   2	 375	   4	   0	9.684368e+02	 104	 104	3.425020e-01	3.562999e+01	2519	scram	scram_9.png	
CEVR	   2	 376	   4	   0	9.748751e+02	 174	   0	2.163020e-01	3.764891e+01	 313	scram	scram_4.png	
CEVR	   2	 377	   4	   0	9.820434e+02	  91	  91	4.140026e-01	3.782801e+01	3172	scram	scram_2.png	
CEVR	   2	 378	   4	   0	9.880597e+02	 163	 163	2.298953e-01	3.745979e+01	 667	scram	scram_11.png	
IEV	   2	 379	   3	   0	1.070682e+03	  15	  15	8.896652e-01	1.341421e+01	 588	fear	fear_17.png	
IEV	   2	 380	   3	   0	1.077117e+03	  26	  26	8.442743e-01	2.163237e+01	1302	fear	fear_9.png	
IEV	   2	 381	   3	   0	1.084674e+03	  53	  53	7.054109e-01	3.723916e+01	2346	fear	fear_11.png	
IEV	   2	 382	   3	   0	1.090864e+03	  44	  44	7.582757e-01	3.321007e+01	2014	fear	fear_12.png	
IEV	   2	 383	   3	   0	1.098121e+03	  84	   0	5.536548e-01	4.638908e+01	3148	fear	fear_8.png	
IEV	   2	 384	   3	   0	1.105704e+03	  51	  51	7.297099e-01	3.691562e+01	2199	fear	fear_10.png	
IEV	   2	 385	   3	   0	1.113196e+03	  66	  66	6.198916e-01	4.090607e+01	2815	fear	fear_14.png	
IEV	   2	 386	   3	   0	1.119373e+03	  20	  20	8.956275e-01	1.762150e+01	 384	fear	fear_4.png	
IEV	   2	 387	   3	   0	1.125749e+03	  49	  49	7.322716e-01	3.599401e+01	2183	fear	fear_21.png	
IEV	   2	 388	   3	   0	1.133114e+03	  26	  26	8.385916e-01	2.145658e+01	1362	fear	fear_2.png	
IEV	   2	 389	   3	   0	1.140352e+03	  59	  59	6.782142e-01	3.979236e+01	2502	fear	fear_18.png	
IEV	   2	 390	   3	   0	1.146847e+03	  18	  18	8.884695e-01	1.629747e+01	 620	fear	fear_6.png	
IEV	   2	 391	   3	   0	1.151901e+03	  14	  14	8.965951e-01	1.294063e+01	 338	fear	fear_7.png	
IEV	   2	 392	   3	   0	1.158986e+03	  41	  41	7.604878e-01	3.150757e+01	1999	fear	fear_5.png	
IEV	   2	 393	   3	   0	1.165928e+03	  22	  22	8.921539e-01	1.918995e+01	 514	fear	fear_15.png	
IEV	   2	 394	   3	   0	1.171925e+03	  15	  15	8.999588e-01	1.322113e+01	  21	fear	fear_13.png	
IEV	   2	 395	   3	   0	1.177752e+03	  24	  24	8.625113e-01	2.107137e+01	1083	fear	fear_20.png	
IEV	   2	 396	   3	   0	1.184199e+03	  19	  19	8.840698e-01	1.705007e+01	 724	fear	fear_1.png	
IEV	   2	 397	   3	   0	1.190022e+03	  13	  13	8.977412e-01	1.179877e+01	 273	fear	fear_19.png	
IEV	   2	 398	   3	   0	1.196839e+03	  22	  22	8.641269e-01	1.912958e+01	1061	fear	fear_3.png	
IEV	   2	 399	   3	   0	1.203892e+03	  45	  45	7.701704e-01	3.453040e+01	1932	fear	fear_16.png	
IEV	   2	 400	   3	   0	1.211188e+03	  78	   0	5.801180e-01	4.500312e+01	3017	fear	fear_10.png	
IEV	   2	 401	   3	   0	1.218702e+03	  23	  23	8.646328e-01	1.992577e+01	1054	fear	fear_15.png	
IEV	   2	 402	   3	   0	1.224576e+03	  14	   0	8.958492e-01	1.220142e+01	 374	fear	fear_7.png	
IEV	   2	 403	   3	   0	1.231245e+03	  48	  48	7.025151e-01	3.393202e+01	2363	fear	fear_6.png	
IEV	   2	 404	   3	   0	1.237478e+03	  25	  25	8.753005e-01	2.192202e+01	 891	fear	fear_21.png	
IEV	   2	 405	   3	   0	1.243607e+03	  37	  37	8.033345e-01	3.005500e+01	1682	fear	fear_20.png	
IEV	   2	 406	   3	   0	1.249452e+03	  17	  17	8.921227e-01	1.473512e+01	 515	fear	fear_3.png	
IEV	   2	 407	   3	   0	1.257007e+03	  59	  59	6.724693e-01	3.949528e+01	2534	fear	fear_1.png	
IEV	   2	 408	   3	   0	1.263652e+03	  22	  22	8.741658e-01	1.946243e+01	 910	fear	fear_18.png	
IEV	   2	 409	   3	   0	1.269655e+03	  38	  38	7.563457e-01	2.882942e+01	2027	fear	fear_9.png	
IEV	   2	 410	   3	   0	1.275965e+03	  25	  25	8.780412e-01	2.152001e+01	 843	fear	fear_2.png	
IEV	   2	 411	   3	   0	1.283737e+03	  90	  90	5.083805e-01	4.553165e+01	3368	fear	fear_16.png	
IEV	   2	 412	   3	   0	1.290165e+03	  30	  30	8.039485e-01	2.436970e+01	1677	fear	fear_14.png	
IEV	   2	 413	   3	   0	1.297818e+03	  63	   0	6.363607e-01	3.987256e+01	2729	fear	fear_11.png	
IEV	   2	 414	   3	   0	1.303444e+03	  22	  22	8.863689e-01	1.932245e+01	 672	fear	fear_8.png	
IEV	   2	 415	   3	   0	1.309382e+03	  13	  13	8.973305e-01	1.188697e+01	 298	fear	fear_19.png	
IEV	   2	 416	   3	   0	1.316993e+03	 123	 123	4.091113e-01	5.019649e+01	3844	fear	fear_13.png	
IEV	   2	 417	   3	   0	1.324431e+03	 127	 127	3.983221e-01	5.064458e+01	3896	fear	fear_5.png	
IEV	   2	 418	   3	   0	1.332347e+03	 124	 124	4.072417e-01	5.068219e+01	3853	fear	fear_17.png	
IEV	   2	 419	   3	   0	1.340457e+03	 139	   0	3.764426e-01	5.227130e+01	4002	fear	fear_12.png	
IEV	   2	 420	   3	   0	1.347166e+03	  21	  21	8.658448e-01	1.803018e+01	1037	fear	fear_4.png	
DEV	   2	 421	   2	   0	1.416420e+03	  75	  75	7.465864e-01	5.634905e+01	 571	happy	happy_6.png	
DEV	   2	 422	   2	   0	1.424225e+03	  80	  80	4.643747e-01	3.720256e+01	2028	happy	happy_14.png	
DEV	   2	 423	   2	   0	1.430789e+03	  76	  76	4.758259e-01	3.607143e+01	1946	happy	happy_4.png	
DEV	   2	 424	   2	   0	1.438250e+03	  87	   0	3.476561e-01	3.008257e+01	3139	happy	happy_9.png	
DEV	   2	 425	   2	   0	1.444205e+03	  75	  75	6.622403e-01	4.962749e+01	 926	happy	happy_21.png	
DEV	   2	 426	   2	   0	1.451379e+03	  76	   0	4.731294e-01	3.590087e+01	1965	happy	happy_8.png	
DEV	   2	 427	   2	   0	1.458838e+03	  82	  82	5.406963e-01	4.440438e+01	1536	happy	happy_1.png	
DEV	   2	 428	   2	   0	1.466486e+03	  80	   0	3.498859e-01	2.815150e+01	3112	happy	happy_12.png	
DEV	   2	 429	   2	   0	1.472574e+03	  68	  68	7.413374e-01	5.014367e+01	 592	happy	happy_15.png	
DEV	   2	 430	   2	   0	1.479723e+03	  77	   0	5.110881e-01	3.929565e+01	1713	happy	happy_5.png	
DEV	   2	 431	   2	   0	1.486409e+03	  75	   0	5.677642e-01	4.282647e+01	1386	happy	happy_13.png	
DEV	   2	 432	   2	   0	1.494046e+03	  81	   0	3.048146e-01	2.464784e+01	3686	happy	happy_16.png	
DEV	   2	 433	   2	   0	1.501397e+03	  76	   0	4.524834e-01	3.458525e+01	2117	happy	happy_11.png	
DEV	   2	 434	   2	   0	1.507778e+03	  84	  84	4.450252e-01	3.722105e+01	2175	happy	happy_19.png	
DEV	   2	 435	   2	   0	1.514657e+03	  83	  83	3.996682e-01	3.314389e+01	2571	happy	happy_20.png	
DEV	   2	 436	   2	   0	1.522268e+03	  82	   0	3.738896e-01	3.054959e+01	2836	happy	happy_10.png	
DEV	   2	 437	   2	   0	1.529716e+03	  80	  80	4.569614e-01	3.669987e+01	2083	happy	happy_18.png	
DEV	   2	 438	   2	   0	1.537062e+03	  80	   0	3.503838e-01	2.818605e+01	3106	happy	happy_3.png	
DEV	   2	 439	   2	   0	1.544440e+03	  79	  79	4.218830e-01	3.344881e+01	2367	happy	happy_7.png	
DEV	   2	 440	   2	   0	1.550347e+03	  76	   0	6.404565e-01	4.837357e+01	1025	happy	happy_17.png	
DEV	   2	 441	   2	   0	1.557835e+03	  83	   0	2.969521e-01	2.467424e+01	3788	happy	happy_2.png	
DEV	   2	 442	   2	   0	1.564764e+03	  77	  77	4.104902e-01	3.144836e+01	2469	happy	happy_18.png	
DEV	   2	 443	   2	   0	1.572539e+03	  76	  76	5.033284e-01	3.829689e+01	1762	happy	happy_19.png	
DEV	   2	 444	   2	   0	1.579249e+03	  82	   0	4.379121e-01	3.583627e+01	2232	happy	happy_3.png	
DEV	   2	 445	   2	   0	1.585417e+03	  84	   0	4.487261e-01	3.748510e+01	2146	happy	happy_20.png	
DEV	   2	 446	   2	   0	1.592095e+03	  77	   0	4.460406e-01	3.417126e+01	2167	happy	happy_15.png	
DEV	   2	 447	   2	   0	1.599194e+03	  79	   0	6.028779e-01	4.733940e+01	1205	happy	happy_12.png	
DEV	   2	 448	   2	   0	1.606814e+03	  80	  80	4.901565e-01	3.942360e+01	1848	happy	happy_6.png	
DEV	   2	 449	   2	   0	1.613307e+03	  84	   0	3.776799e-01	3.157060e+01	2795	happy	happy_16.png	
DEV	   2	 450	   2	   0	1.619390e+03	  71	  71	6.515807e-01	4.641191e+01	 974	happy	happy_14.png	
DEV	   2	 451	   2	   0	1.626928e+03	  85	  85	3.523011e-01	3.008043e+01	3083	happy	happy_10.png	
DEV	   2	 452	   2	   0	1.633708e+03	  80	   0	3.453618e-01	2.749160e+01	3167	happy	happy_7.png	
DEV	   2	 453	   2	   0	1.641827e+03	  85	   0	3.920487e-01	3.338499e+01	2646	happy	happy_4.png	
DEV	   2	 454	   2	   0	1.647553e+03	  78	  78	5.917267e-01	4.604350e+01	1261	happy	happy_21.png	
DEV	   2	 455	   2	   0	1.655037e+03	  89	   0	2.827644e-01	2.530374e+01	3969	happy	happy_8.png	
DEV	   2	 456	   2	   0	1.660304e+03	  73	  73	7.543914e-01	5.524308e+01	 540	happy	happy_17.png	
DEV	   2	 457	   2	   0	1.667033e+03	  82	   0	4.593643e-01	3.778178e+01	2065	happy	happy_13.png	
DEV	   2	 458	   2	   0	1.673440e+03	  68	  68	7.348822e-01	4.985346e+01	 618	happy	happy_11.png	
DEV	   2	 459	   2	   0	1.679802e+03	  73	  73	6.186303e-01	4.522792e+01	1128	happy	happy_1.png	
DEV	   2	 460	   2	   0	1.685777e+03	  69	  69	8.025836e-01	5.506002e+01	 354	happy	happy_9.png	
DEV	   2	 461	   2	   0	1.693818e+03	  81	  81	2.892415e-01	2.351817e+01	3887	happy	happy_5.png	
DEV	   2	 462	   2	   0	1.700195e+03	  69	   0	6.551136e-01	4.529041e+01	 958	happy	happy_2.png	
CEV	   2	 463	   1	   0	1.769474e+03	  54	   0	7.082857e-01	3.841657e+01	1342	fear	fear_5.png	
CEV	   2	 464	   1	   0	1.776661e+03	  46	   0	7.605714e-01	3.471829e+01	 976	fear	fear_11.png	
CEV	   2	 465	   1	   0	1.784590e+03	  67	  67	5.820000e-01	3.874600e+01	2226	fear	fear_8.png	
CEV	   2	 466	   1	   0	1.791333e+03	  53	  53	6.872857e-01	3.631271e+01	1489	fear	fear_21.png	
CEV	   2	 467	   1	   0	1.797840e+03	  61	  61	6.407143e-01	3.892214e+01	1815	fear	fear_4.png	
CEV	   2	 468	   1	   0	1.804361e+03	  49	   0	6.937143e-01	3.422514e+01	1444	fear	fear_9.png	
CEV	   2	 469	   1	   0	1.811828e+03	  67	   0	5.665714e-01	3.813314e+01	2334	fear	fear_17.png	
CEV	   2	 470	   1	   0	1.817922e+03	  48	  48	7.874286e-01	3.778743e+01	 788	fear	fear_16.png	
CEV	   2	 471	   1	   0	1.823918e+03	  46	   0	7.870000e-01	3.621300e+01	 791	fear	fear_2.png	
CEV	   2	 472	   1	   0	1.831637e+03	 103	   0	3.515714e-01	3.629686e+01	3839	fear	fear_10.png	
CEV	   2	 473	   1	   0	1.838636e+03	  61	   0	6.432857e-01	3.892986e+01	1797	fear	fear_19.png	
CEV	   2	 474	   1	   0	1.844337e+03	  47	  47	7.858571e-01	  37	 799	fear	fear_6.png	
CEV	   2	 475	   1	   0	1.850913e+03	  52	  52	7.925714e-01	4.096286e+01	 752	fear	fear_13.png	
CEV	   2	 476	   1	   0	1.857137e+03	  39	   0	8.648571e-01	3.354057e+01	 246	fear	fear_7.png	
CEV	   2	 477	   1	   0	1.863187e+03	  63	  63	6.002857e-01	3.760029e+01	2098	fear	fear_1.png	
CEV	   2	 478	   1	   0	1.870598e+03	  89	  89	4.398571e-01	3.919929e+01	3221	fear	fear_14.png	
CEV	   2	 479	   1	   0	1.877210e+03	  46	  46	8.398571e-01	3.867971e+01	 421	fear	fear_20.png	
CEV	   2	 480	   1	   0	1.882926e+03	  44	  44	8.135714e-01	3.618643e+01	 605	fear	fear_18.png	
CEV	   2	 481	   1	   0	1.889538e+03	  46	  46	7.255714e-01	3.337214e+01	1221	fear	fear_15.png	
CEV	   2	 482	   1	   0	1.896255e+03	  58	   0	6.100000e-01	3.517000e+01	2030	fear	fear_12.png	
CEV	   2	 483	   1	   0	1.903554e+03	  48	   0	7.588571e-01	3.624114e+01	 988	fear	fear_3.png	
CEV	   2	 484	   1	   0	1.911418e+03	  79	   0	4.825714e-01	3.796514e+01	2922	fear	fear_2.png	
CEV	   2	 485	   1	   0	1.918084e+03	  45	   0	7.677143e-01	3.469686e+01	 926	fear	fear_3.png	
CEV	   2	 486	   1	   0	1.925609e+03	  62	   0	5.791429e-01	3.584171e+01	2246	fear	fear_19.png	
CEV	   2	 487	   1	   0	1.931847e+03	  47	  47	7.471429e-01	3.475857e+01	1070	fear	fear_20.png	
CEV	   2	 488	   1	   0	1.937368e+03	  37	  37	8.972857e-01	3.341086e+01	  19	fear	fear_13.png	
CEV	   2	 489	   1	   0	1.943183e+03	  43	  43	8.110000e-01	3.456700e+01	 623	fear	fear_18.png	
CEV	   2	 490	   1	   0	1.948566e+03	  47	  47	8.202857e-01	3.864057e+01	 558	fear	fear_16.png	
CEV	   2	 491	   1	   0	1.955790e+03	  66	  66	5.795714e-01	3.815914e+01	2243	fear	fear_7.png	
CEV	   2	 492	   1	   0	1.964020e+03	 107	 107	3.495714e-01	3.734957e+01	3853	fear	fear_5.png	
CEV	   2	 493	   1	   0	1.970148e+03	  55	   0	7.220000e-01	3.988800e+01	1246	fear	fear_14.png	
CEV	   2	 494	   1	   0	1.975905e+03	  45	  45	8.561429e-01	3.871229e+01	 307	fear	fear_15.png	
CEV	   2	 495	   1	   0	1.981851e+03	  45	  45	8.022857e-01	3.619771e+01	 684	fear	fear_17.png	
CEV	   2	 496	   1	   0	1.989357e+03	  80	   0	4.708571e-01	3.747086e+01	3004	fear	fear_12.png	
CEV	   2	 497	   1	   0	1.995434e+03	  46	  46	7.652857e-01	3.546943e+01	 943	fear	fear_11.png	
CEV	   2	 498	   1	   0	2.000947e+03	  47	  47	7.832857e-01	  37	 817	fear	fear_9.png	
CEV	   2	 499	   1	   0	2.008026e+03	  65	   0	5.932857e-01	3.877986e+01	2147	fear	fear_6.png	
CEV	   2	 500	   1	   0	2.014917e+03	  47	  47	7.091429e-01	3.345429e+01	1336	fear	fear_1.png	
CEV	   2	 501	   1	   0	2.021766e+03	  52	   0	6.590000e-01	3.436400e+01	1687	fear	fear_21.png	
CEV	   2	 502	   1	   0	2.027682e+03	  48	  48	8.682857e-01	4.134143e+01	 222	fear	fear_8.png	
CEV	   2	 503	   1	   0	2.035651e+03	 105	 105	3.678571e-01	3.847143e+01	3725	fear	fear_4.png	
CEV	   2	 504	   1	   0	2.043266e+03	  99	   0	3.832857e-01	3.776657e+01	3617	fear	fear_10.png	
