#Subj:	10910
#Run:	1
#Age:	18
#Gender:	female
#20-Mar-2013
Func	Run	Trial	Block	Null	trialStartTime	Mag	ScoreInc	Freq	EV	RT	Emotion	Image
CEV	   1	   1	   1	   0	1.224002e+02	  52	   0	7.342857e-01	3.846857e+01	1160	fear	fear_10.png	
CEV	   1	   2	   1	   0	1.300467e+02	  79	  79	4.801429e-01	3.796029e+01	2939	fear	fear_4.png	
CEV	   1	   3	   1	   0	1.366599e+02	  75	  75	5.054286e-01	3.801086e+01	2762	fear	fear_8.png	
CEV	   1	   4	   1	   0	1.440281e+02	  74	  74	5.134286e-01	3.802686e+01	2706	fear	fear_21.png	
CEV	   1	   5	   1	   0	1.516428e+02	  68	  68	5.288571e-01	3.594229e+01	2598	fear	fear_1.png	
CEV	   1	   6	   1	   0	1.586028e+02	  72	   0	4.875714e-01	3.504971e+01	2887	fear	fear_6.png	
CEV	   1	   7	   1	   0	1.650296e+02	  66	  66	5.824286e-01	3.816486e+01	2223	fear	fear_9.png	
CEV	   1	   8	   1	   0	1.711829e+02	  51	  51	8.034286e-01	4.101714e+01	 676	fear	fear_11.png	
CEV	   1	   9	   1	   0	1.770606e+02	  49	  49	7.391429e-01	3.626086e+01	1126	fear	fear_12.png	
CEV	   1	  10	   1	   0	1.830599e+02	  56	   0	7.045714e-01	3.911371e+01	1368	fear	fear_17.png	
CEV	   1	  11	   1	   0	1.897317e+02	  65	  65	5.410000e-01	3.537700e+01	2513	fear	fear_15.png	
CEV	   1	  12	   1	   0	1.967544e+02	  73	   0	4.980000e-01	3.650200e+01	2814	fear	fear_14.png	
CEV	   1	  13	   1	   0	2.038864e+02	  69	   0	5.525714e-01	3.810514e+01	2432	fear	fear_5.png	
CEV	   1	  14	   1	   0	2.100536e+02	  57	   0	6.282857e-01	3.574343e+01	1902	fear	fear_7.png	
CEV	   1	  15	   1	   0	2.174953e+02	  87	  87	4.357143e-01	3.787143e+01	3250	fear	fear_16.png	
CEV	   1	  16	   1	   0	2.252324e+02	  80	   0	4.384286e-01	3.524629e+01	3231	fear	fear_18.png	
CEV	   1	  17	   1	   0	2.320280e+02	  99	  99	3.918571e-01	3.895929e+01	3557	fear	fear_13.png	
CEV	   1	  18	   1	   0	2.396551e+02	  98	  98	3.831429e-01	3.738314e+01	3618	fear	fear_20.png	
CEV	   1	  19	   1	   0	2.475831e+02	 100	 100	3.825714e-01	3.814771e+01	3622	fear	fear_19.png	
CEV	   1	  20	   1	   0	2.548275e+02	  98	   0	3.778571e-01	  37	3655	fear	fear_3.png	
CEV	   1	  21	   1	   0	2.630317e+02	  99	   0	3.897143e-01	3.855886e+01	3572	fear	fear_2.png	
CEV	   1	  22	   1	   0	2.708013e+02	  68	  68	5.422857e-01	  37	2504	fear	fear_3.png	
CEV	   1	  23	   1	   0	2.784541e+02	  67	  67	5.185714e-01	3.492571e+01	2670	fear	fear_12.png	
CEV	   1	  24	   1	   0	2.862771e+02	  63	  63	6.128571e-01	3.883857e+01	2010	fear	fear_15.png	
CEV	   1	  25	   1	   0	2.926438e+02	  71	  71	5.434286e-01	3.863029e+01	2496	fear	fear_18.png	
CEV	   1	  26	   1	   0	2.998142e+02	  80	  80	4.854286e-01	3.894171e+01	2902	fear	fear_20.png	
CEV	   1	  27	   1	   0	3.069516e+02	  82	  82	4.374286e-01	3.568771e+01	3238	fear	fear_14.png	
CEV	   1	  28	   1	   0	3.142715e+02	  90	   0	4.140000e-01	3.741400e+01	3402	fear	fear_1.png	
CEV	   1	  29	   1	   0	3.213849e+02	  82	   0	4.444286e-01	3.655557e+01	3189	fear	fear_7.png	
CEV	   1	  30	   1	   0	3.282684e+02	  74	   0	5.101429e-01	3.751014e+01	2729	fear	fear_13.png	
CEV	   1	  31	   1	   0	3.354454e+02	  69	  69	5.692857e-01	3.927714e+01	2315	fear	fear_6.png	
CEV	   1	  32	   1	   0	3.422155e+02	  65	   0	6.000000e-01	3.880000e+01	2100	fear	fear_19.png	
CEV	   1	  33	   1	   0	3.483446e+02	  66	   0	5.544286e-01	3.644557e+01	2419	fear	fear_10.png	
CEV	   1	  34	   1	   0	3.545082e+02	  42	  42	8.020000e-01	3.379200e+01	 686	fear	fear_2.png	
CEV	   1	  35	   1	   0	3.608023e+02	  50	   0	7.367143e-01	  37	1143	fear	fear_16.png	
CEV	   1	  36	   1	   0	3.674501e+02	  57	  57	6.922857e-01	3.976914e+01	1454	fear	fear_17.png	
CEV	   1	  37	   1	   0	3.739276e+02	  55	  55	6.837143e-01	3.768371e+01	1514	fear	fear_9.png	
CEV	   1	  38	   1	   0	3.811951e+02	  51	  51	6.582857e-01	3.370857e+01	1692	fear	fear_4.png	
CEV	   1	  39	   1	   0	3.880889e+02	  56	   0	6.221429e-01	3.513357e+01	1945	fear	fear_21.png	
CEV	   1	  40	   1	   0	3.947068e+02	  53	  53	6.728571e-01	3.565429e+01	1590	fear	fear_8.png	
CEV	   1	  41	   1	   0	4.017656e+02	  47	  47	7.465714e-01	3.476029e+01	1074	fear	fear_11.png	
CEV	   1	  42	   1	   0	4.090417e+02	  48	  48	7.418571e-01	3.551629e+01	1107	fear	fear_5.png	
DEV	   1	  43	   2	   0	4.856686e+02	  79	   0	5.634947e-01	4.425670e+01	1409	happy	happy_2.png	
DEV	   1	  44	   2	   0	4.929606e+02	  81	  81	3.829670e-01	3.118476e+01	2739	happy	happy_5.png	
DEV	   1	  45	   2	   0	5.003152e+02	  79	   0	3.538953e-01	2.807536e+01	3064	happy	happy_9.png	
DEV	   1	  46	   2	   0	5.077972e+02	  78	   0	3.848874e-01	3.016403e+01	2719	happy	happy_1.png	
DEV	   1	  47	   2	   0	5.148468e+02	  81	   0	4.121288e-01	3.320285e+01	2454	happy	happy_11.png	
DEV	   1	  48	   2	   0	5.211081e+02	  71	  71	6.293299e-01	4.457344e+01	1077	happy	happy_13.png	
DEV	   1	  49	   2	   0	5.272498e+02	  71	   0	6.378695e-01	4.503304e+01	1037	happy	happy_17.png	
DEV	   1	  50	   2	   0	5.337809e+02	  77	   0	3.756378e-01	2.879401e+01	2817	happy	happy_8.png	
DEV	   1	  51	   2	   0	5.394783e+02	  79	   0	5.754826e-01	4.559637e+01	1345	happy	happy_21.png	
DEV	   1	  52	   2	   0	5.464471e+02	  71	  71	6.263717e-01	4.441307e+01	1091	happy	happy_4.png	
DEV	   1	  53	   2	   0	5.517994e+02	  70	   0	7.255352e-01	5.087667e+01	 656	happy	happy_7.png	
DEV	   1	  54	   2	   0	5.579615e+02	  73	   0	6.737659e-01	4.892895e+01	 875	happy	happy_10.png	
DEV	   1	  55	   2	   0	5.646250e+02	  76	  76	4.574935e-01	3.490605e+01	2079	happy	happy_14.png	
DEV	   1	  56	   2	   0	5.717827e+02	  75	  75	4.592302e-01	3.455780e+01	2066	happy	happy_16.png	
DEV	   1	  57	   2	   0	5.784453e+02	  83	   0	4.858413e-01	4.010319e+01	1877	happy	happy_6.png	
DEV	   1	  58	   2	   0	5.850105e+02	  79	  79	4.572273e-01	3.626071e+01	2081	happy	happy_12.png	
DEV	   1	  59	   2	   0	5.920269e+02	  84	   0	4.440141e-01	3.714882e+01	2183	happy	happy_15.png	
DEV	   1	  60	   2	   0	5.987523e+02	  78	   0	4.682306e-01	3.652670e+01	2000	happy	happy_20.png	
DEV	   1	  61	   2	   0	6.058457e+02	  82	  82	3.317638e-01	2.721544e+01	3337	happy	happy_3.png	
DEV	   1	  62	   2	   0	6.134325e+02	  80	  80	3.329442e-01	2.663399e+01	3322	happy	happy_19.png	
DEV	   1	  63	   2	   0	6.213497e+02	  80	  80	3.282402e-01	2.630629e+01	3382	happy	happy_18.png	
DEV	   1	  64	   2	   0	6.296052e+02	  82	  82	3.222618e-01	2.653191e+01	3459	happy	happy_2.png	
DEV	   1	  65	   2	   0	6.363019e+02	  88	   0	3.011990e-01	2.649597e+01	3733	happy	happy_17.png	
DEV	   1	  66	   2	   0	6.437311e+02	  83	   0	3.265262e-01	2.716606e+01	3404	happy	happy_7.png	
DEV	   1	  67	   2	   0	6.517269e+02	  82	   0	3.160978e-01	2.576855e+01	3539	happy	happy_3.png	
DEV	   1	  68	   2	   0	6.590372e+02	  79	  79	4.462951e-01	3.508024e+01	2165	happy	happy_18.png	
DEV	   1	  69	   2	   0	6.651559e+02	  82	  82	4.705990e-01	3.856413e+01	1983	happy	happy_10.png	
DEV	   1	  70	   2	   0	6.716398e+02	  76	  76	4.804270e-01	3.636177e+01	1914	happy	happy_20.png	
DEV	   1	  71	   2	   0	6.788143e+02	  75	  75	4.555040e-01	3.432327e+01	2094	happy	happy_19.png	
DEV	   1	  72	   2	   0	6.857468e+02	  83	   0	4.671232e-01	3.878975e+01	2008	happy	happy_11.png	
DEV	   1	  73	   2	   0	6.916211e+02	  76	  76	6.263717e-01	4.754493e+01	1091	happy	happy_16.png	
DEV	   1	  74	   2	   0	6.986107e+02	  72	  72	6.194618e-01	4.465568e+01	1124	happy	happy_13.png	
DEV	   1	  75	   2	   0	7.052070e+02	  76	  76	7.059651e-01	5.344376e+01	 737	happy	happy_5.png	
DEV	   1	  76	   2	   0	7.115057e+02	  70	  70	6.157302e-01	4.321568e+01	1142	happy	happy_15.png	
DEV	   1	  77	   2	   0	7.177520e+02	  76	   0	6.380846e-01	4.823498e+01	1036	happy	happy_12.png	
DEV	   1	  78	   2	   0	7.245947e+02	  78	  78	5.600003e-01	4.347247e+01	1428	happy	happy_1.png	
DEV	   1	  79	   2	   0	7.315539e+02	  77	  77	5.540012e-01	4.253802e+01	1461	happy	happy_8.png	
DEV	   1	  80	   2	   0	7.384300e+02	  80	  80	5.139856e-01	4.102190e+01	1695	happy	happy_21.png	
DEV	   1	  81	   2	   0	7.457633e+02	  80	  80	4.962127e-01	3.983219e+01	1808	happy	happy_9.png	
DEV	   1	  82	   2	   0	7.523759e+02	  78	   0	4.728471e-01	3.682869e+01	1967	happy	happy_4.png	
DEV	   1	  83	   2	   0	7.589833e+02	  80	  80	5.372252e-01	4.309270e+01	1556	happy	happy_14.png	
DEV	   1	  84	   2	   0	7.657035e+02	  81	   0	5.327609e-01	4.332842e+01	1582	happy	happy_6.png	
IEV	   1	  85	   3	   0	8.409498e+02	  23	  23	8.723162e-01	1.972942e+01	 940	fear	fear_4.png	
IEV	   1	  86	   3	   0	8.463842e+02	  20	  20	8.799792e-01	1.770789e+01	 807	fear	fear_12.png	
IEV	   1	  87	   3	   0	8.528529e+02	  24	  24	8.630296e-01	2.100316e+01	1076	fear	fear_17.png	
IEV	   1	  88	   3	   0	8.596023e+02	  27	  27	8.657742e-01	2.323457e+01	1038	fear	fear_5.png	
IEV	   1	  89	   3	   0	8.662286e+02	  24	  24	8.689407e-01	2.107345e+01	 992	fear	fear_13.png	
IEV	   1	  90	   3	   0	8.720107e+02	  28	  28	8.610084e-01	2.385063e+01	1103	fear	fear_19.png	
IEV	   1	  91	   3	   0	8.777941e+02	  27	   0	8.439972e-01	2.250916e+01	1305	fear	fear_8.png	
IEV	   1	  92	   3	   0	8.847122e+02	  27	  27	8.701336e-01	2.351886e+01	 974	fear	fear_11.png	
IEV	   1	  93	   3	   0	8.911850e+02	  45	  45	7.478957e-01	3.329878e+01	2083	fear	fear_14.png	
IEV	   1	  94	   3	   0	8.984191e+02	  72	  72	5.823186e-01	4.197267e+01	3006	fear	fear_16.png	
IEV	   1	  95	   3	   0	9.055393e+02	 121	 121	4.230539e-01	5.129277e+01	3777	fear	fear_2.png	
IEV	   1	  96	   3	   0	9.131924e+02	 114	 114	4.518629e-01	5.147155e+01	3639	fear	fear_9.png	
IEV	   1	  97	   3	   0	9.213883e+02	 114	 114	4.336904e-01	4.956677e+01	3726	fear	fear_18.png	
IEV	   1	  98	   3	   0	9.284583e+02	 126	   0	4.028828e-01	5.085943e+01	3874	fear	fear_1.png	
IEV	   1	  99	   3	   0	9.364007e+02	  95	   0	4.973662e-01	4.709316e+01	3421	fear	fear_3.png	
IEV	   1	 100	   3	   0	9.443607e+02	 111	 111	4.485192e-01	4.980825e+01	3655	fear	fear_20.png	
IEV	   1	 101	   3	   0	9.517393e+02	 119	   0	4.407893e-01	5.234119e+01	3692	fear	fear_21.png	
IEV	   1	 102	   3	   0	9.590093e+02	 112	 112	4.445493e-01	4.997795e+01	3674	fear	fear_6.png	
IEV	   1	 103	   3	   0	9.665793e+02	 111	 111	4.445493e-01	4.953340e+01	3674	fear	fear_7.png	
IEV	   1	 104	   3	   0	9.744735e+02	 118	 118	4.347340e-01	5.126028e+01	3721	fear	fear_15.png	
IEV	   1	 105	   3	   0	9.812375e+02	 113	   0	4.493551e-01	5.067103e+01	3651	fear	fear_10.png	
IEV	   1	 106	   3	   0	9.897897e+02	 108	 108	4.522808e-01	4.874144e+01	3637	fear	fear_16.png	
IEV	   1	 107	   3	   0	9.979573e+02	 111	 111	4.460118e-01	4.946960e+01	3667	fear	fear_3.png	
IEV	   1	 108	   3	   0	1.005219e+03	 111	   0	4.485192e-01	4.980825e+01	3655	fear	fear_19.png	
IEV	   1	 109	   3	   0	1.013284e+03	 109	 109	4.470565e-01	4.852979e+01	3662	fear	fear_1.png	
IEV	   1	 110	   3	   0	1.020857e+03	 132	 132	4.022606e-01	5.329815e+01	3877	fear	fear_20.png	
IEV	   1	 111	   3	   0	1.029178e+03	 125	   0	4.234707e-01	5.297021e+01	3775	fear	fear_13.png	
IEV	   1	 112	   3	   0	1.036924e+03	 110	   0	4.554158e-01	4.996512e+01	3622	fear	fear_15.png	
IEV	   1	 113	   3	   0	1.043986e+03	 109	   0	4.487282e-01	4.890181e+01	3654	fear	fear_5.png	
IEV	   1	 114	   3	   0	1.050745e+03	  48	  48	7.539538e-01	3.582326e+01	2043	fear	fear_7.png	
IEV	   1	 115	   3	   0	1.058813e+03	  78	  78	5.704745e-01	4.437642e+01	3065	fear	fear_6.png	
IEV	   1	 116	   3	   0	1.066386e+03	 100	   0	4.861169e-01	4.860884e+01	3475	fear	fear_18.png	
IEV	   1	 117	   3	   0	1.074355e+03	 115	 115	4.458029e-01	5.126194e+01	3668	fear	fear_2.png	
IEV	   1	 118	   3	   0	1.081437e+03	 114	   0	4.405804e-01	5.014605e+01	3693	fear	fear_21.png	
IEV	   1	 119	   3	   0	1.089410e+03	 108	   0	4.445493e-01	4.819975e+01	3674	fear	fear_4.png	
IEV	   1	 120	   3	   0	1.095949e+03	  79	   0	5.825185e-01	4.603848e+01	3005	fear	fear_14.png	
IEV	   1	 121	   3	   0	1.102965e+03	  21	  21	8.567879e-01	1.838003e+01	1157	fear	fear_10.png	
IEV	   1	 122	   3	   0	1.110760e+03	  42	  42	7.455954e-01	3.124643e+01	2098	fear	fear_8.png	
IEV	   1	 123	   3	   0	1.117881e+03	  69	   0	5.900909e-01	4.091941e+01	2967	fear	fear_12.png	
IEV	   1	 124	   3	   0	1.125386e+03	 100	   0	4.729682e-01	4.730949e+01	3538	fear	fear_11.png	
IEV	   1	 125	   3	   0	1.133105e+03	 120	   0	4.263890e-01	5.116073e+01	3761	fear	fear_9.png	
IEV	   1	 126	   3	   0	1.140566e+03	  45	   0	7.533530e-01	3.360989e+01	2047	fear	fear_17.png	
CEVR	   1	 127	   4	   0	1.215861e+03	 124	   0	3.093645e-01	3.823746e+01	2114	scram	scram_11.png	
CEVR	   1	 128	   4	   0	1.222041e+03	 152	 152	2.463851e-01	3.749277e+01	1044	scram	scram_2.png	
CEVR	   1	 129	   4	   0	1.228015e+03	 156	   0	2.300995e-01	3.584950e+01	 672	scram	scram_4.png	
CEVR	   1	 130	   4	   0	1.234414e+03	 148	   0	2.500483e-01	  37	1121	scram	scram_9.png	
CEVR	   1	 131	   4	   0	1.240591e+03	 153	   0	2.479893e-01	3.799196e+01	1078	scram	scram_19.png	
CEVR	   1	 132	   4	   0	1.248244e+03	  94	   0	3.961456e-01	3.739615e+01	3031	scram	scram_5.png	
CEVR	   1	 133	   4	   0	1.254706e+03	 124	   0	3.045626e-01	3.791369e+01	2048	scram	scram_21.png	
CEVR	   1	 134	   4	   0	1.260584e+03	 146	 146	2.480368e-01	3.625589e+01	1079	scram	scram_3.png	
CEVR	   1	 135	   4	   0	1.266269e+03	 159	 159	2.393715e-01	3.795749e+01	 890	scram	scram_14.png	
CEVR	   1	 136	   4	   0	1.272311e+03	 157	 157	2.356688e-01	  37	 805	scram	scram_17.png	
CEVR	   1	 137	   4	   0	1.279352e+03	 156	   0	2.444780e-01	3.822239e+01	1003	scram	scram_12.png	
CEVR	   1	 138	   4	   0	1.286042e+03	 160	   0	2.312913e-01	3.700000e+01	 701	scram	scram_20.png	
CEVR	   1	 139	   4	   0	1.292838e+03	 144	   0	2.495664e-01	3.600173e+01	1111	scram	scram_13.png	
CEVR	   1	 140	   4	   0	1.299291e+03	 129	 129	2.771239e-01	3.561438e+01	1627	scram	scram_8.png	
CEVR	   1	 141	   4	   0	1.305179e+03	 137	 137	2.696232e-01	  37	1497	scram	scram_18.png	
CEVR	   1	 142	   4	   0	1.312307e+03	 132	   0	2.863144e-01	3.785894e+01	1777	scram	scram_10.png	
CEVR	   1	 143	   4	   0	1.319419e+03	 138	 138	2.722876e-01	3.754458e+01	1544	scram	scram_15.png	
CEVR	   1	 144	   4	   0	1.326083e+03	 135	   0	2.783749e-01	3.755675e+01	1648	scram	scram_16.png	
CEVR	   1	 145	   4	   0	1.333008e+03	 112	   0	3.468131e-01	3.873407e+01	2566	scram	scram_1.png	
CEVR	   1	 146	   4	   0	1.339872e+03	 142	   0	2.667903e-01	3.780037e+01	1446	scram	scram_7.png	
CEVR	   1	 147	   4	   0	1.347283e+03	  84	   0	4.376479e-01	3.656235e+01	3341	scram	scram_6.png	
CEVR	   1	 148	   4	   0	1.354093e+03	 144	 144	2.508232e-01	3.599671e+01	1137	scram	scram_16.png	
CEVR	   1	 149	   4	   0	1.361181e+03	 146	   0	2.486559e-01	3.625403e+01	1092	scram	scram_15.png	
CEVR	   1	 150	   4	   0	1.367475e+03	 157	   0	2.399481e-01	3.771984e+01	 903	scram	scram_8.png	
CEVR	   1	 151	   4	   0	1.374334e+03	 118	   0	3.035631e-01	3.578575e+01	2034	scram	scram_4.png	
CEVR	   1	 152	   4	   0	1.380456e+03	 153	   0	2.424640e-01	  37	 959	scram	scram_1.png	
CEVR	   1	 153	   4	   0	1.387129e+03	 140	   0	2.676173e-01	3.753523e+01	1461	scram	scram_5.png	
CEVR	   1	 154	   4	   0	1.394296e+03	 102	   0	3.546973e-01	3.629061e+01	2649	scram	scram_9.png	
CEVR	   1	 155	   4	   0	1.401368e+03	  82	   0	4.257068e-01	3.487147e+01	3258	scram	scram_10.png	
CEVR	   1	 156	   4	   0	1.408505e+03	  74	  74	4.776835e-01	3.556695e+01	3589	scram	scram_21.png	
CEVR	   1	 157	   4	   0	1.416676e+03	  75	  75	4.892331e-01	3.651077e+01	3653	scram	scram_18.png	
CEVR	   1	 158	   4	   0	1.424097e+03	  73	  73	5.088409e-01	  37	3755	scram	scram_11.png	
CEVR	   1	 159	   4	   0	1.431742e+03	  76	   0	5.188301e-01	3.959415e+01	3804	scram	scram_2.png	
CEVR	   1	 160	   4	   0	1.437743e+03	 167	   0	2.164104e-01	3.613436e+01	 316	scram	scram_7.png	
CEVR	   1	 161	   4	   0	1.444192e+03	 121	   0	3.017241e-01	3.639655e+01	2008	scram	scram_13.png	
CEVR	   1	 162	   4	   0	1.451746e+03	  94	   0	3.946967e-01	  37	3019	scram	scram_3.png	
CEVR	   1	 163	   4	   0	1.459369e+03	  72	   0	5.094414e-01	3.649056e+01	3758	scram	scram_14.png	
CEVR	   1	 164	   4	   0	1.465624e+03	 149	   0	2.453116e-01	3.650938e+01	1021	scram	scram_19.png	
CEVR	   1	 165	   4	   0	1.471056e+03	 160	   0	2.344316e-01	3.746886e+01	 776	scram	scram_17.png	
CEVR	   1	 166	   4	   0	1.478179e+03	 138	   0	2.729764e-01	3.754595e+01	1556	scram	scram_6.png	
CEVR	   1	 167	   4	   0	1.485289e+03	 105	 105	3.435013e-01	3.596950e+01	2530	scram	scram_20.png	
CEVR	   1	 168	   4	   0	1.493250e+03	 116	 116	3.347983e-01	3.867399e+01	2432	scram	scram_12.png	
CEV	   1	 169	   5	   0	1.565734e+03	  57	  57	5.980000e-01	3.401000e+01	2114	happy	happy_19.png	
CEV	   1	 170	   5	   0	1.572741e+03	  76	   0	5.111429e-01	3.904457e+01	2722	happy	happy_15.png	
CEV	   1	 171	   5	   0	1.579410e+03	  58	  58	6.078571e-01	3.517643e+01	2045	happy	happy_18.png	
CEV	   1	 172	   5	   0	1.586355e+03	  60	   0	6.142857e-01	  37	2000	happy	happy_13.png	
CEV	   1	 173	   5	   0	1.592639e+03	  47	   0	7.462857e-01	3.476114e+01	1076	happy	happy_8.png	
CEV	   1	 174	   5	   0	1.600530e+03	  82	  82	4.587143e-01	3.745871e+01	3089	happy	happy_11.png	
CEV	   1	 175	   5	   0	1.607326e+03	  78	  78	4.571429e-01	3.562857e+01	3100	happy	happy_12.png	
CEV	   1	 176	   5	   0	1.615080e+03	  84	  84	4.408571e-01	3.700000e+01	3214	happy	happy_7.png	
CEV	   1	 177	   5	   0	1.622736e+03	  85	  85	4.401429e-01	3.744014e+01	3219	happy	happy_3.png	
CEV	   1	 178	   5	   0	1.630659e+03	  87	   0	4.210000e-01	3.657900e+01	3353	happy	happy_20.png	
CEV	   1	 179	   5	   0	1.637780e+03	  71	  71	5.074286e-01	3.598514e+01	2748	happy	happy_9.png	
CEV	   1	 180	   5	   0	1.644824e+03	  61	  61	6.151429e-01	3.761514e+01	1994	happy	happy_17.png	
CEV	   1	 181	   5	   0	1.651735e+03	  76	   0	5.101429e-01	3.853043e+01	2729	happy	happy_6.png	
CEV	   1	 182	   5	   0	1.658635e+03	  88	  88	4.278571e-01	3.785571e+01	3305	happy	happy_2.png	
CEV	   1	 183	   5	   0	1.667052e+03	  89	  89	4.228571e-01	3.742286e+01	3340	happy	happy_4.png	
CEV	   1	 184	   5	   0	1.675227e+03	  95	   0	4.065714e-01	3.862629e+01	3454	happy	happy_5.png	
CEV	   1	 185	   5	   0	1.682761e+03	  86	  86	4.468571e-01	3.834057e+01	3172	happy	happy_1.png	
CEV	   1	 186	   5	   0	1.689465e+03	  69	  69	5.410000e-01	3.754100e+01	2513	happy	happy_14.png	
CEV	   1	 187	   5	   0	1.696848e+03	  75	  75	4.900000e-01	3.651000e+01	2870	happy	happy_16.png	
CEV	   1	 188	   5	   0	1.704038e+03	  83	  83	4.312857e-01	3.570614e+01	3281	happy	happy_10.png	
CEV	   1	 189	   5	   0	1.711185e+03	  65	  65	5.578571e-01	3.644214e+01	2395	happy	happy_21.png	
CEV	   1	 190	   5	   0	1.718829e+03	  84	   0	4.444286e-01	3.744443e+01	3189	happy	happy_9.png	
CEV	   1	 191	   5	   0	1.726482e+03	  92	   0	4.131429e-01	3.782629e+01	3408	happy	happy_7.png	
CEV	   1	 192	   5	   0	1.732554e+03	  62	  62	6.080000e-01	3.760800e+01	2044	happy	happy_18.png	
CEV	   1	 193	   5	   0	1.739767e+03	  58	  58	5.962857e-01	3.461486e+01	2126	happy	happy_15.png	
CEV	   1	 194	   5	   0	1.746124e+03	  63	   0	5.837143e-01	  37	2214	happy	happy_17.png	
CEV	   1	 195	   5	   0	1.753817e+03	  85	   0	4.304286e-01	3.656957e+01	3287	happy	happy_3.png	
CEV	   1	 196	   5	   0	1.760712e+03	  94	   0	4.014286e-01	3.780286e+01	3490	happy	happy_5.png	
CEV	   1	 197	   5	   0	1.768364e+03	  89	  89	4.137143e-01	  37	3404	happy	happy_2.png	
CEV	   1	 198	   5	   0	1.775381e+03	  73	   0	4.811429e-01	3.507543e+01	2932	happy	happy_13.png	
CEV	   1	 199	   5	   0	1.782831e+03	  92	   0	4.158571e-01	3.824757e+01	3389	happy	happy_12.png	
CEV	   1	 200	   5	   0	1.790157e+03	  84	  84	4.212857e-01	3.531486e+01	3351	happy	happy_11.png	
CEV	   1	 201	   5	   0	1.797212e+03	  48	  48	7.274286e-01	3.481771e+01	1208	happy	happy_4.png	
CEV	   1	 202	   5	   0	1.804969e+03	  59	  59	6.125714e-01	3.638743e+01	2012	happy	happy_19.png	
CEV	   1	 203	   5	   0	1.812381e+03	  77	   0	4.827143e-01	  37	2921	happy	happy_6.png	
CEV	   1	 204	   5	   0	1.819675e+03	  61	   0	6.022857e-01	  37	2084	happy	happy_16.png	
CEV	   1	 205	   5	   0	1.826777e+03	  63	   0	6.002857e-01	3.760029e+01	2098	happy	happy_21.png	
CEV	   1	 206	   5	   0	1.833393e+03	  45	  45	7.681429e-01	3.469557e+01	 923	happy	happy_8.png	
CEV	   1	 207	   5	   0	1.839281e+03	  52	  52	6.894286e-01	3.562114e+01	1474	happy	happy_10.png	
CEV	   1	 208	   5	   0	1.845570e+03	  56	  56	6.895714e-01	3.837914e+01	1473	happy	happy_1.png	
CEV	   1	 209	   5	   0	1.852475e+03	  85	  85	4.275714e-01	3.614486e+01	3307	happy	happy_20.png	
CEV	   1	 210	   5	   0	1.859610e+03	  62	   0	6.215714e-01	3.824314e+01	1949	happy	happy_14.png	
IEV	   1	 211	   6	   0	1.935341e+03	  17	  17	8.902708e-01	1.508260e+01	 571	scram	scram_1.png	
IEV	   1	 212	   6	   0	1.941638e+03	  26	  26	8.621386e-01	2.284452e+01	1088	scram	scram_2.png	
IEV	   1	 213	   6	   0	1.947815e+03	  31	  31	8.300360e-01	2.574758e+01	1447	scram	scram_20.png	
IEV	   1	 214	   6	   0	1.954048e+03	  40	  40	7.936305e-01	3.174259e+01	1759	scram	scram_19.png	
IEV	   1	 215	   6	   0	1.960651e+03	  44	  44	7.452875e-01	3.276253e+01	2100	scram	scram_21.png	
IEV	   1	 216	   6	   0	1.968212e+03	  53	   0	6.935522e-01	3.668439e+01	2415	scram	scram_16.png	
IEV	   1	 217	   6	   0	1.974104e+03	  20	  20	8.761763e-01	1.741402e+01	 876	scram	scram_11.png	
IEV	   1	 218	   6	   0	1.981215e+03	  71	  71	6.007715e-01	4.266365e+01	2913	scram	scram_10.png	
IEV	   1	 219	   6	   0	1.988609e+03	  86	   0	5.263837e-01	4.510430e+01	3281	scram	scram_9.png	
IEV	   1	 220	   6	   0	1.994418e+03	  25	  25	8.605512e-01	2.132687e+01	1109	scram	scram_3.png	
IEV	   1	 221	   6	   0	2.002201e+03	  97	   0	4.900776e-01	4.744674e+01	3456	scram	scram_13.png	
IEV	   1	 222	   6	   0	2.008977e+03	  27	  27	8.305556e-01	2.236960e+01	1442	scram	scram_15.png	
IEV	   1	 223	   6	   0	2.016209e+03	  20	   0	8.714925e-01	1.723227e+01	 953	scram	scram_17.png	
IEV	   1	 224	   6	   0	2.022532e+03	  55	   0	6.722889e-01	3.681801e+01	2535	scram	scram_8.png	
IEV	   1	 225	   6	   0	2.029950e+03	  77	  77	5.605656e-01	4.323193e+01	3114	scram	scram_5.png	
IEV	   1	 226	   6	   0	2.036011e+03	  19	  19	8.677219e-01	1.690159e+01	1010	scram	scram_7.png	
IEV	   1	 227	   6	   0	2.042430e+03	  27	  27	8.590840e-01	2.323384e+01	1128	scram	scram_4.png	
IEV	   1	 228	   6	   0	2.049183e+03	  28	  28	8.353402e-01	2.350099e+01	1395	scram	scram_6.png	
IEV	   1	 229	   6	   0	2.055669e+03	  35	  35	8.060216e-01	2.818961e+01	1660	scram	scram_18.png	
IEV	   1	 230	   6	   0	2.062721e+03	  42	   0	7.615146e-01	3.218238e+01	1992	scram	scram_14.png	
IEV	   1	 231	   6	   0	2.069306e+03	  21	  21	8.645608e-01	1.820634e+01	1055	scram	scram_12.png	
IEV	   1	 232	   6	   0	2.076679e+03	  23	  23	8.510482e-01	1.996310e+01	1226	scram	scram_15.png	
IEV	   1	 233	   6	   0	2.084678e+03	  63	  63	6.446645e-01	4.062724e+01	2685	scram	scram_19.png	
IEV	   1	 234	   6	   0	2.092518e+03	  65	   0	6.293127e-01	4.094847e+01	2766	scram	scram_5.png	
IEV	   1	 235	   6	   0	2.099289e+03	  30	  30	8.507898e-01	2.509992e+01	1229	scram	scram_6.png	
IEV	   1	 236	   6	   0	2.105202e+03	  27	  27	8.603215e-01	2.307721e+01	1112	scram	scram_21.png	
IEV	   1	 237	   6	   0	2.111464e+03	  26	  26	8.677903e-01	2.296647e+01	1009	scram	scram_11.png	
IEV	   1	 238	   6	   0	2.117336e+03	  25	  25	8.507035e-01	2.085659e+01	1230	scram	scram_20.png	
IEV	   1	 239	   6	   0	2.123642e+03	  26	  26	8.616134e-01	2.205049e+01	1095	scram	scram_16.png	
IEV	   1	 240	   6	   0	2.130146e+03	  31	  31	8.451927e-01	2.659446e+01	1292	scram	scram_10.png	
IEV	   1	 241	   6	   0	2.136675e+03	  23	  23	8.580632e-01	1.992973e+01	1141	scram	scram_1.png	
IEV	   1	 242	   6	   0	2.142934e+03	  27	  27	8.683345e-01	2.376161e+01	1001	scram	scram_12.png	
IEV	   1	 243	   6	   0	2.149623e+03	  22	  22	8.770345e-01	1.903803e+01	 861	scram	scram_14.png	
IEV	   1	 244	   6	   0	2.155871e+03	  26	  26	8.550823e-01	2.202072e+01	1178	scram	scram_4.png	
IEV	   1	 245	   6	   0	2.162244e+03	  27	  27	8.507898e-01	2.254755e+01	1229	scram	scram_7.png	
IEV	   1	 246	   6	   0	2.169484e+03	  29	   0	8.385916e-01	2.397236e+01	1362	scram	scram_8.png	
IEV	   1	 247	   6	   0	2.176926e+03	  80	  80	5.503933e-01	4.380249e+01	3164	scram	scram_9.png	
IEV	   1	 248	   6	   0	2.184251e+03	  77	  77	5.571136e-01	4.286972e+01	3131	scram	scram_13.png	
IEV	   1	 249	   6	   0	2.190698e+03	  82	  82	5.487604e-01	4.499054e+01	3172	scram	scram_2.png	
IEV	   1	 250	   6	   0	2.198409e+03	 100	   0	4.829882e-01	4.826843e+01	3490	scram	scram_18.png	
IEV	   1	 251	   6	   0	2.206255e+03	  84	   0	5.495770e-01	4.604609e+01	3168	scram	scram_17.png	
IEV	   1	 252	   6	   0	2.213291e+03	  69	   0	6.319864e-01	4.331044e+01	2752	scram	scram_3.png	
#20-Mar-2013
CEVR	   2	 253	   7	   0	3.971362e+01	 149	   0	2.508718e-01	3.750174e+01	1138	happy	happy_5.png	
CEVR	   2	 254	   7	   0	4.618233e+01	 121	 121	3.022170e-01	3.669778e+01	2015	happy	happy_3.png	
CEVR	   2	 255	   7	   0	5.359316e+01	 118	   0	3.081866e-01	3.638363e+01	2098	happy	happy_10.png	
CEVR	   2	 256	   7	   0	6.005109e+01	 121	 121	2.997685e-01	3.640046e+01	1980	happy	happy_1.png	
CEVR	   2	 257	   7	   0	6.755959e+01	 129	   0	2.939841e-01	3.788195e+01	1895	happy	happy_9.png	
CEVR	   2	 258	   7	   0	7.447620e+01	 129	   0	2.950558e-01	3.818022e+01	1911	happy	happy_7.png	
CEVR	   2	 259	   7	   0	8.131904e+01	  98	   0	3.880731e-01	3.816422e+01	2963	happy	happy_14.png	
CEVR	   2	 260	   7	   0	8.858660e+01	 108	   0	3.511388e-01	3.805342e+01	2612	happy	happy_17.png	
CEVR	   2	 261	   7	   0	9.512086e+01	 129	 129	2.842406e-01	3.671576e+01	1744	happy	happy_6.png	
CEVR	   2	 262	   7	   0	1.017142e+02	 136	   0	2.792152e-01	3.783765e+01	1662	happy	happy_16.png	
CEVR	   2	 263	   7	   0	1.081819e+02	 132	   0	2.759429e-01	3.644811e+01	1607	happy	happy_11.png	
CEVR	   2	 264	   7	   0	1.143315e+02	 168	   0	2.185285e-01	3.678147e+01	 374	happy	happy_19.png	
CEVR	   2	 265	   7	   0	1.210243e+02	 136	 136	2.791550e-01	3.783746e+01	1661	happy	happy_13.png	
CEVR	   2	 266	   7	   0	1.277202e+02	 136	   0	2.793959e-01	3.811758e+01	1665	happy	happy_4.png	
CEVR	   2	 267	   7	   0	1.339864e+02	 134	   0	2.758841e-01	3.700000e+01	1606	happy	happy_12.png	
CEVR	   2	 268	   7	   0	1.419614e+02	  83	  83	4.502782e-01	3.745028e+01	3424	happy	happy_21.png	
CEVR	   2	 269	   7	   0	1.493762e+02	  77	  77	4.631617e-01	3.561052e+01	3504	happy	happy_18.png	
CEVR	   2	 270	   7	   0	1.572516e+02	  84	   0	4.505915e-01	3.790118e+01	3426	happy	happy_8.png	
CEVR	   2	 271	   7	   0	1.644547e+02	 135	   0	2.802424e-01	3.784073e+01	1679	happy	happy_2.png	
CEVR	   2	 272	   7	   0	1.718238e+02	  83	  83	4.479419e-01	3.700000e+01	3409	happy	happy_15.png	
CEVR	   2	 273	   7	   0	1.792407e+02	  76	  76	4.633274e-01	3.514669e+01	3505	happy	happy_20.png	
CEVR	   2	 274	   7	   0	1.877983e+02	  79	   0	4.775074e-01	3.795501e+01	3588	happy	happy_15.png	
CEVR	   2	 275	   7	   0	1.950765e+02	 130	   0	2.771832e-01	3.616845e+01	1628	happy	happy_4.png	
CEVR	   2	 276	   7	   0	2.019945e+02	  76	  76	4.634932e-01	3.514603e+01	3506	happy	happy_18.png	
CEVR	   2	 277	   7	   0	2.095867e+02	  85	   0	4.553446e-01	3.882138e+01	3456	happy	happy_12.png	
CEVR	   2	 278	   7	   0	2.158244e+02	 134	   0	2.843654e-01	3.813746e+01	1746	happy	happy_5.png	
CEVR	   2	 279	   7	   0	2.222780e+02	 136	   0	2.741901e-01	3.727419e+01	1577	happy	happy_3.png	
CEVR	   2	 280	   7	   0	2.291112e+02	 152	   0	2.507746e-01	3.800310e+01	1136	happy	happy_11.png	
CEVR	   2	 281	   7	   0	2.368312e+02	  75	   0	4.639914e-01	3.468004e+01	3509	happy	happy_2.png	
CEVR	   2	 282	   7	   0	2.448167e+02	  94	   0	3.969957e-01	3.739700e+01	3038	happy	happy_19.png	
CEVR	   2	 283	   7	   0	2.519364e+02	  80	   0	4.634932e-01	3.700000e+01	3506	happy	happy_1.png	
CEVR	   2	 284	   7	   0	2.580828e+02	 150	 150	2.519946e-01	3.775598e+01	1161	happy	happy_6.png	
CEVR	   2	 285	   7	   0	2.645755e+02	 150	   0	2.468547e-01	  37	1054	happy	happy_20.png	
CEVR	   2	 286	   7	   0	2.710745e+02	 122	   0	3.058573e-01	3.730586e+01	2066	happy	happy_17.png	
CEVR	   2	 287	   7	   0	2.785858e+02	  82	   0	4.608541e-01	3.792171e+01	3490	happy	happy_14.png	
CEVR	   2	 288	   7	   0	2.850328e+02	 127	   0	2.853051e-01	3.614408e+01	1761	happy	happy_13.png	
CEVR	   2	 289	   7	   0	2.916383e+02	 145	   0	2.478943e-01	3.600842e+01	1076	happy	happy_7.png	
CEVR	   2	 290	   7	   0	2.992574e+02	 105	   0	3.600222e-01	3.772004e+01	2703	happy	happy_8.png	
CEVR	   2	 291	   7	   0	3.068022e+02	  88	   0	4.395791e-01	3.875832e+01	3354	happy	happy_10.png	
CEVR	   2	 292	   7	   0	3.139074e+02	 152	   0	2.478469e-01	3.774354e+01	1075	happy	happy_9.png	
CEVR	   2	 293	   7	   0	3.196876e+02	 143	   0	2.656410e-01	3.806256e+01	1425	happy	happy_16.png	
CEVR	   2	 294	   7	   0	3.263549e+02	 118	 118	3.011628e-01	3.549419e+01	2000	happy	happy_21.png	
DEV	   2	 295	   8	   0	4.024634e+02	  75	  75	7.465864e-01	5.634905e+01	 571	scram	scram_17.png	
DEV	   2	 296	   8	   0	4.084259e+02	  77	  77	6.485063e-01	5.013796e+01	 988	scram	scram_12.png	
DEV	   2	 297	   8	   0	4.155236e+02	  77	   0	5.923176e-01	4.548809e+01	1258	scram	scram_21.png	
DEV	   2	 298	   8	   0	4.219782e+02	  68	  68	6.978966e-01	4.741299e+01	 771	scram	scram_10.png	
DEV	   2	 299	   8	   0	4.279643e+02	  71	  71	7.311801e-01	5.187860e+01	 633	scram	scram_14.png	
DEV	   2	 300	   8	   0	4.351188e+02	  73	  73	6.978966e-01	5.090247e+01	 771	scram	scram_1.png	
DEV	   2	 301	   8	   0	4.414152e+02	  68	  68	7.257798e-01	4.943691e+01	 655	scram	scram_4.png	
DEV	   2	 302	   8	   0	4.478042e+02	  68	  68	7.294580e-01	4.960625e+01	 640	scram	scram_19.png	
DEV	   2	 303	   8	   0	4.543603e+02	  66	  66	7.460851e-01	4.960818e+01	 573	scram	scram_11.png	
DEV	   2	 304	   8	   0	4.602172e+02	  70	  70	7.455842e-01	5.182333e+01	 575	scram	scram_5.png	
DEV	   2	 305	   8	   0	4.669484e+02	  73	  73	7.587000e-01	5.545385e+01	 523	scram	scram_9.png	
DEV	   2	 306	   8	   0	4.731486e+02	  72	  72	7.245574e-01	5.227856e+01	 660	scram	scram_13.png	
DEV	   2	 307	   8	   0	4.790982e+02	  67	  67	7.495997e-01	5.050858e+01	 559	scram	scram_20.png	
DEV	   2	 308	   8	   0	4.853276e+02	  73	   0	8.121679e-01	5.949613e+01	 318	scram	scram_6.png	
DEV	   2	 309	   8	   0	4.915930e+02	  70	  70	7.415867e-01	5.163796e+01	 591	scram	scram_3.png	
DEV	   2	 310	   8	   0	4.975566e+02	  73	  73	7.428339e-01	5.392448e+01	 586	scram	scram_18.png	
DEV	   2	 311	   8	   0	5.032321e+02	  72	  72	6.889830e-01	4.973907e+01	 809	scram	scram_2.png	
DEV	   2	 312	   8	   0	5.089989e+02	  78	  78	6.478495e-01	5.074654e+01	 991	scram	scram_16.png	
DEV	   2	 313	   8	   0	5.160241e+02	  71	  71	6.230104e-01	4.423014e+01	1107	scram	scram_15.png	
DEV	   2	 314	   8	   0	5.222095e+02	  73	   0	5.982668e-01	4.345953e+01	1228	scram	scram_7.png	
DEV	   2	 315	   8	   0	5.279933e+02	  74	  74	6.852630e-01	5.091333e+01	 825	scram	scram_8.png	
DEV	   2	 316	   8	   0	5.344278e+02	  77	   0	7.088335e-01	5.431031e+01	 725	scram	scram_6.png	
DEV	   2	 317	   8	   0	5.407147e+02	  75	  75	6.845677e-01	5.155969e+01	 828	scram	scram_5.png	
DEV	   2	 318	   8	   0	5.469147e+02	  77	   0	6.781119e-01	5.255282e+01	 856	scram	scram_18.png	
DEV	   2	 319	   8	   0	5.523810e+02	  77	   0	7.423348e-01	5.686913e+01	 588	scram	scram_2.png	
DEV	   2	 320	   8	   0	5.587904e+02	  78	  78	6.299659e-01	4.901760e+01	1074	scram	scram_14.png	
DEV	   2	 321	   8	   0	5.647666e+02	  71	  71	6.441414e-01	4.601153e+01	1008	scram	scram_7.png	
DEV	   2	 322	   8	   0	5.713330e+02	  70	  70	6.485063e-01	4.559842e+01	 988	scram	scram_12.png	
DEV	   2	 323	   8	   0	5.772920e+02	  78	  78	6.520212e-01	5.099964e+01	 972	scram	scram_1.png	
DEV	   2	 324	   8	   0	5.833620e+02	  72	  72	6.478495e-01	4.685944e+01	 991	scram	scram_15.png	
DEV	   2	 325	   8	   0	5.893463e+02	  73	  73	6.859590e-01	5.026557e+01	 822	scram	scram_21.png	
DEV	   2	 326	   8	   0	5.958410e+02	  70	   0	6.367950e-01	4.433869e+01	1042	scram	scram_19.png	
DEV	   2	 327	   8	   0	6.022119e+02	  74	   0	6.927226e-01	5.132065e+01	 793	scram	scram_8.png	
DEV	   2	 328	   8	   0	6.095393e+02	  73	  73	6.230104e-01	4.547617e+01	1107	scram	scram_17.png	
DEV	   2	 329	   8	   0	6.161439e+02	  72	  72	5.917267e-01	4.249314e+01	1261	scram	scram_4.png	
DEV	   2	 330	   8	   0	6.228747e+02	  78	  78	5.819878e-01	4.543222e+01	1311	scram	scram_20.png	
DEV	   2	 331	   8	   0	6.296501e+02	  80	  80	6.032809e-01	4.796799e+01	1203	scram	scram_10.png	
DEV	   2	 332	   8	   0	6.358293e+02	  81	  81	6.020729e-01	4.849296e+01	1209	scram	scram_3.png	
DEV	   2	 333	   8	   0	6.422469e+02	  77	   0	6.272153e-01	4.822215e+01	1087	scram	scram_16.png	
DEV	   2	 334	   8	   0	6.496865e+02	  74	  74	5.783408e-01	4.288855e+01	1330	scram	scram_9.png	
DEV	   2	 335	   8	   0	6.555514e+02	  76	   0	5.690722e-01	4.347508e+01	1379	scram	scram_11.png	
DEV	   2	 336	   8	   0	6.620479e+02	  76	  76	6.815628e-01	5.207267e+01	 841	scram	scram_13.png	
CEVR	   2	 337	   9	   0	7.357217e+02	 154	   0	2.349846e-01	3.629505e+01	 789	fear	fear_5.png	
CEVR	   2	 338	   9	   0	7.429857e+02	 114	   0	3.140155e-01	3.574394e+01	2176	fear	fear_4.png	
CEVR	   2	 339	   9	   0	7.506630e+02	  92	  92	3.927813e-01	3.621444e+01	3003	fear	fear_14.png	
CEVR	   2	 340	   9	   0	7.581249e+02	  92	   0	3.892396e-01	3.583228e+01	2973	fear	fear_20.png	
CEVR	   2	 341	   9	   0	7.658702e+02	  98	   0	3.851874e-01	3.777037e+01	2938	fear	fear_10.png	
CEVR	   2	 342	   9	   0	7.734250e+02	  82	  82	4.722830e-01	3.888913e+01	3558	fear	fear_8.png	
CEVR	   2	 343	   9	   0	7.815011e+02	  85	   0	4.463978e-01	3.789280e+01	3399	fear	fear_9.png	
CEVR	   2	 344	   9	   0	7.877240e+02	 127	 127	2.937840e-01	3.729378e+01	1892	fear	fear_17.png	
CEVR	   2	 345	   9	   0	7.944458e+02	 127	   0	2.936508e-01	3.729365e+01	1890	fear	fear_11.png	
CEVR	   2	 346	   9	   0	8.011153e+02	 148	 148	2.436042e-01	3.602558e+01	 984	fear	fear_6.png	
CEVR	   2	 347	   9	   0	8.083483e+02	 147	 147	2.595190e-01	3.803808e+01	1310	fear	fear_13.png	
CEVR	   2	 348	   9	   0	8.143207e+02	 143	 143	2.534247e-01	3.623973e+01	1190	fear	fear_1.png	
CEVR	   2	 349	   9	   0	8.211019e+02	 150	 150	2.446628e-01	3.675534e+01	1007	fear	fear_15.png	
CEVR	   2	 350	   9	   0	8.272067e+02	 154	 154	2.468547e-01	3.798742e+01	1054	fear	fear_2.png	
CEVR	   2	 351	   9	   0	8.332221e+02	 145	   0	2.477995e-01	3.600880e+01	1074	fear	fear_16.png	
CEVR	   2	 352	   9	   0	8.392766e+02	 147	 147	2.516029e-01	3.700000e+01	1153	fear	fear_12.png	
CEVR	   2	 353	   9	   0	8.453439e+02	 151	   0	2.527816e-01	3.826391e+01	1177	fear	fear_19.png	
CEVR	   2	 354	   9	   0	8.513108e+02	 150	 150	2.432839e-01	3.651343e+01	 977	fear	fear_3.png	
CEVR	   2	 355	   9	   0	8.579672e+02	 151	 151	2.423278e-01	3.651534e+01	 956	fear	fear_18.png	
CEVR	   2	 356	   9	   0	8.640140e+02	 153	   0	2.413343e-01	  37	 934	fear	fear_7.png	
CEVR	   2	 357	   9	   0	8.707652e+02	 154	 154	2.416947e-01	3.724169e+01	 942	fear	fear_21.png	
CEVR	   2	 358	   9	   0	8.773497e+02	 147	   0	2.446628e-01	3.602135e+01	1007	fear	fear_14.png	
CEVR	   2	 359	   9	   0	8.840389e+02	 161	   0	2.362708e-01	3.794508e+01	 819	fear	fear_4.png	
CEVR	   2	 360	   9	   0	8.897815e+02	 144	   0	2.503383e-01	3.599865e+01	1127	fear	fear_9.png	
CEVR	   2	 361	   9	   0	8.965945e+02	 148	   0	2.467607e-01	3.650648e+01	1052	fear	fear_7.png	
CEVR	   2	 362	   9	   0	9.032995e+02	 123	 123	3.047059e-01	3.760941e+01	2050	fear	fear_12.png	
CEVR	   2	 363	   9	   0	9.104259e+02	 115	   0	3.078203e-01	3.546090e+01	2093	fear	fear_19.png	
CEVR	   2	 364	   9	   0	9.172760e+02	  98	   0	3.825702e-01	3.738257e+01	2915	fear	fear_17.png	
CEVR	   2	 365	   9	   0	9.241121e+02	 150	   0	2.496145e-01	3.749923e+01	1112	fear	fear_20.png	
CEVR	   2	 366	   9	   0	9.302891e+02	 155	   0	2.439714e-01	3.773191e+01	 992	fear	fear_3.png	
CEVR	   2	 367	   9	   0	9.367583e+02	 126	   0	2.994912e-01	3.759898e+01	1976	fear	fear_1.png	
CEVR	   2	 368	   9	   0	9.443339e+02	  82	  82	4.444063e-01	3.655559e+01	3386	fear	fear_13.png	
CEVR	   2	 369	   9	   0	9.516253e+02	  85	  85	4.496528e-01	3.834896e+01	3420	fear	fear_18.png	
CEVR	   2	 370	   9	   0	9.599451e+02	  82	   0	4.585694e-01	3.745857e+01	3476	fear	fear_6.png	
CEVR	   2	 371	   9	   0	9.663711e+02	 145	 145	2.485605e-01	3.600576e+01	1090	fear	fear_8.png	
CEVR	   2	 372	   9	   0	9.731915e+02	 149	   0	2.479893e-01	  37	1078	fear	fear_11.png	
CEVR	   2	 373	   9	   0	9.810657e+02	  99	   0	3.906486e-01	3.856259e+01	2985	fear	fear_5.png	
CEVR	   2	 374	   9	   0	9.876406e+02	  85	  85	4.445589e-01	3.788912e+01	3387	fear	fear_21.png	
CEVR	   2	 375	   9	   0	9.958590e+02	  77	  77	4.580828e-01	3.516767e+01	3473	fear	fear_15.png	
CEVR	   2	 376	   9	   0	1.003655e+03	  85	   0	4.505915e-01	3.835177e+01	3426	fear	fear_2.png	
CEVR	   2	 377	   9	   0	1.010071e+03	 123	 123	3.057851e-01	3.761157e+01	2065	fear	fear_16.png	
CEVR	   2	 378	   9	   0	1.016575e+03	 124	 124	3.042048e-01	3.760841e+01	2043	fear	fear_10.png	
IEV	   2	 379	  10	   0	1.086034e+03	  13	  13	8.999659e-01	1.142338e+01	  18	happy	happy_16.png	
IEV	   2	 380	  10	   0	1.092053e+03	  20	  20	8.764644e-01	1.737051e+01	 871	happy	happy_12.png	
IEV	   2	 381	  10	   0	1.099208e+03	  27	  27	8.577464e-01	2.340157e+01	1145	happy	happy_15.png	
IEV	   2	 382	  10	   0	1.105063e+03	  34	  34	8.194411e-01	2.767527e+01	1545	happy	happy_3.png	
IEV	   2	 383	  10	   0	1.111927e+03	  38	   0	7.932431e-01	3.019076e+01	1762	happy	happy_14.png	
IEV	   2	 384	  10	   0	1.119042e+03	  34	  34	8.282541e-01	2.842252e+01	1464	happy	happy_4.png	
IEV	   2	 385	  10	   0	1.125672e+03	  30	  30	8.250521e-01	2.462543e+01	1494	happy	happy_17.png	
IEV	   2	 386	  10	   0	1.132298e+03	  32	  32	8.292004e-01	2.666616e+01	1455	happy	happy_7.png	
IEV	   2	 387	  10	   0	1.139003e+03	  33	  33	8.304519e-01	2.736387e+01	1443	happy	happy_18.png	
IEV	   2	 388	  10	   0	1.145375e+03	  26	  26	8.371248e-01	2.162594e+01	1377	happy	happy_13.png	
IEV	   2	 389	  10	   0	1.151987e+03	  80	  80	5.722876e-01	4.599379e+01	3056	happy	happy_20.png	
IEV	   2	 390	  10	   0	1.158596e+03	  76	  76	5.736962e-01	4.362567e+01	3049	happy	happy_6.png	
IEV	   2	 391	  10	   0	1.166239e+03	  77	   0	5.601598e-01	4.325491e+01	3116	happy	happy_5.png	
IEV	   2	 392	  10	   0	1.173723e+03	  75	  75	5.839167e-01	4.362976e+01	2998	happy	happy_2.png	
IEV	   2	 393	  10	   0	1.181693e+03	  76	  76	5.934637e-01	4.486707e+01	2950	happy	happy_19.png	
IEV	   2	 394	  10	   0	1.188144e+03	  70	  70	5.968271e-01	4.169912e+01	2933	happy	happy_11.png	
IEV	   2	 395	  10	   0	1.195616e+03	  74	  74	5.892959e-01	4.332509e+01	2971	happy	happy_9.png	
IEV	   2	 396	  10	   0	1.202362e+03	  70	  70	5.991954e-01	4.215623e+01	2921	happy	happy_1.png	
IEV	   2	 397	  10	   0	1.209133e+03	  70	   0	5.892959e-01	4.096790e+01	2971	happy	happy_8.png	
IEV	   2	 398	  10	   0	1.215904e+03	  71	   0	5.894947e-01	4.213477e+01	2970	happy	happy_10.png	
IEV	   2	 399	  10	   0	1.224144e+03	 107	 107	4.794408e-01	5.130909e+01	3507	happy	happy_21.png	
IEV	   2	 400	  10	   0	1.232626e+03	 110	   0	4.621037e-01	5.060197e+01	3590	happy	happy_1.png	
IEV	   2	 401	  10	   0	1.239763e+03	 101	   0	4.802756e-01	4.839396e+01	3503	happy	happy_11.png	
IEV	   2	 402	  10	   0	1.247092e+03	  75	   0	5.664376e-01	4.233087e+01	3085	happy	happy_3.png	
IEV	   2	 403	  10	   0	1.253123e+03	  17	  17	8.856828e-01	1.500880e+01	 688	happy	happy_16.png	
IEV	   2	 404	  10	   0	1.260055e+03	  28	  28	8.619140e-01	2.373537e+01	1091	happy	happy_9.png	
IEV	   2	 405	  10	   0	1.267505e+03	  31	  31	8.419424e-01	2.611651e+01	1327	happy	happy_20.png	
IEV	   2	 406	  10	   0	1.274556e+03	  29	  29	8.212241e-01	2.420931e+01	1529	happy	happy_21.png	
IEV	   2	 407	  10	   0	1.281248e+03	  31	  31	8.341358e-01	2.613791e+01	1407	happy	happy_10.png	
IEV	   2	 408	  10	   0	1.287905e+03	  32	  32	8.201122e-01	2.596707e+01	1539	happy	happy_4.png	
IEV	   2	 409	  10	   0	1.296091e+03	  71	  71	5.837171e-01	4.130614e+01	2999	happy	happy_7.png	
IEV	   2	 410	  10	   0	1.303599e+03	  80	   0	5.755053e-01	4.582593e+01	3040	happy	happy_2.png	
IEV	   2	 411	  10	   0	1.310230e+03	  66	  66	6.062703e-01	3.991599e+01	2885	happy	happy_15.png	
IEV	   2	 412	  10	   0	1.317834e+03	  64	  64	6.162128e-01	3.928354e+01	2834	happy	happy_6.png	
IEV	   2	 413	  10	   0	1.325350e+03	  68	   0	6.121306e-01	4.138109e+01	2855	happy	happy_13.png	
IEV	   2	 414	  10	   0	1.332608e+03	 106	   0	4.725505e-01	5.016500e+01	3540	happy	happy_8.png	
IEV	   2	 415	  10	   0	1.339109e+03	  22	  22	8.512201e-01	1.909052e+01	1224	happy	happy_5.png	
IEV	   2	 416	  10	   0	1.345704e+03	  29	  29	8.117513e-01	2.357017e+01	1612	happy	happy_17.png	
IEV	   2	 417	  10	   0	1.352824e+03	  30	  30	8.060216e-01	2.415950e+01	1660	happy	happy_14.png	
IEV	   2	 418	  10	   0	1.359135e+03	  31	  31	8.079518e-01	2.477031e+01	1644	happy	happy_12.png	
IEV	   2	 419	  10	   0	1.365628e+03	  17	  17	8.890391e-01	1.530694e+01	 605	happy	happy_18.png	
IEV	   2	 420	  10	   0	1.372476e+03	  41	  41	7.428146e-01	3.073339e+01	2116	happy	happy_19.png	
DEV	   2	 421	  11	   0	1.442523e+03	  70	  70	8.948912e-01	6.243181e+01	  18	fear	fear_15.png	
DEV	   2	 422	  11	   0	1.448147e+03	  72	  72	7.727746e-01	5.535422e+01	 468	fear	fear_14.png	
DEV	   2	 423	  11	   0	1.455335e+03	  69	  69	7.413374e-01	5.088501e+01	 592	fear	fear_13.png	
DEV	   2	 424	  11	   0	1.460907e+03	  74	  74	7.999355e-01	5.895357e+01	 364	fear	fear_2.png	
DEV	   2	 425	  11	   0	1.466361e+03	  72	  72	7.581920e-01	5.467092e+01	 525	fear	fear_18.png	
DEV	   2	 426	  11	   0	1.473230e+03	  67	  67	8.017885e-01	5.342469e+01	 357	fear	fear_11.png	
DEV	   2	 427	  11	   0	1.478658e+03	  76	  76	7.714867e-01	5.838086e+01	 473	fear	fear_8.png	
DEV	   2	 428	  11	   0	1.484637e+03	  72	  72	6.509206e-01	4.702746e+01	 977	fear	fear_20.png	
DEV	   2	 429	  11	   0	1.491682e+03	  70	   0	6.667358e-01	4.654817e+01	 906	fear	fear_12.png	
DEV	   2	 430	  11	   0	1.497502e+03	  70	   0	7.756140e-01	5.393299e+01	 457	fear	fear_6.png	
DEV	   2	 431	  11	   0	1.504737e+03	  76	   0	5.505874e-01	4.177351e+01	1480	fear	fear_5.png	
DEV	   2	 432	  11	   0	1.512212e+03	  76	  76	4.731294e-01	3.590087e+01	1965	fear	fear_17.png	
DEV	   2	 433	  11	   0	1.518302e+03	  76	   0	4.689250e-01	3.563433e+01	1995	fear	fear_21.png	
DEV	   2	 434	  11	   0	1.524625e+03	  85	  85	4.113626e-01	3.479570e+01	2461	fear	fear_10.png	
DEV	   2	 435	  11	   0	1.531635e+03	  83	  83	4.143330e-01	3.418274e+01	2434	fear	fear_4.png	
DEV	   2	 436	  11	   0	1.537860e+03	  81	   0	4.108170e-01	3.311277e+01	2466	fear	fear_16.png	
DEV	   2	 437	  11	   0	1.546146e+03	  83	  83	3.605469e-01	2.996973e+01	2986	fear	fear_9.png	
DEV	   2	 438	  11	   0	1.554167e+03	  80	   0	3.546539e-01	2.848170e+01	3055	fear	fear_7.png	
DEV	   2	 439	  11	   0	1.562334e+03	  83	   0	3.152526e-01	2.602308e+01	3550	fear	fear_19.png	
DEV	   2	 440	  11	   0	1.568681e+03	  70	  70	8.156484e-01	5.719932e+01	 305	fear	fear_1.png	
DEV	   2	 441	  11	   0	1.575560e+03	  69	  69	7.983497e-01	5.488984e+01	 370	fear	fear_3.png	
DEV	   2	 442	  11	   0	1.582225e+03	  67	  67	7.543914e-01	5.071673e+01	 540	fear	fear_5.png	
DEV	   2	 443	  11	   0	1.587993e+03	  68	  68	8.036446e-01	5.429861e+01	 350	fear	fear_19.png	
DEV	   2	 444	  11	   0	1.594230e+03	  71	   0	8.207534e-01	5.822143e+01	 286	fear	fear_14.png	
DEV	   2	 445	  11	   0	1.600275e+03	  75	  75	7.648164e-01	5.727896e+01	 499	fear	fear_3.png	
DEV	   2	 446	  11	   0	1.606022e+03	  68	   0	7.625181e-01	5.182623e+01	 508	fear	fear_20.png	
DEV	   2	 447	  11	   0	1.612828e+03	  73	  73	7.847016e-01	5.746266e+01	 422	fear	fear_4.png	
DEV	   2	 448	  11	   0	1.619076e+03	  73	  73	7.632836e-01	5.567570e+01	 505	fear	fear_1.png	
DEV	   2	 449	  11	   0	1.625355e+03	  73	  73	7.561631e-01	5.533001e+01	 533	fear	fear_8.png	
DEV	   2	 450	  11	   0	1.631787e+03	  68	  68	7.712293e-01	5.219812e+01	 474	fear	fear_2.png	
DEV	   2	 451	  11	   0	1.637119e+03	  74	  74	7.717441e-01	5.685028e+01	 472	fear	fear_15.png	
DEV	   2	 452	  11	   0	1.643793e+03	  68	  68	7.498513e-01	5.126942e+01	 558	fear	fear_12.png	
DEV	   2	 453	  11	   0	1.650560e+03	  75	  75	7.625181e-01	5.716386e+01	 508	fear	fear_21.png	
DEV	   2	 454	  11	   0	1.656590e+03	  73	  73	7.725169e-01	5.611489e+01	 469	fear	fear_10.png	
DEV	   2	 455	  11	   0	1.663048e+03	  76	  76	7.587000e-01	5.772995e+01	 523	fear	fear_9.png	
DEV	   2	 456	  11	   0	1.668519e+03	  73	  73	7.597166e-01	5.550327e+01	 519	fear	fear_17.png	
DEV	   2	 457	  11	   0	1.673651e+03	  74	  74	7.720017e-01	5.686266e+01	 471	fear	fear_6.png	
DEV	   2	 458	  11	   0	1.679732e+03	  66	  66	7.983497e-01	5.249480e+01	 370	fear	fear_11.png	
DEV	   2	 459	  11	   0	1.685896e+03	  67	  67	8.076321e-01	5.445182e+01	 335	fear	fear_16.png	
DEV	   2	 460	  11	   0	1.691503e+03	  71	  71	7.343877e-01	5.203421e+01	 620	fear	fear_18.png	
DEV	   2	 461	  11	   0	1.697003e+03	  69	  69	7.376074e-01	5.071412e+01	 607	fear	fear_13.png	
DEV	   2	 462	  11	   0	1.703472e+03	  66	   0	7.541386e-01	4.995167e+01	 541	fear	fear_7.png	
CEV	   2	 463	  12	   0	1.774432e+03	  50	   0	7.657143e-01	3.853143e+01	 940	scram	scram_17.png	
CEV	   2	 464	  12	   0	1.781570e+03	  58	   0	6.027143e-01	3.519186e+01	2081	scram	scram_1.png	
CEV	   2	 465	  12	   0	1.789185e+03	  82	   0	4.664286e-01	3.839929e+01	3035	scram	scram_13.png	
CEV	   2	 466	  12	   0	1.794678e+03	  43	  43	8.447143e-01	3.615529e+01	 387	scram	scram_16.png	
CEV	   2	 467	  12	   0	1.801900e+03	  47	  47	8.358571e-01	3.950757e+01	 449	scram	scram_18.png	
CEV	   2	 468	  12	   0	1.807818e+03	  42	  42	8.084286e-01	3.376629e+01	 641	scram	scram_4.png	
CEV	   2	 469	  12	   0	1.814174e+03	  56	   0	6.838571e-01	3.836771e+01	1513	scram	scram_7.png	
CEV	   2	 470	  12	   0	1.820863e+03	  58	  58	6.455714e-01	3.764557e+01	1781	scram	scram_15.png	
CEV	   2	 471	  12	   0	1.826835e+03	  56	   0	6.505714e-01	3.634943e+01	1746	scram	scram_14.png	
CEV	   2	 472	  12	   0	1.833499e+03	  67	   0	5.382857e-01	3.592343e+01	2532	scram	scram_6.png	
CEV	   2	 473	  12	   0	1.840591e+03	  92	   0	4.164286e-01	3.824929e+01	3385	scram	scram_8.png	
CEV	   2	 474	  12	   0	1.846662e+03	  45	  45	8.228571e-01	  37	 540	scram	scram_10.png	
CEV	   2	 475	  12	   0	1.853228e+03	  59	  59	6.812857e-01	4.040643e+01	1531	scram	scram_19.png	
CEV	   2	 476	  12	   0	1.860242e+03	  51	   0	6.674286e-01	3.433029e+01	1628	scram	scram_20.png	
CEV	   2	 477	  12	   0	1.867177e+03	  47	  47	8.044286e-01	3.780443e+01	 669	scram	scram_21.png	
CEV	   2	 478	  12	   0	1.872602e+03	  49	  49	8.357143e-01	4.117857e+01	 450	scram	scram_5.png	
CEV	   2	 479	  12	   0	1.878656e+03	  47	  47	8.280000e-01	3.865600e+01	 504	scram	scram_9.png	
CEV	   2	 480	  12	   0	1.885219e+03	  44	  44	8.250000e-01	3.617500e+01	 525	scram	scram_11.png	
CEV	   2	 481	  12	   0	1.891603e+03	  40	  40	8.192857e-01	3.290357e+01	 565	scram	scram_2.png	
CEV	   2	 482	  12	   0	1.898059e+03	  51	   0	6.844286e-01	3.494671e+01	1509	scram	scram_3.png	
CEV	   2	 483	  12	   0	1.905054e+03	  44	   0	8.157143e-01	3.618429e+01	 590	scram	scram_12.png	
CEV	   2	 484	  12	   0	1.911168e+03	  46	  46	8.392857e-01	3.867857e+01	 425	scram	scram_4.png	
CEV	   2	 485	  12	   0	1.917546e+03	  42	   0	8.212857e-01	3.453614e+01	 551	scram	scram_1.png	
CEV	   2	 486	  12	   0	1.923601e+03	  41	   0	8.562857e-01	3.528743e+01	 306	scram	scram_13.png	
CEV	   2	 487	  12	   0	1.929576e+03	  40	  40	8.508571e-01	3.444743e+01	 344	scram	scram_10.png	
CEV	   2	 488	  12	   0	1.935597e+03	  40	  40	8.372857e-01	3.365086e+01	 439	scram	scram_14.png	
CEV	   2	 489	  12	   0	1.941849e+03	  42	  42	8.287143e-01	3.451386e+01	 499	scram	scram_11.png	
CEV	   2	 490	  12	   0	1.946984e+03	  46	  46	8.332857e-01	3.866657e+01	 467	scram	scram_17.png	
CEV	   2	 491	  12	   0	1.953223e+03	  46	  46	8.324286e-01	3.866486e+01	 473	scram	scram_20.png	
CEV	   2	 492	  12	   0	1.959119e+03	  45	  45	8.444286e-01	3.784443e+01	 389	scram	scram_9.png	
CEV	   2	 493	  12	   0	1.965368e+03	  49	  49	8.298571e-01	4.031943e+01	 491	scram	scram_19.png	
CEV	   2	 494	  12	   0	1.972166e+03	  46	  46	8.445714e-01	3.868914e+01	 388	scram	scram_6.png	
CEV	   2	 495	  12	   0	1.977538e+03	  44	  44	8.232857e-01	3.617671e+01	 537	scram	scram_21.png	
CEV	   2	 496	  12	   0	1.984329e+03	  45	  45	8.468571e-01	3.784686e+01	 372	scram	scram_7.png	
CEV	   2	 497	  12	   0	1.990787e+03	  43	  43	8.275714e-01	3.534486e+01	 507	scram	scram_18.png	
CEV	   2	 498	  12	   0	1.996589e+03	  45	  45	8.144286e-01	3.700000e+01	 599	scram	scram_5.png	
CEV	   2	 499	  12	   0	2.003410e+03	  47	   0	8.380000e-01	3.951400e+01	 434	scram	scram_2.png	
CEV	   2	 500	  12	   0	2.010040e+03	  41	  41	8.068571e-01	3.296571e+01	 652	scram	scram_3.png	
CEV	   2	 501	  12	   0	2.015804e+03	  41	  41	8.257143e-01	3.369714e+01	 520	scram	scram_12.png	
CEV	   2	 502	  12	   0	2.022057e+03	  50	  50	8.288571e-01	4.114429e+01	 498	scram	scram_15.png	
CEV	   2	 503	  12	   0	2.027456e+03	  49	  49	8.160000e-01	4.026400e+01	 588	scram	scram_8.png	
CEV	   2	 504	  12	   0	2.034127e+03	  47	  47	8.240000e-01	3.864800e+01	 532	scram	scram_16.png	
