#Subj:	10927
#Run:	1
#Age:	21
#Gender:	male
#25-Apr-2013
Func	Run	Trial	Block	Null	trialStartTime	Mag	ScoreInc	Freq	EV	RT	Emotion	Image
CEV	   1	   1	   1	   0	1.311610e+02	 111	   0	3.405714e-01	3.768114e+01	3916	fear	fear_10.png	
CEV	   1	   2	   1	   0	1.391572e+02	  71	  71	5.380000e-01	3.807600e+01	2534	fear	fear_4.png	
CEV	   1	   3	   1	   0	1.449051e+02	  50	  50	7.708571e-01	3.854171e+01	 904	fear	fear_8.png	
CEV	   1	   4	   1	   0	1.515762e+02	  53	  53	7.248571e-01	3.844971e+01	1226	fear	fear_21.png	
CEV	   1	   5	   1	   0	1.582562e+02	  44	  44	8.094286e-01	3.538114e+01	 634	fear	fear_1.png	
CEV	   1	   6	   1	   0	1.651827e+02	  69	   0	5.055714e-01	3.497771e+01	2761	fear	fear_6.png	
CEV	   1	   7	   1	   0	1.709662e+02	  50	  50	7.775714e-01	3.855514e+01	 857	fear	fear_9.png	
CEV	   1	   8	   1	   0	1.774444e+02	  56	  56	7.225714e-01	4.061286e+01	1242	fear	fear_11.png	
CEV	   1	   9	   1	   0	1.835533e+02	  53	  53	6.861429e-01	3.631386e+01	1497	fear	fear_12.png	
CEV	   1	  10	   1	   0	1.896125e+02	  56	   0	6.972857e-01	3.909186e+01	1419	fear	fear_17.png	
CEV	   1	  11	   1	   0	1.953172e+02	  42	  42	8.274286e-01	3.451771e+01	 508	fear	fear_15.png	
CEV	   1	  12	   1	   0	2.017023e+02	  52	  52	6.932857e-01	3.630671e+01	1447	fear	fear_14.png	
CEV	   1	  13	   1	   0	2.079618e+02	  47	  47	8.195714e-01	3.863914e+01	 563	fear	fear_5.png	
CEV	   1	  14	   1	   0	2.136973e+02	  47	  47	7.622857e-01	3.547543e+01	 964	fear	fear_7.png	
CEV	   1	  15	   1	   0	2.197201e+02	  45	  45	8.541429e-01	3.870829e+01	 321	fear	fear_16.png	
CEV	   1	  16	   1	   0	2.261534e+02	  41	  41	8.198571e-01	3.372057e+01	 561	fear	fear_18.png	
CEV	   1	  17	   1	   0	2.316992e+02	  53	  53	7.657143e-01	4.082857e+01	 940	fear	fear_13.png	
CEV	   1	  18	   1	   0	2.379764e+02	  49	  49	7.784286e-01	3.777843e+01	 851	fear	fear_20.png	
CEV	   1	  19	   1	   0	2.443579e+02	  47	  47	8.354286e-01	3.950629e+01	 452	fear	fear_19.png	
CEV	   1	  20	   1	   0	2.501917e+02	  47	  47	7.905714e-01	  37	 766	fear	fear_3.png	
CEV	   1	  21	   1	   0	2.572102e+02	  54	   0	7.380000e-01	3.995200e+01	1134	fear	fear_2.png	
CEV	   1	  22	   1	   0	2.639575e+02	  44	  44	8.457143e-01	  37	 380	fear	fear_3.png	
CEV	   1	  23	   1	   0	2.706156e+02	  42	  42	8.127143e-01	3.374914e+01	 611	fear	fear_12.png	
CEV	   1	  24	   1	   0	2.788400e+02	  76	  76	5.078571e-01	3.852357e+01	2745	fear	fear_15.png	
CEV	   1	  25	   1	   0	2.848828e+02	  60	  60	6.492857e-01	3.894786e+01	1755	fear	fear_18.png	
CEV	   1	  26	   1	   0	2.911813e+02	  54	  54	7.428571e-01	3.997143e+01	1100	fear	fear_20.png	
CEV	   1	  27	   1	   0	2.971642e+02	  44	  44	7.800000e-01	3.466000e+01	 840	fear	fear_14.png	
CEV	   1	  28	   1	   0	3.032511e+02	  49	  49	7.750000e-01	3.777500e+01	 875	fear	fear_1.png	
CEV	   1	  29	   1	   0	3.092277e+02	  46	   0	7.824286e-01	3.621757e+01	 823	fear	fear_7.png	
CEV	   1	  30	   1	   0	3.150927e+02	  46	  46	8.158571e-01	3.781586e+01	 589	fear	fear_13.png	
CEV	   1	  31	   1	   0	3.214248e+02	  49	  49	8.234286e-01	4.029371e+01	 536	fear	fear_6.png	
CEV	   1	  32	   1	   0	3.276191e+02	  51	  51	7.775714e-01	3.933271e+01	 857	fear	fear_19.png	
CEV	   1	  33	   1	   0	3.329307e+02	  45	  45	8.015714e-01	3.619843e+01	 689	fear	fear_10.png	
CEV	   1	  34	   1	   0	3.390425e+02	  40	  40	8.334286e-01	3.366629e+01	 466	fear	fear_2.png	
CEV	   1	  35	   1	   0	3.460658e+02	  68	   0	5.410000e-01	  37	2513	fear	fear_16.png	
CEV	   1	  36	   1	   0	3.524537e+02	  52	  52	7.777143e-01	4.011086e+01	 856	fear	fear_17.png	
CEV	   1	  37	   1	   0	3.595660e+02	  50	  50	7.477143e-01	3.774771e+01	1066	fear	fear_9.png	
CEV	   1	  38	   1	   0	3.663429e+02	  41	  41	8.091429e-01	3.295429e+01	 636	fear	fear_4.png	
CEV	   1	  39	   1	   0	3.726684e+02	  44	   0	7.924286e-01	3.462271e+01	 753	fear	fear_21.png	
CEV	   1	  40	   1	   0	3.788239e+02	  43	  43	8.150000e-01	3.537000e+01	 595	fear	fear_8.png	
CEV	   1	  41	   1	   0	3.856894e+02	  42	  42	8.140000e-01	3.455800e+01	 602	fear	fear_11.png	
CEV	   1	  42	   1	   0	3.938940e+02	  41	  41	8.531429e-01	3.529371e+01	 328	fear	fear_5.png	
DEV	   1	  43	   2	   0	4.678044e+02	  74	   0	7.423348e-01	5.464212e+01	 588	happy	happy_2.png	
DEV	   1	  44	   2	   0	4.744599e+02	  76	  76	5.670185e-01	4.334811e+01	1390	happy	happy_5.png	
DEV	   1	  45	   2	   0	4.806148e+02	  69	   0	7.440830e-01	5.100984e+01	 581	happy	happy_9.png	
DEV	   1	  46	   2	   0	4.875366e+02	  74	   0	5.419188e-01	4.015243e+01	1529	happy	happy_1.png	
DEV	   1	  47	   2	   0	4.938508e+02	  74	   0	6.678646e-01	4.927761e+01	 901	happy	happy_11.png	
DEV	   1	  48	   2	   0	5.020808e+02	  77	   0	4.132281e-01	3.162538e+01	2444	happy	happy_13.png	
DEV	   1	  49	   2	   0	5.082272e+02	  70	   0	6.611214e-01	4.625833e+01	 931	happy	happy_17.png	
DEV	   1	  50	   2	   0	5.140817e+02	  71	   0	5.681375e-01	4.057663e+01	1384	happy	happy_8.png	
DEV	   1	  51	   2	   0	5.207236e+02	  86	   0	3.466706e-01	2.966144e+01	3151	happy	happy_21.png	
DEV	   1	  52	   2	   0	5.283635e+02	  67	  67	7.635389e-01	5.110675e+01	 504	happy	happy_4.png	
DEV	   1	  53	   2	   0	5.335829e+02	  67	  67	8.068334e-01	5.442133e+01	 338	happy	happy_7.png	
DEV	   1	  54	   2	   0	5.395444e+02	  69	   0	7.946582e-01	5.473934e+01	 384	happy	happy_10.png	
DEV	   1	  55	   2	   0	5.468837e+02	  78	  78	4.037415e-01	3.141455e+01	2532	happy	happy_14.png	
DEV	   1	  56	   2	   0	5.543210e+02	  77	  77	4.019563e-01	3.089478e+01	2549	happy	happy_16.png	
DEV	   1	  57	   2	   0	5.611498e+02	  79	  79	6.344381e-01	4.992447e+01	1053	happy	happy_6.png	
DEV	   1	  58	   2	   0	5.675386e+02	  78	  78	5.182159e-01	4.026653e+01	1669	happy	happy_12.png	
DEV	   1	  59	   2	   0	5.743842e+02	  82	   0	5.047396e-01	4.141422e+01	1753	happy	happy_15.png	
DEV	   1	  60	   2	   0	5.807658e+02	  71	  71	7.405901e-01	5.233207e+01	 595	happy	happy_20.png	
DEV	   1	  61	   2	   0	5.871058e+02	  70	  70	7.758725e-01	5.394425e+01	 456	happy	happy_3.png	
DEV	   1	  62	   2	   0	5.939341e+02	  66	  66	8.253393e-01	5.427650e+01	 269	happy	happy_19.png	
DEV	   1	  63	   2	   0	6.008246e+02	  73	  73	5.960769e-01	4.333436e+01	1239	happy	happy_18.png	
DEV	   1	  64	   2	   0	6.077236e+02	  71	  71	7.230929e-01	5.148163e+01	 666	happy	happy_2.png	
DEV	   1	  65	   2	   0	6.130716e+02	  78	   0	6.557783e-01	5.122649e+01	 955	happy	happy_17.png	
DEV	   1	  66	   2	   0	6.193498e+02	  74	  74	6.421877e-01	4.783228e+01	1017	happy	happy_7.png	
DEV	   1	  67	   2	   0	6.259885e+02	  71	   0	7.059651e-01	4.991394e+01	 737	happy	happy_3.png	
DEV	   1	  68	   2	   0	6.342477e+02	  79	  79	4.239560e-01	3.358821e+01	2349	happy	happy_18.png	
DEV	   1	  69	   2	   0	6.398724e+02	  77	  77	6.662848e-01	5.118897e+01	 908	happy	happy_10.png	
DEV	   1	  70	   2	   0	6.466467e+02	  77	  77	4.163360e-01	3.224233e+01	2416	happy	happy_20.png	
DEV	   1	  71	   2	   0	6.535490e+02	  70	  70	6.562218e-01	4.600342e+01	 953	happy	happy_19.png	
DEV	   1	  72	   2	   0	6.603074e+02	  81	   0	5.337863e-01	4.339776e+01	1576	happy	happy_11.png	
DEV	   1	  73	   2	   0	6.668753e+02	  81	  81	4.190355e-01	3.409513e+01	2392	happy	happy_16.png	
DEV	   1	  74	   2	   0	6.736576e+02	  69	  69	7.265142e-01	5.019734e+01	 652	happy	happy_13.png	
DEV	   1	  75	   2	   0	6.802435e+02	  75	  75	7.338934e-01	5.494587e+01	 622	happy	happy_5.png	
DEV	   1	  76	   2	   0	6.878246e+02	  75	  75	4.251161e-01	3.196568e+01	2339	happy	happy_15.png	
DEV	   1	  77	   2	   0	6.939030e+02	  73	  73	7.366154e-01	5.361489e+01	 611	happy	happy_12.png	
DEV	   1	  78	   2	   0	7.004026e+02	  73	  73	7.272492e-01	5.314096e+01	 649	happy	happy_1.png	
DEV	   1	  79	   2	   0	7.082891e+02	  72	  72	7.216311e-01	5.213081e+01	 672	happy	happy_8.png	
DEV	   1	  80	   2	   0	7.154882e+02	  82	  82	4.341313e-01	3.557254e+01	2263	happy	happy_21.png	
DEV	   1	  81	   2	   0	7.233019e+02	  74	  74	7.425843e-01	5.465472e+01	 587	happy	happy_9.png	
DEV	   1	  82	   2	   0	7.292672e+02	  71	  71	7.373593e-01	5.217742e+01	 608	happy	happy_4.png	
DEV	   1	  83	   2	   0	7.363568e+02	  83	  83	4.146656e-01	3.462087e+01	2431	happy	happy_14.png	
DEV	   1	  84	   2	   0	7.427258e+02	  77	   0	6.910841e-01	5.330484e+01	 800	happy	happy_6.png	
IEV	   1	  85	   3	   0	8.126995e+02	  20	  20	8.856393e-01	1.767317e+01	 689	fear	fear_4.png	
IEV	   1	  86	   3	   0	8.181212e+02	  19	  19	8.849778e-01	1.689893e+01	 704	fear	fear_12.png	
IEV	   1	  87	   3	   0	8.246336e+02	  25	  25	8.613871e-01	2.121836e+01	1098	fear	fear_17.png	
IEV	   1	  88	   3	   0	8.316704e+02	  35	  35	8.205579e-01	2.838258e+01	1535	fear	fear_5.png	
IEV	   1	  89	   3	   0	8.387002e+02	  36	  36	7.997341e-01	2.879095e+01	1711	fear	fear_13.png	
IEV	   1	  90	   3	   0	8.452016e+02	  57	  57	6.851415e-01	3.933298e+01	2463	fear	fear_19.png	
IEV	   1	  91	   3	   0	8.513429e+02	  21	   0	8.769779e-01	1.816957e+01	 862	fear	fear_8.png	
IEV	   1	  92	   3	   0	8.581821e+02	  25	  25	8.825060e-01	2.171834e+01	 757	fear	fear_11.png	
IEV	   1	  93	   3	   0	8.649214e+02	  57	  57	6.737306e-01	3.873830e+01	2527	fear	fear_14.png	
IEV	   1	  94	   3	   0	8.712454e+02	  21	  21	8.621386e-01	1.853383e+01	1088	fear	fear_16.png	
IEV	   1	  95	   3	   0	8.775910e+02	  44	  44	7.428146e-01	3.296183e+01	2116	fear	fear_2.png	
IEV	   1	  96	   3	   0	8.856580e+02	  30	  30	8.450097e-01	2.577013e+01	1294	fear	fear_9.png	
IEV	   1	  97	   3	   0	8.932105e+02	  49	  49	6.994304e-01	3.416471e+01	2381	fear	fear_18.png	
IEV	   1	  98	   3	   0	8.992154e+02	  20	  20	8.719377e-01	1.716763e+01	 946	fear	fear_1.png	
IEV	   1	  99	   3	   0	9.067186e+02	  52	   0	6.867283e-01	3.579305e+01	2454	fear	fear_3.png	
IEV	   1	 100	   3	   0	9.132840e+02	  20	  20	8.822128e-01	1.735314e+01	 763	fear	fear_20.png	
IEV	   1	 101	   3	   0	9.197228e+02	  39	   0	8.004844e-01	3.112138e+01	1705	fear	fear_21.png	
IEV	   1	 102	   3	   0	9.255887e+02	  20	  20	8.810128e-01	1.754499e+01	 787	fear	fear_6.png	
IEV	   1	 103	   3	   0	9.322363e+02	  34	  34	7.936305e-01	2.698081e+01	1759	fear	fear_7.png	
IEV	   1	 104	   3	   0	9.417213e+02	  75	  75	5.867088e-01	4.405875e+01	2984	fear	fear_15.png	
IEV	   1	 105	   3	   0	9.482139e+02	  77	   0	5.779139e-01	4.454369e+01	3028	fear	fear_10.png	
IEV	   1	 106	   3	   0	9.560382e+02	  41	  41	7.468242e-01	3.039754e+01	2090	fear	fear_16.png	
IEV	   1	 107	   3	   0	9.635267e+02	  20	  20	8.749453e-01	1.759851e+01	 897	fear	fear_3.png	
IEV	   1	 108	   3	   0	9.701413e+02	  48	  48	7.161559e-01	3.431559e+01	2282	fear	fear_19.png	
IEV	   1	 109	   3	   0	9.776705e+02	  51	  51	6.808883e-01	3.484969e+01	2487	fear	fear_1.png	
IEV	   1	 110	   3	   0	9.846734e+02	  64	  64	6.480364e-01	4.171029e+01	2667	fear	fear_20.png	
IEV	   1	 111	   3	   0	9.924077e+02	  60	   0	6.764247e-01	4.058625e+01	2512	fear	fear_13.png	
IEV	   1	 112	   3	   0	1.000233e+03	  68	  68	6.160188e-01	4.176007e+01	2835	fear	fear_15.png	
IEV	   1	 113	   3	   0	1.006013e+03	  20	  20	8.679950e-01	1.773101e+01	1006	fear	fear_5.png	
IEV	   1	 114	   3	   0	1.012794e+03	  39	  39	8.028418e-01	3.170685e+01	1686	fear	fear_7.png	
IEV	   1	 115	   3	   0	1.020343e+03	  40	  40	7.708799e-01	3.061794e+01	1927	fear	fear_6.png	
IEV	   1	 116	   3	   0	1.027721e+03	  75	   0	5.807185e-01	4.380930e+01	3014	fear	fear_18.png	
IEV	   1	 117	   3	   0	1.036135e+03	  36	  36	8.051707e-01	2.907699e+01	1667	fear	fear_2.png	
IEV	   1	 118	   3	   0	1.042409e+03	  40	   0	7.612216e-01	3.068441e+01	1994	fear	fear_21.png	
IEV	   1	 119	   3	   0	1.049636e+03	  20	   0	8.612359e-01	1.693187e+01	1100	fear	fear_4.png	
IEV	   1	 120	   3	   0	1.055793e+03	  50	   0	7.356084e-01	3.647771e+01	2162	fear	fear_14.png	
IEV	   1	 121	   3	   0	1.063134e+03	  31	  31	7.983512e-01	2.492960e+01	1722	fear	fear_10.png	
IEV	   1	 122	   3	   0	1.071133e+03	  52	  52	6.879594e-01	3.570416e+01	2447	fear	fear_8.png	
IEV	   1	 123	   3	   0	1.077157e+03	  16	  16	8.859423e-01	1.407830e+01	 682	fear	fear_12.png	
IEV	   1	 124	   3	   0	1.084590e+03	  86	   0	5.216350e-01	4.483281e+01	3304	fear	fear_11.png	
IEV	   1	 125	   3	   0	1.090783e+03	  19	  19	8.886611e-01	1.715210e+01	 615	fear	fear_9.png	
IEV	   1	 126	   3	   0	1.098701e+03	  55	   0	6.930303e-01	3.810759e+01	2418	fear	fear_17.png	
CEVR	   1	 127	   4	   0	1.169009e+03	 153	   0	2.486082e-01	3.799443e+01	1091	scram	scram_11.png	
CEVR	   1	 128	   4	   0	1.176499e+03	 114	 114	3.290142e-01	3.765803e+01	2364	scram	scram_2.png	
CEVR	   1	 129	   4	   0	1.183545e+03	  96	   0	3.654063e-01	3.517297e+01	2756	scram	scram_4.png	
CEVR	   1	 130	   4	   0	1.189592e+03	 170	   0	2.178301e-01	  37	 355	scram	scram_9.png	
CEVR	   1	 131	   4	   0	1.196060e+03	 139	   0	2.739002e-01	3.809560e+01	1572	scram	scram_19.png	
CEVR	   1	 132	   4	   0	1.203505e+03	 109	   0	3.437749e-01	3.734377e+01	2533	scram	scram_5.png	
CEVR	   1	 133	   4	   0	1.210077e+03	 120	   0	3.167808e-01	3.795034e+01	2212	scram	scram_21.png	
CEVR	   1	 134	   4	   0	1.215622e+03	 167	   0	2.170997e-01	3.634870e+01	 335	scram	scram_3.png	
CEVR	   1	 135	   4	   0	1.221552e+03	 147	 147	2.588447e-01	3.803538e+01	1297	scram	scram_14.png	
CEVR	   1	 136	   4	   0	1.227867e+03	 144	 144	2.572507e-01	  37	1266	scram	scram_17.png	
CEVR	   1	 137	   4	   0	1.235284e+03	 137	   0	2.801211e-01	3.840061e+01	1677	scram	scram_12.png	
CEVR	   1	 138	   4	   0	1.241987e+03	 161	   0	2.294472e-01	  37	 656	scram	scram_20.png	
CEVR	   1	 139	   4	   0	1.249163e+03	 125	   0	2.873946e-01	3.585042e+01	1794	scram	scram_13.png	
CEVR	   1	 140	   4	   0	1.256375e+03	  88	  88	3.998148e-01	3.500093e+01	3061	scram	scram_8.png	
CEVR	   1	 141	   4	   0	1.262938e+03	 123	 123	3.016539e-01	3.700000e+01	2007	scram	scram_18.png	
CEVR	   1	 142	   4	   0	1.269845e+03	 148	   0	2.559794e-01	3.776794e+01	1241	scram	scram_10.png	
CEVR	   1	 143	   4	   0	1.276822e+03	 148	 148	2.538718e-01	3.750774e+01	1199	scram	scram_15.png	
CEVR	   1	 144	   4	   0	1.283273e+03	 149	   0	2.524366e-01	3.750487e+01	1170	scram	scram_16.png	
CEVR	   1	 145	   4	   0	1.290348e+03	 129	   0	2.974960e-01	3.848748e+01	1947	scram	scram_1.png	
CEVR	   1	 146	   4	   0	1.297093e+03	 150	   0	2.519946e-01	3.775598e+01	1161	scram	scram_7.png	
CEVR	   1	 147	   4	   0	1.303806e+03	 126	   0	2.906846e-01	3.670932e+01	1845	scram	scram_6.png	
CEVR	   1	 148	   4	   0	1.311247e+03	 157	 157	2.304270e-01	3.607829e+01	 680	scram	scram_16.png	
CEVR	   1	 149	   4	   0	1.318573e+03	 134	   0	2.702985e-01	3.618910e+01	1509	scram	scram_15.png	
CEVR	   1	 150	   4	   0	1.325579e+03	 156	   0	2.422372e-01	3.772671e+01	 954	scram	scram_8.png	
CEVR	   1	 151	   4	   0	1.331971e+03	 147	   0	2.451259e-01	3.601950e+01	1017	scram	scram_4.png	
CEVR	   1	 152	   4	   0	1.338214e+03	 147	   0	2.510663e-01	  37	1142	scram	scram_1.png	
CEVR	   1	 153	   4	   0	1.344509e+03	 164	   0	2.280733e-01	3.745615e+01	 622	scram	scram_5.png	
CEVR	   1	 154	   4	   0	1.351076e+03	 139	   0	2.620397e-01	3.647592e+01	1358	scram	scram_9.png	
CEVR	   1	 155	   4	   0	1.357983e+03	  94	   0	3.736295e-01	3.513185e+01	2834	scram	scram_10.png	
CEVR	   1	 156	   4	   0	1.363848e+03	 150	 150	2.423278e-01	3.627302e+01	 956	scram	scram_21.png	
CEVR	   1	 157	   4	   0	1.371217e+03	 142	 142	2.581738e-01	3.674183e+01	1284	scram	scram_18.png	
CEVR	   1	 158	   4	   0	1.377237e+03	 154	   0	2.401261e-01	  37	 907	scram	scram_11.png	
CEVR	   1	 159	   4	   0	1.383431e+03	 161	   0	2.370059e-01	3.818503e+01	 836	scram	scram_2.png	
CEVR	   1	 160	   4	   0	1.390151e+03	 129	   0	2.789746e-01	3.588410e+01	1658	scram	scram_7.png	
CEVR	   1	 161	   4	   0	1.396132e+03	 150	   0	2.431468e-01	3.651371e+01	 974	scram	scram_13.png	
CEVR	   1	 162	   4	   0	1.403512e+03	 106	   0	3.480247e-01	  37	2579	scram	scram_3.png	
CEVR	   1	 163	   4	   0	1.409604e+03	 161	   0	2.281938e-01	3.677181e+01	 625	scram	scram_14.png	
CEVR	   1	 164	   4	   0	1.416032e+03	 141	   0	2.579681e-01	3.648406e+01	1280	scram	scram_19.png	
CEVR	   1	 165	   4	   0	1.421346e+03	 169	   0	2.211030e-01	3.744221e+01	 443	scram	scram_17.png	
CEVR	   1	 166	   4	   0	1.429218e+03	  96	   0	3.929005e-01	3.778580e+01	3004	scram	scram_6.png	
CEVR	   1	 167	   4	   0	1.436185e+03	 116	 116	3.118228e-01	3.606453e+01	2147	scram	scram_20.png	
CEVR	   1	 168	   4	   0	1.443834e+03	 136	 136	2.831220e-01	3.841561e+01	1726	scram	scram_12.png	
CEV	   1	 169	   5	   0	1.522857e+03	  43	  43	7.657143e-01	3.317143e+01	 940	happy	happy_19.png	
CEV	   1	 170	   5	   0	1.530200e+03	  73	   0	5.401429e-01	3.916057e+01	2519	happy	happy_15.png	
CEV	   1	 171	   5	   0	1.536262e+03	  43	  43	8.022857e-01	3.459314e+01	 684	happy	happy_18.png	
CEV	   1	 172	   5	   0	1.542672e+03	  47	   0	7.801429e-01	  37	 839	happy	happy_13.png	
CEV	   1	 173	   5	   0	1.549799e+03	  68	   0	5.204286e-01	3.543871e+01	2657	happy	happy_8.png	
CEV	   1	 174	   5	   0	1.557108e+03	  48	  48	7.945714e-01	3.779457e+01	 738	happy	happy_11.png	
CEV	   1	 175	   5	   0	1.563027e+03	  48	  48	7.211429e-01	3.483657e+01	1252	happy	happy_12.png	
CEV	   1	 176	   5	   0	1.569815e+03	  51	  51	7.297143e-01	  37	1192	happy	happy_7.png	
CEV	   1	 177	   5	   0	1.576622e+03	  54	  54	6.972857e-01	3.769729e+01	1419	happy	happy_3.png	
CEV	   1	 178	   5	   0	1.584035e+03	  63	   0	5.792857e-01	3.642071e+01	2245	happy	happy_20.png	
CEV	   1	 179	   5	   0	1.590110e+03	  43	  43	8.211429e-01	3.535771e+01	 552	happy	happy_9.png	
CEV	   1	 180	   5	   0	1.596661e+03	  49	  49	7.658571e-01	3.776586e+01	 939	happy	happy_17.png	
CEV	   1	 181	   5	   0	1.602947e+03	  56	   0	7.037143e-01	3.911114e+01	1374	happy	happy_6.png	
CEV	   1	 182	   5	   0	1.608783e+03	  52	  52	7.407143e-01	3.848143e+01	1115	happy	happy_2.png	
CEV	   1	 183	   5	   0	1.616432e+03	  57	  57	6.571429e-01	3.765714e+01	1700	happy	happy_4.png	
CEV	   1	 184	   5	   0	1.623618e+03	  57	   0	6.984286e-01	3.979371e+01	1411	happy	happy_5.png	
CEV	   1	 185	   5	   0	1.630115e+03	  52	  52	7.565714e-01	3.926971e+01	1004	happy	happy_1.png	
CEV	   1	 186	   5	   0	1.636356e+03	  55	  55	6.818571e-01	3.768186e+01	1527	happy	happy_14.png	
CEV	   1	 187	   5	   0	1.643029e+03	  51	  51	7.068571e-01	3.629314e+01	1352	happy	happy_16.png	
CEV	   1	 188	   5	   0	1.650125e+03	  75	  75	4.720000e-01	3.558400e+01	2996	happy	happy_10.png	
CEV	   1	 189	   5	   0	1.656599e+03	  48	  48	7.610000e-01	3.623900e+01	 973	happy	happy_21.png	
CEV	   1	 190	   5	   0	1.664157e+03	  78	  78	4.821429e-01	3.748214e+01	2925	happy	happy_9.png	
CEV	   1	 191	   5	   0	1.671643e+03	  80	   0	4.761429e-01	3.795229e+01	2967	happy	happy_7.png	
CEV	   1	 192	   5	   0	1.677204e+03	  50	  50	7.605714e-01	3.776057e+01	 976	happy	happy_18.png	
CEV	   1	 193	   5	   0	1.683867e+03	  44	  44	7.640000e-01	3.394400e+01	 952	happy	happy_15.png	
CEV	   1	 194	   5	   0	1.689546e+03	  47	  47	7.905714e-01	  37	 766	happy	happy_17.png	
CEV	   1	 195	   5	   0	1.696651e+03	  59	   0	6.130000e-01	3.638700e+01	2009	happy	happy_3.png	
CEV	   1	 196	   5	   0	1.703359e+03	  81	   0	4.685714e-01	3.793714e+01	3020	happy	happy_5.png	
CEV	   1	 197	   5	   0	1.709889e+03	  49	  49	7.492857e-01	  37	1055	happy	happy_2.png	
CEV	   1	 198	   5	   0	1.716103e+03	  48	  48	7.184286e-01	3.412629e+01	1271	happy	happy_13.png	
CEV	   1	 199	   5	   0	1.722447e+03	  53	  53	7.395714e-01	3.921871e+01	1123	happy	happy_12.png	
CEV	   1	 200	   5	   0	1.728769e+03	  47	  47	7.214286e-01	3.411429e+01	1250	happy	happy_11.png	
CEV	   1	 201	   5	   0	1.735809e+03	  47	  47	7.407143e-01	3.477786e+01	1115	happy	happy_4.png	
CEV	   1	 202	   5	   0	1.743348e+03	  53	  53	6.817143e-01	3.631829e+01	1528	happy	happy_19.png	
CEV	   1	 203	   5	   0	1.749844e+03	  49	   0	7.595714e-01	  37	 983	happy	happy_6.png	
CEV	   1	 204	   5	   0	1.756773e+03	  51	   0	7.202857e-01	  37	1258	happy	happy_16.png	
CEV	   1	 205	   5	   0	1.763859e+03	  60	   0	6.278571e-01	3.762786e+01	1905	happy	happy_21.png	
CEV	   1	 206	   5	   0	1.770642e+03	  48	  48	7.300000e-01	3.481000e+01	1190	happy	happy_8.png	
CEV	   1	 207	   5	   0	1.777343e+03	  77	   0	4.685714e-01	3.606286e+01	3020	happy	happy_10.png	
CEV	   1	 208	   5	   0	1.783389e+03	  50	  50	7.730000e-01	3.854600e+01	 889	happy	happy_1.png	
CEV	   1	 209	   5	   0	1.789481e+03	  53	  53	6.745714e-01	3.565086e+01	1578	happy	happy_20.png	
CEV	   1	 210	   5	   0	1.796472e+03	  57	   0	6.711429e-01	3.834229e+01	1602	happy	happy_14.png	
IEV	   1	 211	   6	   0	1.867795e+03	  29	  29	8.214455e-01	2.418584e+01	1527	scram	scram_1.png	
IEV	   1	 212	   6	   0	1.874095e+03	  25	  25	8.685373e-01	2.199737e+01	 998	scram	scram_2.png	
IEV	   1	 213	   6	   0	1.880858e+03	  42	  42	7.607815e-01	3.224358e+01	1997	scram	scram_20.png	
IEV	   1	 214	   6	   0	1.886827e+03	  30	  30	8.550002e-01	2.545094e+01	1179	scram	scram_19.png	
IEV	   1	 215	   6	   0	1.893283e+03	  35	  35	7.973395e-01	2.821901e+01	1730	scram	scram_21.png	
IEV	   1	 216	   6	   0	1.900916e+03	  54	   0	6.874322e-01	3.711713e+01	2450	scram	scram_16.png	
IEV	   1	 217	   6	   0	1.908640e+03	  41	   0	7.519972e-01	3.071105e+01	2056	scram	scram_11.png	
IEV	   1	 218	   6	   0	1.914743e+03	  21	  21	8.781515e-01	1.886911e+01	 841	scram	scram_10.png	
IEV	   1	 219	   6	   0	1.921098e+03	  21	  21	8.648484e-01	1.816704e+01	1051	scram	scram_9.png	
IEV	   1	 220	   6	   0	1.927308e+03	  38	  38	7.822507e-01	2.961209e+01	1845	scram	scram_3.png	
IEV	   1	 221	   6	   0	1.934964e+03	  79	   0	5.581296e-01	4.392774e+01	3126	scram	scram_13.png	
IEV	   1	 222	   6	   0	1.941659e+03	  23	  23	8.527520e-01	1.975028e+01	1206	scram	scram_15.png	
IEV	   1	 223	   6	   0	1.949025e+03	  22	   0	8.571887e-01	1.918507e+01	1152	scram	scram_17.png	
IEV	   1	 224	   6	   0	1.955017e+03	  34	  34	7.912956e-01	2.720294e+01	1777	scram	scram_8.png	
IEV	   1	 225	   6	   0	1.962415e+03	  34	  34	7.880113e-01	2.672449e+01	1802	scram	scram_5.png	
IEV	   1	 226	   6	   0	1.968562e+03	  20	  20	8.633240e-01	1.751100e+01	1072	scram	scram_7.png	
IEV	   1	 227	   6	   0	1.975332e+03	  37	  37	7.980988e-01	2.974319e+01	1724	scram	scram_4.png	
IEV	   1	 228	   6	   0	1.982515e+03	  45	  45	7.357665e-01	3.278704e+01	2161	scram	scram_6.png	
IEV	   1	 229	   6	   0	1.989696e+03	  73	   0	5.960366e-01	4.353451e+01	2937	scram	scram_18.png	
IEV	   1	 230	   6	   0	1.996400e+03	  27	   0	8.508760e-01	2.338799e+01	1228	scram	scram_14.png	
IEV	   1	 231	   6	   0	2.003439e+03	  35	  35	7.802082e-01	2.745478e+01	1860	scram	scram_12.png	
IEV	   1	 232	   6	   0	2.011088e+03	  32	  32	8.021004e-01	2.535788e+01	1692	scram	scram_15.png	
IEV	   1	 233	   6	   0	2.018960e+03	  52	  52	7.054109e-01	3.653374e+01	2346	scram	scram_19.png	
IEV	   1	 234	   6	   0	2.025992e+03	  24	  24	8.644165e-01	2.081927e+01	1057	scram	scram_5.png	
IEV	   1	 235	   6	   0	2.032946e+03	  34	  34	8.252678e-01	2.790347e+01	1492	scram	scram_6.png	
IEV	   1	 236	   6	   0	2.040577e+03	  54	  54	6.963267e-01	3.787886e+01	2399	scram	scram_21.png	
IEV	   1	 237	   6	   0	2.047340e+03	  42	   0	7.724342e-01	3.279981e+01	1916	scram	scram_11.png	
IEV	   1	 238	   6	   0	2.053703e+03	  43	  43	7.393859e-01	3.175725e+01	2138	scram	scram_20.png	
IEV	   1	 239	   6	   0	2.060792e+03	  22	  22	8.800840e-01	1.945165e+01	 805	scram	scram_16.png	
IEV	   1	 240	   6	   0	2.067233e+03	  28	  28	8.625113e-01	2.452141e+01	1083	scram	scram_10.png	
IEV	   1	 241	   6	   0	2.073919e+03	  27	  27	8.357391e-01	2.262053e+01	1391	scram	scram_1.png	
IEV	   1	 242	   6	   0	2.080485e+03	  36	  36	8.186546e-01	2.939202e+01	1552	scram	scram_12.png	
IEV	   1	 243	   6	   0	2.087511e+03	  30	  30	8.315888e-01	2.474895e+01	1432	scram	scram_14.png	
IEV	   1	 244	   6	   0	2.094169e+03	  40	  40	7.696015e-01	3.072885e+01	1936	scram	scram_4.png	
IEV	   1	 245	   6	   0	2.101465e+03	  73	   0	5.896934e-01	4.330243e+01	2969	scram	scram_7.png	
IEV	   1	 246	   6	   0	2.108563e+03	  23	   0	8.694741e-01	2.013042e+01	 984	scram	scram_8.png	
IEV	   1	 247	   6	   0	2.115338e+03	  32	  32	7.975929e-01	2.580222e+01	1728	scram	scram_9.png	
IEV	   1	 248	   6	   0	2.121581e+03	  18	  18	8.764069e-01	1.562639e+01	 872	scram	scram_13.png	
IEV	   1	 249	   6	   0	2.127345e+03	  34	  34	7.994834e-01	2.721568e+01	1713	scram	scram_2.png	
IEV	   1	 250	   6	   0	2.134114e+03	  31	  31	8.184292e-01	2.532214e+01	1554	scram	scram_18.png	
IEV	   1	 251	   6	   0	2.140873e+03	  23	  23	8.739233e-01	2.037164e+01	 914	scram	scram_17.png	
IEV	   1	 252	   6	   0	2.147229e+03	  32	   0	8.406142e-01	2.710526e+01	1341	scram	scram_3.png	
#25-Apr-2013
CEVR	   2	 253	   7	   0	3.232695e+01	 143	   0	2.619337e-01	3.752387e+01	1356	happy	happy_5.png	
CEVR	   2	 254	   7	   0	3.896850e+01	 114	 114	3.229426e-01	3.667706e+01	2290	happy	happy_3.png	
CEVR	   2	 255	   7	   0	4.629397e+01	 126	   0	2.884187e-01	3.642316e+01	1810	happy	happy_10.png	
CEVR	   2	 256	   7	   0	5.252455e+01	 159	 159	2.298953e-01	3.654021e+01	 667	happy	happy_1.png	
CEVR	   2	 257	   7	   0	5.950025e+01	 161	   0	2.335437e-01	3.770063e+01	 755	happy	happy_9.png	
CEVR	   2	 258	   7	   0	6.609290e+01	 149	   0	2.543705e-01	3.801748e+01	1209	happy	happy_7.png	
CEVR	   2	 259	   7	   0	7.196977e+01	 155	   0	2.429644e-01	3.772889e+01	 970	happy	happy_14.png	
CEVR	   2	 260	   7	   0	7.947774e+01	  97	   0	3.937367e-01	3.818121e+01	3011	happy	happy_17.png	
CEVR	   2	 261	   7	   0	8.632103e+01	 148	 148	2.489906e-01	3.675101e+01	1099	happy	happy_6.png	
CEVR	   2	 262	   7	   0	9.272340e+01	 149	   0	2.539714e-01	3.776191e+01	1201	happy	happy_16.png	
CEVR	   2	 263	   7	   0	9.942471e+01	 120	   0	3.023582e-01	3.639528e+01	2017	happy	happy_11.png	
CEVR	   2	 264	   7	   0	1.059362e+02	 149	   0	2.458705e-01	3.675413e+01	1033	happy	happy_19.png	
CEVR	   2	 265	   7	   0	1.125364e+02	 143	 143	2.648803e-01	3.779464e+01	1411	happy	happy_13.png	
CEVR	   2	 266	   7	   0	1.190180e+02	 151	   0	2.518965e-01	3.800759e+01	1159	happy	happy_4.png	
CEVR	   2	 267	   7	   0	1.249723e+02	 154	   0	2.407063e-01	  37	 920	happy	happy_12.png	
CEVR	   2	 268	   7	   0	1.326179e+02	 103	 103	3.614290e-01	3.736143e+01	2717	happy	happy_21.png	
CEVR	   2	 269	   7	   0	1.390783e+02	 135	   0	2.683938e-01	3.619482e+01	1475	happy	happy_18.png	
CEVR	   2	 270	   7	   0	1.463843e+02	 151	   0	2.481318e-01	3.749626e+01	1081	happy	happy_8.png	
CEVR	   2	 271	   7	   0	1.536231e+02	 148	   0	2.549213e-01	3.776476e+01	1220	happy	happy_2.png	
CEVR	   2	 272	   7	   0	1.604071e+02	 119	 119	3.114478e-01	  37	2142	happy	happy_15.png	
CEVR	   2	 273	   7	   0	1.668447e+02	 135	 135	2.661871e-01	3.593525e+01	1435	happy	happy_20.png	
CEVR	   2	 274	   7	   0	1.748652e+02	 112	   0	3.369763e-01	3.767395e+01	2457	happy	happy_15.png	
CEVR	   2	 275	   7	   0	1.827179e+02	 144	   0	2.525351e-01	3.624239e+01	1172	happy	happy_4.png	
CEVR	   2	 276	   7	   0	1.894156e+02	  90	  90	3.925432e-01	3.542983e+01	3001	happy	happy_18.png	
CEVR	   2	 277	   7	   0	1.957540e+02	 159	   0	2.391505e-01	3.795660e+01	 885	happy	happy_12.png	
CEVR	   2	 278	   7	   0	2.015662e+02	 160	   0	2.367459e-01	3.794698e+01	 830	happy	happy_5.png	
CEVR	   2	 279	   7	   0	2.083106e+02	 121	   0	3.077471e-01	3.730775e+01	2092	happy	happy_3.png	
CEVR	   2	 280	   7	   0	2.155913e+02	 135	   0	2.824427e-01	3.812977e+01	1715	happy	happy_11.png	
CEVR	   2	 281	   7	   0	2.225430e+02	 122	   0	2.922591e-01	3.553870e+01	1869	happy	happy_2.png	
CEVR	   2	 282	   7	   0	2.304867e+02	  98	   0	3.811065e-01	3.738111e+01	2902	happy	happy_19.png	
CEVR	   2	 283	   7	   0	2.363662e+02	 153	   0	2.417398e-01	3.700000e+01	 943	happy	happy_1.png	
CEVR	   2	 284	   7	   0	2.427760e+02	 137	 137	2.771239e-01	3.783137e+01	1627	happy	happy_6.png	
CEVR	   2	 285	   7	   0	2.498054e+02	 122	   0	3.025701e-01	3.700000e+01	2020	happy	happy_20.png	
CEVR	   2	 286	   7	   0	2.560448e+02	 140	   0	2.671205e-01	3.726712e+01	1452	happy	happy_17.png	
CEVR	   2	 287	   7	   0	2.628499e+02	 126	   0	2.985935e-01	3.759719e+01	1963	happy	happy_14.png	
CEVR	   2	 288	   7	   0	2.689707e+02	 147	   0	2.468077e-01	3.625958e+01	1053	happy	happy_13.png	
CEVR	   2	 289	   7	   0	2.762479e+02	 109	   0	3.284301e-01	3.568628e+01	2357	happy	happy_7.png	
CEVR	   2	 290	   7	   0	2.839938e+02	 100	   0	3.789874e-01	3.775797e+01	2883	happy	happy_8.png	
CEVR	   2	 291	   7	   0	2.906849e+02	 140	   0	2.725742e-01	3.809030e+01	1549	happy	happy_10.png	
CEVR	   2	 292	   7	   0	2.978402e+02	 151	   0	2.497108e-01	3.774913e+01	1114	happy	happy_9.png	
CEVR	   2	 293	   7	   0	3.041138e+02	 117	   0	3.275164e-01	3.831007e+01	2346	happy	happy_16.png	
CEVR	   2	 294	   7	   0	3.106349e+02	 141	 141	2.527816e-01	3.573609e+01	1177	happy	happy_21.png	
DEV	   2	 295	   8	   0	3.814944e+02	  82	  82	5.195283e-01	4.242905e+01	1661	scram	scram_17.png	
DEV	   2	 296	   8	   0	3.885258e+02	  85	  85	3.571989e-01	3.044343e+01	3025	scram	scram_12.png	
DEV	   2	 297	   8	   0	3.957884e+02	  78	   0	5.540012e-01	4.309202e+01	1461	scram	scram_21.png	
DEV	   2	 298	   8	   0	4.036570e+02	  78	   0	3.186362e-01	2.499468e+01	3506	scram	scram_10.png	
DEV	   2	 299	   8	   0	4.102501e+02	  73	  73	6.575542e-01	4.804559e+01	 947	scram	scram_14.png	
DEV	   2	 300	   8	   0	4.176978e+02	  76	  76	5.899586e-01	4.475301e+01	1270	scram	scram_1.png	
DEV	   2	 301	   8	   0	4.243018e+02	  72	  72	6.020729e-01	4.307431e+01	1209	scram	scram_4.png	
DEV	   2	 302	   8	   0	4.319250e+02	  77	  77	4.114719e-01	3.151186e+01	2460	scram	scram_19.png	
DEV	   2	 303	   8	   0	4.387397e+02	  70	  70	6.376544e-01	4.438387e+01	1038	scram	scram_11.png	
DEV	   2	 304	   8	   0	4.451814e+02	  76	   0	5.195283e-01	3.931188e+01	1661	scram	scram_5.png	
DEV	   2	 305	   8	   0	4.526117e+02	  80	   0	4.882143e-01	3.929223e+01	1861	scram	scram_9.png	
DEV	   2	 306	   8	   0	4.590018e+02	  74	  74	6.577766e-01	4.871561e+01	 946	scram	scram_13.png	
DEV	   2	 307	   8	   0	4.657674e+02	  75	   0	4.502740e-01	3.399319e+01	2134	scram	scram_20.png	
DEV	   2	 308	   8	   0	4.728181e+02	  79	   0	6.205031e-01	4.905723e+01	1119	scram	scram_6.png	
DEV	   2	 309	   8	   0	4.797251e+02	  76	  76	4.946872e-01	3.775067e+01	1818	scram	scram_3.png	
DEV	   2	 310	   8	   0	4.861839e+02	  78	   0	5.457867e-01	4.256803e+01	1507	scram	scram_18.png	
DEV	   2	 311	   8	   0	4.928241e+02	  80	  80	3.882907e-01	3.116737e+01	2684	scram	scram_2.png	
DEV	   2	 312	   8	   0	4.986100e+02	  78	  78	6.544496e-01	5.114638e+01	 961	scram	scram_16.png	
DEV	   2	 313	   8	   0	5.066376e+02	  76	  76	4.402597e-01	3.335821e+01	2213	scram	scram_15.png	
DEV	   2	 314	   8	   0	5.134595e+02	  77	   0	4.203978e-01	3.250803e+01	2380	scram	scram_7.png	
DEV	   2	 315	   8	   0	5.195179e+02	  77	  77	5.899586e-01	4.534297e+01	1270	scram	scram_8.png	
DEV	   2	 316	   8	   0	5.261892e+02	  79	   0	6.180075e-01	4.890057e+01	1131	scram	scram_6.png	
DEV	   2	 317	   8	   0	5.332538e+02	  78	  78	5.864422e-01	4.571249e+01	1288	scram	scram_5.png	
DEV	   2	 318	   8	   0	5.398845e+02	  81	   0	5.283509e-01	4.302962e+01	1608	scram	scram_18.png	
DEV	   2	 319	   8	   0	5.462970e+02	  85	   0	4.260484e-01	3.628504e+01	2331	scram	scram_2.png	
DEV	   2	 320	   8	   0	5.538721e+02	  86	   0	3.346023e-01	2.875672e+01	3301	scram	scram_14.png	
DEV	   2	 321	   8	   0	5.597535e+02	  70	  70	6.997872e-01	4.890284e+01	 763	scram	scram_7.png	
DEV	   2	 322	   8	   0	5.665957e+02	  73	  73	5.590856e-01	4.061916e+01	1433	scram	scram_12.png	
DEV	   2	 323	   8	   0	5.727183e+02	  80	  80	5.992655e-01	4.771138e+01	1223	scram	scram_1.png	
DEV	   2	 324	   8	   0	5.791063e+02	  75	  75	5.368798e-01	4.038536e+01	1558	scram	scram_15.png	
DEV	   2	 325	   8	   0	5.854929e+02	  77	   0	5.370525e-01	4.147007e+01	1557	scram	scram_21.png	
DEV	   2	 326	   8	   0	5.927164e+02	  75	   0	4.146656e-01	3.130355e+01	2431	scram	scram_19.png	
DEV	   2	 327	   8	   0	5.995777e+02	  79	   0	5.146330e-01	4.055033e+01	1691	scram	scram_8.png	
DEV	   2	 328	   8	   0	6.070423e+02	  74	  74	5.901547e-01	4.358458e+01	1269	scram	scram_17.png	
DEV	   2	 329	   8	   0	6.148710e+02	  73	  73	5.341288e-01	3.914788e+01	1574	scram	scram_4.png	
DEV	   2	 330	   8	   0	6.215657e+02	  77	  77	6.171782e-01	4.761406e+01	1135	scram	scram_20.png	
DEV	   2	 331	   8	   0	6.287020e+02	  83	  83	4.865808e-01	4.015479e+01	1872	scram	scram_10.png	
DEV	   2	 332	   8	   0	6.352055e+02	  83	   0	5.045825e-01	4.190797e+01	1754	scram	scram_3.png	
DEV	   2	 333	   8	   0	6.417065e+02	  77	   0	6.073291e-01	4.701105e+01	1183	scram	scram_16.png	
DEV	   2	 334	   8	   0	6.491701e+02	  74	  74	5.889791e-01	4.351568e+01	1275	scram	scram_9.png	
DEV	   2	 335	   8	   0	6.556486e+02	  74	   0	6.744502e-01	4.964024e+01	 872	scram	scram_11.png	
DEV	   2	 336	   8	   0	6.629491e+02	  80	  80	5.317384e-01	4.272749e+01	1588	scram	scram_13.png	
CEVR	   2	 337	   9	   0	7.469457e+02	 152	   0	2.386217e-01	3.628413e+01	 873	fear	fear_5.png	
CEVR	   2	 338	   9	   0	7.542343e+02	 114	   0	3.131802e-01	3.574728e+01	2165	fear	fear_4.png	
CEVR	   2	 339	   9	   0	7.609999e+02	 147	 147	2.477047e-01	3.650459e+01	1072	fear	fear_14.png	
CEVR	   2	 340	   9	   0	7.684790e+02	 119	   0	3.036342e-01	3.608910e+01	2035	fear	fear_20.png	
CEVR	   2	 341	   9	   0	7.751504e+02	 162	   0	2.310025e-01	3.746200e+01	 694	fear	fear_10.png	
CEVR	   2	 342	   9	   0	7.817688e+02	 139	 139	2.741901e-01	3.809676e+01	1577	fear	fear_8.png	
CEVR	   2	 343	   9	   0	7.888649e+02	 145	   0	2.590000e-01	3.751800e+01	1300	fear	fear_9.png	
CEVR	   2	 344	   9	   0	7.946815e+02	 154	 154	2.416045e-01	3.724160e+01	 940	fear	fear_17.png	
CEVR	   2	 345	   9	   0	8.011216e+02	 146	   0	2.555753e-01	3.725558e+01	1233	fear	fear_11.png	
CEVR	   2	 346	   9	   0	8.077620e+02	 152	 152	2.375275e-01	3.604989e+01	 848	fear	fear_6.png	
CEVR	   2	 347	   9	   0	8.148427e+02	 157	 157	2.415594e-01	3.796624e+01	 939	fear	fear_13.png	
CEVR	   2	 348	   9	   0	8.216412e+02	 145	 145	2.506290e-01	3.624811e+01	1133	fear	fear_1.png	
CEVR	   2	 349	   9	   0	8.292195e+02	 107	 107	3.437749e-01	3.665623e+01	2533	fear	fear_15.png	
CEVR	   2	 350	   9	   0	8.353497e+02	 154	 154	2.461977e-01	3.798479e+01	1040	fear	fear_2.png	
CEVR	   2	 351	   9	   0	8.415823e+02	 135	   0	2.653145e-01	3.593874e+01	1419	fear	fear_16.png	
CEVR	   2	 352	   9	   0	8.478449e+02	 151	 151	2.444319e-01	  37	1002	fear	fear_12.png	
CEVR	   2	 353	   9	   0	8.548933e+02	  98	  98	3.963881e-01	3.898194e+01	3033	fear	fear_19.png	
CEVR	   2	 354	   9	   0	8.610717e+02	 140	 140	2.609309e-01	3.647814e+01	1337	fear	fear_3.png	
CEVR	   2	 355	   9	   0	8.681393e+02	 131	 131	2.787344e-01	3.644253e+01	1654	fear	fear_18.png	
CEVR	   2	 356	   9	   0	8.753168e+02	 122	   0	3.025701e-01	3.700000e+01	2020	fear	fear_7.png	
CEVR	   2	 357	   9	   0	8.822612e+02	 146	 146	2.558277e-01	3.725583e+01	1238	fear	fear_21.png	
CEVR	   2	 358	   9	   0	8.889649e+02	 142	   0	2.528309e-01	3.598868e+01	1178	fear	fear_14.png	
CEVR	   2	 359	   9	   0	8.958620e+02	 151	   0	2.522400e-01	3.800896e+01	1166	fear	fear_4.png	
CEVR	   2	 360	   9	   0	9.020798e+02	 146	   0	2.461041e-01	3.601558e+01	1038	fear	fear_9.png	
CEVR	   2	 361	   9	   0	9.095019e+02	 115	 115	3.162393e-01	3.636752e+01	2205	fear	fear_7.png	
CEVR	   2	 362	   9	   0	9.157363e+02	 153	 153	2.449868e-01	3.748997e+01	1014	fear	fear_12.png	
CEVR	   2	 363	   9	   0	9.224540e+02	 142	   0	2.514563e-01	3.574272e+01	1150	fear	fear_19.png	
CEVR	   2	 364	   9	   0	9.288591e+02	 150	   0	2.487037e-01	3.724870e+01	1093	fear	fear_17.png	
CEVR	   2	 365	   9	   0	9.362385e+02	 122	   0	3.077471e-01	3.761549e+01	2092	fear	fear_20.png	
CEVR	   2	 366	   9	   0	9.427348e+02	 139	   0	2.717163e-01	3.781515e+01	1534	fear	fear_3.png	
CEVR	   2	 367	   9	   0	9.487278e+02	 155	   0	2.422825e-01	3.748457e+01	 955	fear	fear_1.png	
CEVR	   2	 368	   9	   0	9.559551e+02	 117	 117	3.148553e-01	3.668514e+01	2187	fear	fear_13.png	
CEVR	   2	 369	   9	   0	9.622286e+02	 147	   0	2.577627e-01	3.777329e+01	1276	fear	fear_18.png	
CEVR	   2	 370	   9	   0	9.696779e+02	 133	   0	2.793959e-01	3.727940e+01	1665	fear	fear_6.png	
CEVR	   2	 371	   9	   0	9.762783e+02	 142	 142	2.527322e-01	3.598907e+01	1176	fear	fear_8.png	
CEVR	   2	 372	   9	   0	9.831921e+02	 149	   0	2.486082e-01	3.700000e+01	1091	fear	fear_11.png	
CEVR	   2	 373	   9	   0	9.903197e+02	 143	   0	2.657501e-01	3.806300e+01	1427	fear	fear_5.png	
CEVR	   2	 374	   9	   0	9.959278e+02	 143	 143	2.633184e-01	3.752664e+01	1382	fear	fear_21.png	
CEVR	   2	 375	   9	   0	1.003242e+03	 131	 131	2.736108e-01	3.590556e+01	1567	fear	fear_15.png	
CEVR	   2	 376	   9	   0	1.010891e+03	 137	   0	2.764141e-01	3.782924e+01	1615	fear	fear_2.png	
CEVR	   2	 377	   9	   0	1.016808e+03	 155	 155	2.416496e-01	3.748330e+01	 941	fear	fear_16.png	
CEVR	   2	 378	   9	   0	1.022989e+03	 145	 145	2.591036e-01	3.751821e+01	1302	fear	fear_10.png	
IEV	   2	 379	  10	   0	1.092452e+03	  26	  26	8.322047e-01	2.135290e+01	1426	happy	happy_16.png	
IEV	   2	 380	  10	   0	1.099197e+03	  43	  43	7.418827e-01	3.155283e+01	2122	happy	happy_12.png	
IEV	   2	 381	  10	   0	1.106738e+03	  39	  39	7.849475e-01	3.093810e+01	1825	happy	happy_15.png	
IEV	   2	 382	  10	   0	1.112428e+03	  27	  27	8.600141e-01	2.311625e+01	1116	happy	happy_3.png	
IEV	   2	 383	  10	   0	1.119116e+03	  30	   0	8.408049e-01	2.540264e+01	1339	happy	happy_14.png	
IEV	   2	 384	  10	   0	1.126556e+03	  34	  34	8.303480e-01	2.820516e+01	1444	happy	happy_4.png	
IEV	   2	 385	  10	   0	1.134622e+03	  58	  58	6.624714e-01	3.815943e+01	2589	happy	happy_17.png	
IEV	   2	 386	  10	   0	1.141424e+03	  38	  38	7.935014e-01	3.016714e+01	1760	happy	happy_7.png	
IEV	   2	 387	  10	   0	1.148246e+03	  36	  36	8.139686e-01	2.903646e+01	1593	happy	happy_18.png	
IEV	   2	 388	  10	   0	1.154530e+03	  22	  22	8.611601e-01	1.866442e+01	1101	happy	happy_13.png	
IEV	   2	 389	  10	   0	1.160215e+03	  28	  28	8.612359e-01	2.382175e+01	1100	happy	happy_20.png	
IEV	   2	 390	  10	   0	1.166100e+03	  29	  29	8.278314e-01	2.432697e+01	1468	happy	happy_6.png	
IEV	   2	 391	  10	   0	1.172740e+03	  21	  21	8.666863e-01	1.791374e+01	1025	happy	happy_5.png	
IEV	   2	 392	  10	   0	1.180178e+03	  67	  67	6.210504e-01	4.145554e+01	2809	happy	happy_2.png	
IEV	   2	 393	  10	   0	1.187511e+03	  36	  36	8.145473e-01	2.897976e+01	1588	happy	happy_19.png	
IEV	   2	 394	  10	   0	1.193710e+03	  48	  48	7.111503e-01	3.398308e+01	2312	happy	happy_11.png	
IEV	   2	 395	  10	   0	1.200480e+03	  30	  30	8.274074e-01	2.520015e+01	1472	happy	happy_9.png	
IEV	   2	 396	  10	   0	1.206308e+03	  22	  22	8.690745e-01	1.931688e+01	 990	happy	happy_1.png	
IEV	   2	 397	  10	   0	1.212295e+03	  24	  24	8.424129e-01	2.016689e+01	1322	happy	happy_8.png	
IEV	   2	 398	  10	   0	1.218489e+03	  34	  34	7.963229e-01	2.672249e+01	1738	happy	happy_10.png	
IEV	   2	 399	  10	   0	1.226890e+03	  69	  69	6.369296e-01	4.365780e+01	2726	happy	happy_21.png	
IEV	   2	 400	  10	   0	1.234145e+03	  26	  26	8.659859e-01	2.234065e+01	1035	happy	happy_1.png	
IEV	   2	 401	  10	   0	1.241359e+03	  46	  46	7.290668e-01	3.331761e+01	2203	happy	happy_11.png	
IEV	   2	 402	  10	   0	1.248360e+03	  47	   0	7.054109e-01	3.300669e+01	2346	happy	happy_3.png	
IEV	   2	 403	  10	   0	1.255472e+03	  61	  61	6.337007e-01	3.877447e+01	2743	happy	happy_16.png	
IEV	   2	 404	  10	   0	1.262308e+03	  24	  24	8.783712e-01	2.147075e+01	 837	happy	happy_9.png	
IEV	   2	 405	  10	   0	1.269708e+03	  28	  28	8.566270e-01	2.439731e+01	1159	happy	happy_20.png	
IEV	   2	 406	  10	   0	1.276760e+03	  28	  28	8.324094e-01	2.299452e+01	1424	happy	happy_21.png	
IEV	   2	 407	  10	   0	1.283525e+03	  32	  32	8.293051e-01	2.665508e+01	1454	happy	happy_10.png	
IEV	   2	 408	  10	   0	1.290428e+03	  40	  40	7.705963e-01	3.064258e+01	1929	happy	happy_4.png	
IEV	   2	 409	  10	   0	1.298163e+03	  37	  37	7.622458e-01	2.830997e+01	1987	happy	happy_7.png	
IEV	   2	 410	  10	   0	1.304751e+03	  28	  28	8.598599e-01	2.399566e+01	1118	happy	happy_2.png	
IEV	   2	 411	  10	   0	1.310539e+03	  21	  21	8.606276e-01	1.787447e+01	1108	happy	happy_15.png	
IEV	   2	 412	  10	   0	1.317271e+03	  19	  19	8.691413e-01	1.670012e+01	 989	happy	happy_6.png	
IEV	   2	 413	  10	   0	1.323985e+03	  25	  25	8.545884e-01	2.122751e+01	1184	happy	happy_13.png	
IEV	   2	 414	  10	   0	1.330876e+03	  26	  26	8.656326e-01	2.238758e+01	1040	happy	happy_8.png	
IEV	   2	 415	  10	   0	1.338005e+03	  49	  49	6.933783e-01	3.392326e+01	2416	happy	happy_5.png	
IEV	   2	 416	  10	   0	1.344351e+03	  20	  20	8.644165e-01	1.736160e+01	1057	happy	happy_17.png	
IEV	   2	 417	  10	   0	1.351752e+03	  37	  37	7.607815e-01	2.843967e+01	1997	happy	happy_14.png	
IEV	   2	 418	  10	   0	1.357850e+03	  22	  22	8.597054e-01	1.885685e+01	1120	happy	happy_12.png	
IEV	   2	 419	  10	   0	1.365561e+03	  71	  71	5.908853e-01	4.205264e+01	2963	happy	happy_18.png	
IEV	   2	 420	  10	   0	1.372895e+03	  71	  71	5.879035e-01	4.164057e+01	2978	happy	happy_19.png	
DEV	   2	 421	  11	   0	1.456669e+03	  82	   0	4.906065e-01	4.043523e+01	1845	fear	fear_15.png	
DEV	   2	 422	  11	   0	1.462633e+03	  76	  76	6.306026e-01	4.779526e+01	1071	fear	fear_14.png	
DEV	   2	 423	  11	   0	1.470177e+03	  72	  72	6.318782e-01	4.534299e+01	1065	fear	fear_13.png	
DEV	   2	 424	  11	   0	1.476589e+03	  83	   0	4.766829e-01	3.946235e+01	1940	fear	fear_2.png	
DEV	   2	 425	  11	   0	1.482765e+03	  79	  79	4.933208e-01	3.914396e+01	1827	fear	fear_18.png	
DEV	   2	 426	  11	   0	1.490520e+03	  71	  71	6.631369e-01	4.702579e+01	 922	fear	fear_11.png	
DEV	   2	 427	  11	   0	1.496502e+03	  82	  82	5.531000e-01	4.524710e+01	1466	fear	fear_8.png	
DEV	   2	 428	  11	   0	1.503468e+03	  80	   0	3.716103e-01	2.964631e+01	2861	fear	fear_20.png	
DEV	   2	 429	  11	   0	1.510765e+03	  71	   0	6.112052e-01	4.358186e+01	1164	fear	fear_12.png	
DEV	   2	 430	  11	   0	1.517763e+03	  80	   0	3.824896e-01	3.076895e+01	2744	fear	fear_6.png	
DEV	   2	 431	  11	   0	1.525022e+03	  76	   0	5.601835e-01	4.236369e+01	1427	fear	fear_5.png	
DEV	   2	 432	  11	   0	1.532117e+03	  72	  72	6.209201e-01	4.473694e+01	1117	fear	fear_17.png	
DEV	   2	 433	  11	   0	1.538988e+03	  80	   0	3.228031e-01	2.592544e+01	3452	fear	fear_21.png	
DEV	   2	 434	  11	   0	1.545379e+03	  85	  85	4.027945e-01	3.417163e+01	2541	fear	fear_10.png	
DEV	   2	 435	  11	   0	1.551834e+03	  78	  78	5.927119e-01	4.610502e+01	1256	fear	fear_4.png	
DEV	   2	 436	  11	   0	1.557430e+03	  75	   0	6.186303e-01	4.646518e+01	1128	fear	fear_16.png	
DEV	   2	 437	  11	   0	1.564954e+03	  77	  77	5.770047e-01	4.454034e+01	1337	fear	fear_9.png	
DEV	   2	 438	  11	   0	1.572111e+03	  74	  74	5.956797e-01	4.390731e+01	1241	fear	fear_7.png	
DEV	   2	 439	  11	   0	1.579068e+03	  74	  74	6.413215e-01	4.714137e+01	1021	fear	fear_19.png	
DEV	   2	 440	  11	   0	1.586516e+03	  76	   0	6.238488e-01	4.739508e+01	1103	fear	fear_1.png	
DEV	   2	 441	  11	   0	1.593851e+03	  74	  74	6.372245e-01	4.691018e+01	1040	fear	fear_3.png	
DEV	   2	 442	  11	   0	1.602494e+03	  76	  76	4.331655e-01	3.290608e+01	2271	fear	fear_5.png	
DEV	   2	 443	  11	   0	1.608795e+03	  74	  74	5.766237e-01	4.278671e+01	1339	fear	fear_19.png	
DEV	   2	 444	  11	   0	1.615892e+03	  81	   0	4.821718e-01	3.888251e+01	1902	fear	fear_14.png	
DEV	   2	 445	  11	   0	1.622786e+03	  83	   0	4.557683e-01	3.798607e+01	2092	fear	fear_3.png	
DEV	   2	 446	  11	   0	1.628882e+03	  72	   0	6.171782e-01	4.452817e+01	1135	fear	fear_20.png	
DEV	   2	 447	  11	   0	1.636504e+03	  82	   0	4.758259e-01	3.892638e+01	1946	fear	fear_4.png	
DEV	   2	 448	  11	   0	1.644117e+03	  81	  81	4.662957e-01	3.779876e+01	2014	fear	fear_1.png	
DEV	   2	 449	  11	   0	1.651272e+03	  82	   0	4.403839e-01	3.600841e+01	2212	fear	fear_8.png	
DEV	   2	 450	  11	   0	1.659135e+03	  71	  71	6.701280e-01	4.739224e+01	 891	fear	fear_2.png	
DEV	   2	 451	  11	   0	1.665500e+03	  83	  83	4.146656e-01	3.462087e+01	2431	fear	fear_15.png	
DEV	   2	 452	  11	   0	1.672460e+03	  72	   0	6.372245e-01	4.563573e+01	1040	fear	fear_12.png	
DEV	   2	 453	  11	   0	1.680479e+03	  86	   0	3.639421e-01	3.130506e+01	2947	fear	fear_21.png	
DEV	   2	 454	  11	   0	1.686794e+03	  76	  76	6.518009e-01	4.968270e+01	 973	fear	fear_10.png	
DEV	   2	 455	  11	   0	1.693703e+03	  81	  81	5.741551e-01	4.665911e+01	1352	fear	fear_9.png	
DEV	   2	 456	  11	   0	1.700196e+03	  77	  77	6.213375e-01	4.786685e+01	1115	fear	fear_17.png	
DEV	   2	 457	  11	   0	1.705724e+03	  78	   0	6.122301e-01	4.792411e+01	1159	fear	fear_6.png	
DEV	   2	 458	  11	   0	1.712370e+03	  73	  73	5.583553e-01	4.057657e+01	1437	fear	fear_11.png	
DEV	   2	 459	  11	   0	1.719180e+03	  75	   0	5.399995e-01	4.057681e+01	1540	fear	fear_16.png	
DEV	   2	 460	  11	   0	1.725354e+03	  77	  77	5.193640e-01	3.982101e+01	1662	fear	fear_18.png	
DEV	   2	 461	  11	   0	1.732212e+03	  80	  80	3.421947e-01	2.727384e+01	3206	fear	fear_13.png	
DEV	   2	 462	  11	   0	1.739033e+03	  70	   0	6.159368e-01	4.322684e+01	1141	fear	fear_7.png	
CEV	   2	 463	  12	   0	1.813212e+03	  72	   0	5.310000e-01	3.806200e+01	2583	scram	scram_17.png	
CEV	   2	 464	  12	   0	1.819831e+03	  45	   0	7.635714e-01	3.470929e+01	 955	scram	scram_1.png	
CEV	   2	 465	  12	   0	1.826791e+03	  59	  59	6.654286e-01	3.899629e+01	1642	scram	scram_13.png	
CEV	   2	 466	  12	   0	1.832710e+03	  49	  49	7.364286e-01	3.626357e+01	1145	scram	scram_16.png	
CEV	   2	 467	  12	   0	1.840837e+03	  65	  65	5.958571e-01	3.878757e+01	2129	scram	scram_18.png	
CEV	   2	 468	  12	   0	1.847094e+03	  40	  40	8.428571e-01	3.362857e+01	 400	scram	scram_4.png	
CEV	   2	 469	  12	   0	1.854802e+03	 116	   0	3.254286e-01	3.765086e+01	4022	scram	scram_7.png	
CEV	   2	 470	  12	   0	1.861184e+03	  51	  51	7.450000e-01	3.774500e+01	1085	scram	scram_15.png	
CEV	   2	 471	  12	   0	1.867435e+03	  62	   0	5.841429e-01	3.641586e+01	2211	scram	scram_14.png	
CEV	   2	 472	  12	   0	1.873570e+03	  51	   0	7.041429e-01	3.559171e+01	1371	scram	scram_6.png	
CEV	   2	 473	  12	   0	1.879849e+03	  59	   0	6.585714e-01	3.897571e+01	1690	scram	scram_8.png	
CEV	   2	 474	  12	   0	1.888025e+03	  51	  51	7.302857e-01	3.700000e+01	1188	scram	scram_10.png	
CEV	   2	 475	  12	   0	1.894403e+03	  54	  54	7.517143e-01	4.075857e+01	1038	scram	scram_19.png	
CEV	   2	 476	  12	   0	1.901390e+03	  50	   0	6.877143e-01	3.424914e+01	1486	scram	scram_20.png	
CEV	   2	 477	  12	   0	1.908549e+03	  50	  50	7.562857e-01	3.775629e+01	1006	scram	scram_21.png	
CEV	   2	 478	  12	   0	1.914364e+03	  55	  55	7.397143e-01	4.069857e+01	1122	scram	scram_5.png	
CEV	   2	 479	  12	   0	1.920762e+03	  52	  52	7.441429e-01	3.848829e+01	1091	scram	scram_9.png	
CEV	   2	 480	  12	   0	1.927664e+03	  49	  49	7.418571e-01	3.625814e+01	1107	scram	scram_11.png	
CEV	   2	 481	  12	   0	1.934710e+03	  44	  44	7.574286e-01	3.321286e+01	 998	scram	scram_2.png	
CEV	   2	 482	  12	   0	1.941075e+03	  48	   0	7.225714e-01	3.483229e+01	1242	scram	scram_3.png	
CEV	   2	 483	  12	   0	1.948423e+03	  49	   0	7.327143e-01	3.626729e+01	1171	scram	scram_12.png	
CEV	   2	 484	  12	   0	1.955785e+03	  54	  54	7.154286e-01	3.843086e+01	1292	scram	scram_4.png	
CEV	   2	 485	  12	   0	1.962665e+03	  50	   0	6.938571e-01	3.491843e+01	1443	scram	scram_1.png	
CEV	   2	 486	  12	   0	1.969335e+03	  51	   0	6.957143e-01	3.560857e+01	1430	scram	scram_13.png	
CEV	   2	 487	  12	   0	1.975779e+03	  48	  48	7.315714e-01	3.480529e+01	1179	scram	scram_10.png	
CEV	   2	 488	  12	   0	1.982307e+03	  48	  48	7.081429e-01	3.416743e+01	1343	scram	scram_14.png	
CEV	   2	 489	  12	   0	1.988976e+03	  48	  48	7.237143e-01	3.482886e+01	1234	scram	scram_11.png	
CEV	   2	 490	  12	   0	1.994473e+03	  52	  52	7.407143e-01	3.848143e+01	1115	scram	scram_17.png	
CEV	   2	 491	  12	   0	2.001081e+03	  52	  52	7.441429e-01	3.848829e+01	1091	scram	scram_20.png	
CEV	   2	 492	  12	   0	2.007572e+03	  55	  55	6.900000e-01	3.769000e+01	1470	scram	scram_9.png	
CEV	   2	 493	  12	   0	2.014199e+03	  54	   0	7.401429e-01	3.996057e+01	1119	scram	scram_19.png	
CEV	   2	 494	  12	   0	2.021455e+03	  53	   0	7.242857e-01	3.844857e+01	1230	scram	scram_6.png	
CEV	   2	 495	  12	   0	2.027664e+03	  60	   0	6.017143e-01	3.639829e+01	2088	scram	scram_21.png	
CEV	   2	 496	  12	   0	2.035005e+03	  53	  53	7.065714e-01	3.770657e+01	1354	scram	scram_7.png	
CEV	   2	 497	  12	   0	2.041937e+03	  50	  50	7.088571e-01	3.558229e+01	1338	scram	scram_18.png	
CEV	   2	 498	  12	   0	2.047959e+03	  48	  48	7.732857e-01	  37	 887	scram	scram_5.png	
CEV	   2	 499	  12	   0	2.055215e+03	  54	   0	7.277143e-01	3.918314e+01	1206	scram	scram_2.png	
CEV	   2	 500	  12	   0	2.062090e+03	  44	  44	7.522857e-01	3.323857e+01	1034	scram	scram_3.png	
CEV	   2	 501	  12	   0	2.068514e+03	  46	   0	7.377143e-01	3.404914e+01	1136	scram	scram_12.png	
CEV	   2	 502	  12	   0	2.075199e+03	  57	  57	7.171429e-01	4.058571e+01	1280	scram	scram_15.png	
CEV	   2	 503	  12	   0	2.081755e+03	  78	  78	5.017143e-01	3.900686e+01	2788	scram	scram_8.png	
CEV	   2	 504	  12	   0	2.089257e+03	  64	   0	5.952857e-01	3.819057e+01	2133	scram	scram_16.png	
