#Subj:	10941
#Run:	1
#Age:	22
#Gender:	male
#13-May-2013
Func	Run	Trial	Block	Null	trialStartTime	Mag	ScoreInc	Freq	EV	RT	Emotion	Image
CEV	   1	   1	  12	   0	1.137523e+02	  59	   0	6.544286e-01	3.830886e+01	1719	 115	  99	 114	  97	 109	scram	scram_16.png	
CEV	   1	   2	  12	   0	1.211267e+02	  78	  78	4.862857e-01	3.797257e+01	2896	 115	  99	 114	  97	 109	scram	scram_8.png	
CEV	   1	   3	  12	   0	1.289775e+02	  87	  87	4.342857e-01	3.786857e+01	3260	 115	  99	 114	  97	 109	scram	scram_15.png	
CEV	   1	   4	  12	   0	1.357967e+02	  92	  92	4.122857e-01	3.782457e+01	3414	 115	  99	 114	  97	 109	scram	scram_12.png	
CEV	   1	   5	  12	   0	1.440226e+02	  88	  88	4.107143e-01	3.617857e+01	3425	 115	  99	 114	  97	 109	scram	scram_3.png	
CEV	   1	   6	  12	   0	1.517518e+02	  93	   0	3.810000e-01	3.547600e+01	3633	 115	  99	 114	  97	 109	scram	scram_2.png	
CEV	   1	   7	  12	   0	1.592236e+02	  89	  89	4.257143e-01	3.785143e+01	3320	 115	  99	 114	  97	 109	scram	scram_5.png	
CEV	   1	   8	  12	   0	1.668432e+02	  95	  95	4.122857e-01	3.906143e+01	3414	 115	  99	 114	  97	 109	scram	scram_18.png	
CEV	   1	   9	  12	   0	1.740760e+02	  89	  89	4.088571e-01	3.659114e+01	3438	 115	  99	 114	  97	 109	scram	scram_7.png	
CEV	   1	  10	  12	   0	1.818414e+02	  96	   0	3.990000e-01	3.819700e+01	3507	 115	  99	 114	  97	 109	scram	scram_21.png	
CEV	   1	  11	  12	   0	1.901484e+02	  86	   0	4.158571e-01	3.575243e+01	3389	 115	  99	 114	  97	 109	scram	scram_6.png	
CEV	   1	  12	  12	   0	1.975020e+02	  85	   0	4.311429e-01	3.656886e+01	3282	 115	  99	 114	  97	 109	scram	scram_19.png	
CEV	   1	  13	  12	   0	2.038001e+02	  49	  49	7.894286e-01	3.857886e+01	 774	 115	  99	 114	  97	 109	scram	scram_9.png	
CEV	   1	  14	  12	   0	2.102801e+02	  48	  48	7.378571e-01	3.552429e+01	1135	 115	  99	 114	  97	 109	scram	scram_20.png	
CEV	   1	  15	  12	   0	2.164197e+02	  55	  55	6.924286e-01	3.838486e+01	1453	 115	  99	 114	  97	 109	scram	scram_17.png	
CEV	   1	  16	  12	   0	2.233537e+02	  54	  54	6.368571e-01	3.445257e+01	1842	 115	  99	 114	  97	 109	scram	scram_11.png	
CEV	   1	  17	  12	   0	2.293357e+02	  70	  70	5.657143e-01	3.982857e+01	2340	 115	  99	 114	  97	 109	scram	scram_14.png	
CEV	   1	  18	  12	   0	2.356092e+02	  69	  69	5.402857e-01	3.754029e+01	2518	 115	  99	 114	  97	 109	scram	scram_10.png	
CEV	   1	  19	  12	   0	2.431190e+02	  77	  77	5.011429e-01	3.850343e+01	2792	 115	  99	 114	  97	 109	scram	scram_13.png	
CEV	   1	  20	  12	   0	2.512475e+02	  75	   0	4.955714e-01	  37	2831	 115	  99	 114	  97	 109	scram	scram_1.png	
CEV	   1	  21	  12	   0	2.584278e+02	  73	   0	5.377143e-01	3.915086e+01	2536	 115	  99	 114	  97	 109	scram	scram_4.png	
CEV	   1	  22	  12	   0	2.646900e+02	  48	  48	7.718571e-01	  37	 897	 115	  99	 114	  97	 109	scram	scram_12.png	
CEV	   1	  23	  12	   0	2.710786e+02	  48	  48	7.071429e-01	3.417143e+01	1350	 115	  99	 114	  97	 109	scram	scram_3.png	
CEV	   1	  24	  12	   0	2.788551e+02	  62	  62	6.248571e-01	3.887457e+01	1926	 115	  99	 114	  97	 109	scram	scram_2.png	
CEV	   1	  25	  12	   0	2.861762e+02	  66	  66	5.835714e-01	3.875071e+01	2215	 115	  99	 114	  97	 109	scram	scram_11.png	
CEV	   1	  26	  12	   0	2.924027e+02	  68	  68	5.824286e-01	3.932971e+01	2223	 115	  99	 114	  97	 109	scram	scram_9.png	
CEV	   1	  27	  12	   0	2.991223e+02	  64	  64	5.555714e-01	3.533329e+01	2411	 115	  99	 114	  97	 109	scram	scram_5.png	
CEV	   1	  28	  12	   0	3.065638e+02	  68	  68	5.492857e-01	3.754929e+01	2455	 115	  99	 114	  97	 109	scram	scram_21.png	
CEV	   1	  29	  12	   0	3.134318e+02	  67	   0	5.412857e-01	3.645871e+01	2511	 115	  99	 114	  97	 109	scram	scram_20.png	
CEV	   1	  30	  12	   0	3.208990e+02	  66	  66	5.704286e-01	3.757043e+01	2307	 115	  99	 114	  97	 109	scram	scram_19.png	
CEV	   1	  31	  12	   0	3.283232e+02	  71	  71	5.542857e-01	3.921714e+01	2420	 115	  99	 114	  97	 109	scram	scram_10.png	
CEV	   1	  32	  12	   0	3.348168e+02	  69	   0	5.627143e-01	3.868814e+01	2361	 115	  99	 114	  97	 109	scram	scram_8.png	
CEV	   1	  33	  12	   0	3.408268e+02	  62	  62	5.857143e-01	3.641429e+01	2200	 115	  99	 114	  97	 109	scram	scram_6.png	
CEV	   1	  34	  12	   0	3.472819e+02	  60	  60	5.740000e-01	3.470400e+01	2282	 115	  99	 114	  97	 109	scram	scram_14.png	
CEV	   1	  35	  12	   0	3.541074e+02	  67	   0	5.537143e-01	  37	2424	 115	  99	 114	  97	 109	scram	scram_15.png	
CEV	   1	  36	  12	   0	3.612606e+02	  96	  96	4.030000e-01	3.861200e+01	3479	 115	  99	 114	  97	 109	scram	scram_7.png	
CEV	   1	  37	  12	   0	3.690020e+02	  92	   0	4.062857e-01	3.740629e+01	3456	 115	  99	 114	  97	 109	scram	scram_4.png	
CEV	   1	  38	  12	   0	3.769068e+02	  90	  90	3.884286e-01	3.505786e+01	3581	 115	  99	 114	  97	 109	scram	scram_18.png	
CEV	   1	  39	  12	   0	3.833005e+02	  79	   0	4.490000e-01	3.565300e+01	3157	 115	  99	 114	  97	 109	scram	scram_16.png	
CEV	   1	  40	  12	   0	3.917032e+02	  93	   0	3.888571e-01	3.622229e+01	3578	 115	  99	 114	  97	 109	scram	scram_13.png	
CEV	   1	  41	  12	   0	3.994464e+02	  88	   0	4.060000e-01	3.578200e+01	3458	 115	  99	 114	  97	 109	scram	scram_1.png	
CEV	   1	  42	  12	   0	4.069180e+02	  91	   0	3.980000e-01	3.620400e+01	3514	 115	  99	 114	  97	 109	scram	scram_17.png	
DEV	   1	  43	  11	   0	4.818934e+02	  81	   0	4.605742e-01	3.740570e+01	2056	 102	 101	  97	 114	fear	fear_7.png	
DEV	   1	  44	  11	   0	4.880457e+02	  75	  75	6.297538e-01	4.711538e+01	1075	 102	 101	  97	 114	fear	fear_13.png	
DEV	   1	  45	  11	   0	4.946774e+02	  73	   0	5.964743e-01	4.335709e+01	1237	 102	 101	  97	 114	fear	fear_18.png	
DEV	   1	  46	  11	   0	5.004245e+02	  73	   0	5.905472e-01	4.301702e+01	1267	 102	 101	  97	 114	fear	fear_16.png	
DEV	   1	  47	  11	   0	5.065454e+02	  74	   0	6.434895e-01	4.790672e+01	1011	 102	 101	  97	 114	fear	fear_11.png	
DEV	   1	  48	  11	   0	5.138644e+02	  78	   0	3.585669e-01	2.803462e+01	3009	 102	 101	  97	 114	fear	fear_6.png	
DEV	   1	  49	  11	   0	5.201135e+02	  75	   0	4.589623e-01	3.454095e+01	2068	 102	 101	  97	 114	fear	fear_17.png	
DEV	   1	  50	  11	   0	5.263602e+02	  71	   0	5.913332e-01	4.187957e+01	1263	 102	 101	  97	 114	fear	fear_9.png	
DEV	   1	  51	  11	   0	5.322144e+02	  80	   0	5.507663e-01	4.398762e+01	1479	 102	 101	  97	 114	fear	fear_10.png	
DEV	   1	  52	  11	   0	5.385809e+02	  71	  71	6.240586e-01	4.428727e+01	1102	 102	 101	  97	 114	fear	fear_21.png	
DEV	   1	  53	  11	   0	5.455534e+02	  72	   0	6.642594e-01	4.774914e+01	 917	 102	 101	  97	 114	fear	fear_12.png	
DEV	   1	  54	  11	   0	5.521147e+02	  74	   0	6.261610e-01	4.628011e+01	1092	 102	 101	  97	 114	fear	fear_15.png	
DEV	   1	  55	  11	   0	5.586836e+02	  68	  68	7.625181e-01	5.182623e+01	 508	 102	 101	  97	 114	fear	fear_2.png	
DEV	   1	  56	  11	   0	5.645660e+02	  67	  67	7.559098e-01	5.078214e+01	 534	 102	 101	  97	 114	fear	fear_8.png	
DEV	   1	  57	  11	   0	5.706207e+02	  76	  76	7.196860e-01	5.491088e+01	 680	 102	 101	  97	 114	fear	fear_1.png	
DEV	   1	  58	  11	   0	5.772124e+02	  73	  73	7.019199e-01	5.111432e+01	 754	 102	 101	  97	 114	fear	fear_4.png	
DEV	   1	  59	  11	   0	5.833320e+02	  77	  77	6.887499e-01	5.317056e+01	 810	 102	 101	  97	 114	fear	fear_20.png	
DEV	   1	  60	  11	   0	5.899470e+02	  72	  72	6.903830e-01	4.981264e+01	 803	 102	 101	  97	 114	fear	fear_3.png	
DEV	   1	  61	  11	   0	5.956452e+02	  72	  72	6.990777e-01	5.026573e+01	 766	 102	 101	  97	 114	fear	fear_14.png	
DEV	   1	  62	  11	   0	6.016745e+02	  70	  70	6.843361e-01	4.812504e+01	 829	 102	 101	  97	 114	fear	fear_19.png	
DEV	   1	  63	  11	   0	6.085367e+02	  71	  71	6.687690e-01	4.732131e+01	 897	 102	 101	  97	 114	fear	fear_5.png	
DEV	   1	  64	  11	   0	6.145496e+02	  72	  72	6.920199e-01	4.989844e+01	 796	 102	 101	  97	 114	fear	fear_3.png	
DEV	   1	  65	  11	   0	6.209049e+02	  78	   0	6.726269e-01	5.223069e+01	 880	 102	 101	  97	 114	fear	fear_1.png	
DEV	   1	  66	  11	   0	6.280315e+02	  73	  73	6.859590e-01	5.026557e+01	 822	 102	 101	  97	 114	fear	fear_19.png	
DEV	   1	  67	  11	   0	6.348599e+02	  71	   0	6.847994e-01	4.883346e+01	 827	 102	 101	  97	 114	fear	fear_7.png	
DEV	   1	  68	  11	   0	6.416128e+02	  71	  71	7.201719e-01	5.133665e+01	 678	 102	 101	  97	 114	fear	fear_9.png	
DEV	   1	  69	  11	   0	6.479217e+02	  76	  76	6.938953e-01	5.277204e+01	 788	 102	 101	  97	 114	fear	fear_16.png	
DEV	   1	  70	  11	   0	6.548986e+02	  70	  70	7.090731e-01	4.936017e+01	 724	 102	 101	  97	 114	fear	fear_4.png	
DEV	   1	  71	  11	   0	6.600092e+02	  68	  68	7.408392e-01	5.012143e+01	 594	 102	 101	  97	 114	fear	fear_10.png	
DEV	   1	  72	  11	   0	6.653612e+02	  76	   0	7.204149e-01	5.495082e+01	 677	 102	 101	  97	 114	fear	fear_21.png	
DEV	   1	  73	  11	   0	6.713271e+02	  73	  73	7.146028e-01	5.248716e+01	 701	 102	 101	  97	 114	fear	fear_17.png	
DEV	   1	  74	  11	   0	6.771824e+02	  71	  71	6.726269e-01	4.752230e+01	 880	 102	 101	  97	 114	fear	fear_5.png	
DEV	   1	  75	  11	   0	6.838571e+02	  76	  76	7.097921e-01	5.365401e+01	 721	 102	 101	  97	 114	fear	fear_6.png	
DEV	   1	  76	  11	   0	6.911439e+02	  68	  68	7.042968e-01	4.771732e+01	 744	 102	 101	  97	 114	fear	fear_12.png	
DEV	   1	  77	  11	   0	6.967024e+02	  75	   0	6.712627e-01	5.013641e+01	 886	 102	 101	  97	 114	fear	fear_20.png	
DEV	   1	  78	  11	   0	7.028539e+02	  73	  73	7.216311e-01	5.285244e+01	 672	 102	 101	  97	 114	fear	fear_8.png	
DEV	   1	  79	  11	   0	7.095441e+02	  73	  73	7.028697e-01	5.116413e+01	 750	 102	 101	  97	 114	fear	fear_11.png	
DEV	   1	  80	  11	   0	7.148953e+02	  74	  74	7.221181e-01	5.359969e+01	 670	 102	 101	  97	 114	fear	fear_18.png	
DEV	   1	  81	  11	   0	7.211604e+02	  74	  74	7.150855e-01	5.322748e+01	 699	 102	 101	  97	 114	fear	fear_2.png	
DEV	   1	  82	  11	   0	7.274655e+02	  72	  72	6.960109e-01	5.010667e+01	 779	 102	 101	  97	 114	fear	fear_13.png	
DEV	   1	  83	  11	   0	7.331489e+02	  76	  76	7.062037e-01	5.345691e+01	 736	 102	 101	  97	 114	fear	fear_14.png	
DEV	   1	  84	  11	   0	7.395305e+02	  77	   0	7.066812e-01	5.418989e+01	 734	 102	 101	  97	 114	fear	fear_15.png	
IEV	   1	  85	  10	   0	8.144768e+02	  64	  64	6.340812e-01	4.065179e+01	2741	 104	  97	 112	 112	 121	happy	happy_19.png	
IEV	   1	  86	  10	   0	8.215268e+02	  60	  60	6.476625e-01	3.914259e+01	2669	 104	  97	 112	 112	 121	happy	happy_18.png	
IEV	   1	  87	  10	   0	8.280832e+02	  62	  62	6.452275e-01	3.994655e+01	2682	 104	  97	 112	 112	 121	happy	happy_12.png	
IEV	   1	  88	  10	   0	8.363269e+02	  72	   0	6.117409e-01	4.385171e+01	2857	 104	  97	 112	 112	 121	happy	happy_14.png	
IEV	   1	  89	  10	   0	8.421537e+02	  19	  19	8.947020e-01	1.691221e+01	 423	 104	  97	 112	 112	 121	happy	happy_17.png	
IEV	   1	  90	  10	   0	8.483069e+02	  37	  37	8.040711e-01	2.998581e+01	1676	 104	  97	 112	 112	 121	happy	happy_5.png	
IEV	   1	  91	  10	   0	8.558430e+02	 110	   0	4.514449e-01	4.968218e+01	3641	 104	  97	 112	 112	 121	happy	happy_8.png	
IEV	   1	  92	  10	   0	8.631007e+02	  66	  66	6.448522e-01	4.254998e+01	2684	 104	  97	 112	 112	 121	happy	happy_13.png	
IEV	   1	  93	  10	   0	8.707035e+02	  66	  66	6.281644e-01	4.164764e+01	2772	 104	  97	 112	 112	 121	happy	happy_6.png	
IEV	   1	  94	  10	   0	8.780958e+02	  62	  62	6.316049e-01	3.891142e+01	2754	 104	  97	 112	 112	 121	happy	happy_15.png	
IEV	   1	  95	  10	   0	8.853909e+02	  65	  65	6.308415e-01	4.085368e+01	2758	 104	  97	 112	 112	 121	happy	happy_2.png	
IEV	   1	  96	  10	   0	8.927537e+02	  73	  73	6.047021e-01	4.424755e+01	2893	 104	  97	 112	 112	 121	happy	happy_7.png	
IEV	   1	  97	  10	   0	8.999016e+02	  66	  66	6.107661e-01	4.024229e+01	2862	 104	  97	 112	 112	 121	happy	happy_4.png	
IEV	   1	  98	  10	   0	9.075154e+02	  63	  63	6.237487e-01	3.941966e+01	2795	 104	  97	 112	 112	 121	happy	happy_10.png	
IEV	   1	  99	  10	   0	9.149126e+02	  63	   0	6.298863e-01	3.965317e+01	2763	 104	  97	 112	 112	 121	happy	happy_21.png	
IEV	   1	 100	  10	   0	9.225094e+02	  64	  64	6.296952e-01	4.029509e+01	2764	 104	  97	 112	 112	 121	happy	happy_20.png	
IEV	   1	 101	  10	   0	9.301838e+02	  67	   0	6.390121e-01	4.289791e+01	2715	 104	  97	 112	 112	 121	happy	happy_9.png	
IEV	   1	 102	  10	   0	9.379955e+02	  65	  65	6.245182e-01	4.061927e+01	2791	 104	  97	 112	 112	 121	happy	happy_16.png	
IEV	   1	 103	  10	   0	9.450083e+02	  64	  64	6.239411e-01	4.003125e+01	2794	 104	  97	 112	 112	 121	happy	happy_3.png	
IEV	   1	 104	  10	   0	9.517630e+02	  71	  71	6.076406e-01	4.286776e+01	2878	 104	  97	 112	 112	 121	happy	happy_11.png	
IEV	   1	 105	  10	   0	9.595056e+02	  70	   0	6.125201e-01	4.258247e+01	2853	 104	  97	 112	 112	 121	happy	happy_1.png	
IEV	   1	 106	  10	   0	9.665184e+02	  56	  56	6.617383e-01	3.688536e+01	2593	 104	  97	 112	 112	 121	happy	happy_21.png	
IEV	   1	 107	  10	   0	9.741568e+02	  66	  66	6.140766e-01	4.064862e+01	2845	 104	  97	 112	 112	 121	happy	happy_10.png	
IEV	   1	 108	  10	   0	9.813261e+02	  70	  70	6.021488e-01	4.198105e+01	2906	 104	  97	 112	 112	 121	happy	happy_8.png	
IEV	   1	 109	  10	   0	9.876243e+02	  69	  69	5.906867e-01	4.088301e+01	2964	 104	  97	 112	 112	 121	happy	happy_1.png	
IEV	   1	 110	  10	   0	9.951050e+02	  75	  75	5.974196e-01	4.465073e+01	2930	 104	  97	 112	 112	 121	happy	happy_9.png	
IEV	   1	 111	  10	   0	1.001927e+03	  79	   0	5.809186e-01	4.612178e+01	3013	 104	  97	 112	 112	 121	happy	happy_11.png	
IEV	   1	 112	  10	   0	1.009522e+03	  73	  73	5.922744e-01	4.315492e+01	2956	 104	  97	 112	 112	 121	happy	happy_19.png	
IEV	   1	 113	  10	   0	1.016718e+03	  70	  70	5.920760e-01	4.139006e+01	2957	 104	  97	 112	 112	 121	happy	happy_2.png	
IEV	   1	 114	  10	   0	1.024206e+03	  77	  77	5.948498e-01	4.598118e+01	2943	 104	  97	 112	 112	 121	happy	happy_5.png	
IEV	   1	 115	  10	   0	1.030782e+03	  71	  71	5.993925e-01	4.274396e+01	2920	 104	  97	 112	 112	 121	happy	happy_6.png	
IEV	   1	 116	  10	   0	1.037777e+03	  73	   0	5.920760e-01	4.316628e+01	2957	 104	  97	 112	 112	 121	happy	happy_20.png	
IEV	   1	 117	  10	   0	1.044489e+03	  76	  76	5.853135e-01	4.472160e+01	2991	 104	  97	 112	 112	 121	happy	happy_13.png	
IEV	   1	 118	  10	   0	1.051594e+03	  73	   0	5.881025e-01	4.280487e+01	2977	 104	  97	 112	 112	 121	happy	happy_18.png	
IEV	   1	 119	  10	   0	1.058962e+03	  66	   0	6.027385e-01	3.953499e+01	2903	 104	  97	 112	 112	 121	happy	happy_7.png	
IEV	   1	 120	  10	   0	1.066319e+03	  74	   0	6.068578e-01	4.473383e+01	2882	 104	  97	 112	 112	 121	happy	happy_17.png	
IEV	   1	 121	  10	   0	1.073638e+03	  63	  63	6.214363e-01	3.894630e+01	2807	 104	  97	 112	 112	 121	happy	happy_4.png	
IEV	   1	 122	  10	   0	1.080597e+03	  68	   0	6.064662e-01	4.111659e+01	2884	 104	  97	 112	 112	 121	happy	happy_14.png	
IEV	   1	 123	  10	   0	1.087617e+03	  63	   0	6.212434e-01	3.895882e+01	2808	 104	  97	 112	 112	 121	happy	happy_3.png	
IEV	   1	 124	  10	   0	1.095041e+03	  56	  56	6.571387e-01	3.654561e+01	2618	 104	  97	 112	 112	 121	happy	happy_15.png	
IEV	   1	 125	  10	   0	1.101928e+03	  72	   0	5.952455e-01	4.298412e+01	2941	 104	  97	 112	 112	 121	happy	happy_12.png	
IEV	   1	 126	  10	   0	1.109995e+03	  73	   0	6.031315e-01	4.373192e+01	2901	 104	  97	 112	 112	 121	happy	happy_16.png	
CEVR	   1	 127	   9	   0	1.181737e+03	 126	   0	3.037767e-01	3.821511e+01	2037	 102	 101	  97	 114	fear	fear_10.png	
CEVR	   1	 128	   9	   0	1.187484e+03	 152	 152	2.472318e-01	3.749446e+01	1062	 102	 101	  97	 114	fear	fear_16.png	
CEVR	   1	 129	   9	   0	1.193615e+03	 140	   0	2.552730e-01	3.572363e+01	1227	 102	 101	  97	 114	fear	fear_2.png	
CEVR	   1	 130	   9	   0	1.199686e+03	 148	   0	2.493742e-01	  37	1107	 102	 101	  97	 114	fear	fear_15.png	
CEVR	   1	 131	   9	   0	1.205679e+03	 145	   0	2.616162e-01	3.804646e+01	1350	 102	 101	  97	 114	fear	fear_21.png	
CEVR	   1	 132	   9	   0	1.212456e+03	 149	   0	2.500483e-01	3.725005e+01	1121	 102	 101	  97	 114	fear	fear_5.png	
CEVR	   1	 133	   9	   0	1.218792e+03	 148	   0	2.558277e-01	3.776748e+01	1238	 102	 101	  97	 114	fear	fear_11.png	
CEVR	   1	 134	   9	   0	1.226687e+03	  93	  93	3.867981e-01	3.583961e+01	2952	 102	 101	  97	 114	fear	fear_8.png	
CEVR	   1	 135	   9	   0	1.234282e+03	 100	 100	3.872608e-01	3.854904e+01	2956	 102	 101	  97	 114	fear	fear_6.png	
CEVR	   1	 136	   9	   0	1.241703e+03	  94	  94	3.934974e-01	3.700000e+01	3009	 102	 101	  97	 114	fear	fear_18.png	
CEVR	   1	 137	   9	   0	1.249322e+03	  99	   0	3.927813e-01	3.896391e+01	3003	 102	 101	  97	 114	fear	fear_13.png	
CEVR	   1	 138	   9	   0	1.255939e+03	  94	   0	3.920678e-01	  37	2997	 102	 101	  97	 114	fear	fear_1.png	
CEVR	   1	 139	   9	   0	1.262585e+03	 151	   0	2.380077e-01	3.604797e+01	 859	 102	 101	  97	 114	fear	fear_3.png	
CEVR	   1	 140	   9	   0	1.269708e+03	  89	  89	3.938564e-01	3.503072e+01	3012	 102	 101	  97	 114	fear	fear_20.png	
CEVR	   1	 141	   9	   0	1.276277e+03	  97	  97	3.812187e-01	  37	2903	 102	 101	  97	 114	fear	fear_17.png	
CEVR	   1	 142	   9	   0	1.284195e+03	  97	   0	3.923054e-01	3.817692e+01	2999	 102	 101	  97	 114	fear	fear_19.png	
CEVR	   1	 143	   9	   0	1.291218e+03	  96	  96	3.939763e-01	3.778795e+01	3013	 102	 101	  97	 114	fear	fear_12.png	
CEVR	   1	 144	   9	   0	1.299471e+03	  67	   0	5.687308e-01	3.813746e+01	4023	 102	 101	  97	 114	fear	fear_7.png	
CEVR	   1	 145	   9	   0	1.306211e+03	  98	   0	3.984615e-01	3.899231e+01	3050	 102	 101	  97	 114	fear	fear_9.png	
CEVR	   1	 146	   9	   0	1.313428e+03	  97	   0	3.937367e-01	3.818121e+01	3011	 102	 101	  97	 114	fear	fear_4.png	
CEVR	   1	 147	   9	   0	1.320342e+03	  93	   0	3.931390e-01	3.660686e+01	3006	 102	 101	  97	 114	fear	fear_14.png	
CEVR	   1	 148	   9	   0	1.328342e+03	  91	  91	3.895909e-01	3.544164e+01	2976	 102	 101	  97	 114	fear	fear_21.png	
CEVR	   1	 149	   9	   0	1.335748e+03	  92	  92	3.914752e-01	3.582557e+01	2992	 102	 101	  97	 114	fear	fear_7.png	
CEVR	   1	 150	   9	   0	1.343232e+03	  99	   0	3.866826e-01	3.816005e+01	2951	 102	 101	  97	 114	fear	fear_18.png	
CEVR	   1	 151	   9	   0	1.350460e+03	  90	   0	3.952991e-01	3.541880e+01	3024	 102	 101	  97	 114	fear	fear_3.png	
CEVR	   1	 152	   9	   0	1.357946e+03	  96	   0	3.866826e-01	  37	2951	 102	 101	  97	 114	fear	fear_19.png	
CEVR	   1	 153	   9	   0	1.364687e+03	  95	   0	3.999382e-01	3.779988e+01	3062	 102	 101	  97	 114	fear	fear_12.png	
CEVR	   1	 154	   9	   0	1.371873e+03	  94	   0	3.863365e-01	3.622733e+01	2948	 102	 101	  97	 114	fear	fear_16.png	
CEVR	   1	 155	   9	   0	1.377575e+03	 142	   0	2.524366e-01	3.573782e+01	1170	 102	 101	  97	 114	fear	fear_2.png	
CEVR	   1	 156	   9	   0	1.384272e+03	  92	  92	3.887721e-01	3.583368e+01	2969	 102	 101	  97	 114	fear	fear_15.png	
CEVR	   1	 157	   9	   0	1.391735e+03	  96	  96	3.814433e-01	3.661856e+01	2905	 102	 101	  97	 114	fear	fear_1.png	
CEVR	   1	 158	   9	   0	1.399592e+03	  97	  97	3.798768e-01	3.700000e+01	2891	 102	 101	  97	 114	fear	fear_13.png	
CEVR	   1	 159	   9	   0	1.406860e+03	 102	   0	3.824572e-01	3.891229e+01	2914	 102	 101	  97	 114	fear	fear_6.png	
CEVR	   1	 160	   9	   0	1.414685e+03	  89	   0	3.961456e-01	3.541542e+01	3031	 102	 101	  97	 114	fear	fear_11.png	
CEVR	   1	 161	   9	   0	1.421381e+03	  93	   0	3.885389e-01	3.622292e+01	2967	 102	 101	  97	 114	fear	fear_17.png	
CEVR	   1	 162	   9	   0	1.428892e+03	  94	   0	3.926622e-01	3.700000e+01	3002	 102	 101	  97	 114	fear	fear_9.png	
CEVR	   1	 163	   9	   0	1.436214e+03	  93	   0	3.950580e-01	3.660494e+01	3022	 102	 101	  97	 114	fear	fear_8.png	
CEVR	   1	 164	   9	   0	1.444300e+03	  94	   0	3.864518e-01	3.622710e+01	2949	 102	 101	  97	 114	fear	fear_10.png	
CEVR	   1	 165	   9	   0	1.451583e+03	  98	   0	3.859911e-01	3.777198e+01	2945	 102	 101	  97	 114	fear	fear_20.png	
CEVR	   1	 166	   9	   0	1.457664e+03	 149	   0	2.509690e-01	3.750194e+01	1140	 102	 101	  97	 114	fear	fear_14.png	
CEVR	   1	 167	   9	   0	1.463276e+03	 160	 160	2.272727e-01	3.631818e+01	 602	 102	 101	  97	 114	fear	fear_4.png	
CEVR	   1	 168	   9	   0	1.470489e+03	 162	 162	2.355830e-01	3.817792e+01	 803	 102	 101	  97	 114	fear	fear_5.png	
DEV	   1	 169	   8	   0	1.540279e+03	  78	   0	3.368237e-01	2.622939e+01	3273	 115	  99	 114	  97	 109	scram	scram_13.png	
DEV	   1	 170	   8	   0	1.546826e+03	  87	   0	3.367441e-01	2.925474e+01	3274	 115	  99	 114	  97	 109	scram	scram_11.png	
DEV	   1	 171	   8	   0	1.553932e+03	  73	  73	5.679508e-01	4.170192e+01	1385	 115	  99	 114	  97	 109	scram	scram_9.png	
DEV	   1	 172	   8	   0	1.560664e+03	  77	   0	5.568987e-01	4.271912e+01	1445	 115	  99	 114	  97	 109	scram	scram_16.png	
DEV	   1	 173	   8	   0	1.566995e+03	  69	   0	7.289667e-01	5.031267e+01	 642	 115	  99	 114	  97	 109	scram	scram_3.png	
DEV	   1	 174	   8	   0	1.573486e+03	  80	  80	4.749715e-01	3.791731e+01	1952	 115	  99	 114	  97	 109	scram	scram_10.png	
DEV	   1	 175	   8	   0	1.580079e+03	  76	  76	4.736949e-01	3.593666e+01	1961	 115	  99	 114	  97	 109	scram	scram_20.png	
DEV	   1	 176	   8	   0	1.586824e+03	  79	  79	4.590962e-01	3.638576e+01	2067	 115	  99	 114	  97	 109	scram	scram_4.png	
DEV	   1	 177	   8	   0	1.594245e+03	  80	  80	4.657454e-01	3.729527e+01	2018	 115	  99	 114	  97	 109	scram	scram_17.png	
DEV	   1	 178	   8	   0	1.601038e+03	  78	   0	4.734120e-01	3.686558e+01	1963	 115	  99	 114	  97	 109	scram	scram_8.png	
DEV	   1	 179	   8	   0	1.608750e+03	  77	  77	4.682306e-01	3.605847e+01	2000	 115	  99	 114	  97	 109	scram	scram_19.png	
DEV	   1	 180	   8	   0	1.616064e+03	  80	  80	4.682306e-01	3.746316e+01	2000	 115	  99	 114	  97	 109	scram	scram_21.png	
DEV	   1	 181	   8	   0	1.622600e+03	  82	   0	4.611138e-01	3.790394e+01	2052	 115	  99	 114	  97	 109	scram	scram_15.png	
DEV	   1	 182	   8	   0	1.628918e+03	  81	  81	4.668471e-01	3.783657e+01	2010	 115	  99	 114	  97	 109	scram	scram_1.png	
DEV	   1	 183	   8	   0	1.635299e+03	  80	  80	4.765399e-01	3.802270e+01	1941	 115	  99	 114	  97	 109	scram	scram_12.png	
DEV	   1	 184	   8	   0	1.641787e+03	  83	   0	4.745453e-01	3.931228e+01	1955	 115	  99	 114	  97	 109	scram	scram_7.png	
DEV	   1	 185	   8	   0	1.649406e+03	  82	  82	4.662957e-01	3.826506e+01	2014	 115	  99	 114	  97	 109	scram	scram_14.png	
DEV	   1	 186	   8	   0	1.655525e+03	  80	  80	4.676763e-01	3.742574e+01	2004	 115	  99	 114	  97	 109	scram	scram_2.png	
DEV	   1	 187	   8	   0	1.661871e+03	  78	  78	4.588284e-01	3.590902e+01	2069	 115	  99	 114	  97	 109	scram	scram_18.png	
DEV	   1	 188	   8	   0	1.668286e+03	  76	  76	4.686471e-01	3.561669e+01	1997	 115	  99	 114	  97	 109	scram	scram_5.png	
DEV	   1	 189	   8	   0	1.675281e+03	  78	  78	4.728471e-01	3.682869e+01	1967	 115	  99	 114	  97	 109	scram	scram_6.png	
DEV	   1	 190	   8	   0	1.681702e+03	  80	   0	4.657454e-01	3.729527e+01	2018	 115	  99	 114	  97	 109	scram	scram_8.png	
DEV	   1	 191	   8	   0	1.688112e+03	  81	   0	4.696213e-01	3.802663e+01	1990	 115	  99	 114	  97	 109	scram	scram_7.png	
DEV	   1	 192	   8	   0	1.694831e+03	  80	  80	4.664334e-01	3.734178e+01	2013	 115	  99	 114	  97	 109	scram	scram_15.png	
DEV	   1	 193	   8	   0	1.701439e+03	  75	  75	4.694819e-01	3.520019e+01	1991	 115	  99	 114	  97	 109	scram	scram_16.png	
DEV	   1	 194	   8	   0	1.708550e+03	  79	   0	4.685082e-01	3.701339e+01	1998	 115	  99	 114	  97	 109	scram	scram_2.png	
DEV	   1	 195	   8	   0	1.715277e+03	  78	   0	4.636920e-01	3.622898e+01	2033	 115	  99	 114	  97	 109	scram	scram_18.png	
DEV	   1	 196	   8	   0	1.720946e+03	  69	   0	8.679031e-01	5.990233e+01	 114	 115	  99	 114	  97	 109	scram	scram_3.png	
DEV	   1	 197	   8	   0	1.727062e+03	  79	  79	4.667091e-01	3.689370e+01	2011	 115	  99	 114	  97	 109	scram	scram_6.png	
DEV	   1	 198	   8	   0	1.733621e+03	  75	   0	4.561654e-01	3.436494e+01	2089	 115	  99	 114	  97	 109	scram	scram_20.png	
DEV	   1	 199	   8	   0	1.741305e+03	  82	  82	4.758259e-01	3.892638e+01	1946	 115	  99	 114	  97	 109	scram	scram_13.png	
DEV	   1	 200	   8	   0	1.748313e+03	  75	  75	4.693426e-01	3.519149e+01	1992	 115	  99	 114	  97	 109	scram	scram_9.png	
DEV	   1	 201	   8	   0	1.754607e+03	  76	  76	4.735534e-01	3.592771e+01	1962	 115	  99	 114	  97	 109	scram	scram_5.png	
DEV	   1	 202	   8	   0	1.761920e+03	  78	   0	4.679533e-01	3.650854e+01	2002	 115	  99	 114	  97	 109	scram	scram_11.png	
DEV	   1	 203	   8	   0	1.768741e+03	  79	   0	4.661580e-01	3.685700e+01	2015	 115	  99	 114	  97	 109	scram	scram_19.png	
DEV	   1	 204	   8	   0	1.776125e+03	  79	   0	4.759685e-01	3.750835e+01	1945	 115	  99	 114	  97	 109	scram	scram_4.png	
DEV	   1	 205	   8	   0	1.783432e+03	  80	   0	4.694819e-01	3.754760e+01	1991	 115	  99	 114	  97	 109	scram	scram_1.png	
DEV	   1	 206	   8	   0	1.790267e+03	  76	   0	4.615192e-01	3.516311e+01	2049	 115	  99	 114	  97	 109	scram	scram_14.png	
DEV	   1	 207	   8	   0	1.797461e+03	  77	   0	4.739781e-01	3.642856e+01	1959	 115	  99	 114	  97	 109	scram	scram_10.png	
DEV	   1	 208	   8	   0	1.804815e+03	  85	  85	3.360289e-01	2.852815e+01	3283	 115	  99	 114	  97	 109	scram	scram_21.png	
DEV	   1	 209	   8	   0	1.811422e+03	  77	  77	4.693426e-01	3.613018e+01	1992	 115	  99	 114	  97	 109	scram	scram_12.png	
DEV	   1	 210	   8	   0	1.818542e+03	  81	   0	4.661580e-01	3.778932e+01	2015	 115	  99	 114	  97	 109	scram	scram_17.png	
CEVR	   1	 211	   7	   0	1.887782e+03	 124	   0	2.945860e-01	3.641083e+01	1904	 104	  97	 112	 112	 121	happy	happy_21.png	
CEVR	   1	 212	   7	   0	1.893547e+03	 151	 151	2.490385e-01	3.749808e+01	1100	 104	  97	 112	 112	 121	happy	happy_16.png	
CEVR	   1	 213	   7	   0	1.899841e+03	 148	   0	2.522400e-01	3.725224e+01	1166	 104	  97	 112	 112	 121	happy	happy_9.png	
CEVR	   1	 214	   7	   0	1.905345e+03	 162	 162	2.347290e-01	3.793892e+01	 783	 104	  97	 112	 112	 121	happy	happy_10.png	
CEVR	   1	 215	   7	   0	1.912021e+03	 154	   0	2.407958e-01	  37	 922	 104	  97	 112	 112	 121	happy	happy_8.png	
CEVR	   1	 216	   7	   0	1.918315e+03	 158	   0	2.338389e-01	  37	 762	 104	  97	 112	 112	 121	happy	happy_7.png	
CEVR	   1	 217	   7	   0	1.924692e+03	 157	   0	2.325790e-01	3.653484e+01	 732	 104	  97	 112	 112	 121	happy	happy_13.png	
CEVR	   1	 218	   7	   0	1.931106e+03	 146	 146	2.539216e-01	  37	1200	 104	  97	 112	 112	 121	happy	happy_14.png	
CEVR	   1	 219	   7	   0	1.937543e+03	 141	   0	2.563849e-01	3.623085e+01	1249	 104	  97	 112	 112	 121	happy	happy_17.png	
CEVR	   1	 220	   7	   0	1.944901e+03	 143	 143	2.585346e-01	  37	1291	 104	  97	 112	 112	 121	happy	happy_20.png	
CEVR	   1	 221	   7	   0	1.950687e+03	 140	   0	2.614049e-01	3.647719e+01	1346	 104	  97	 112	 112	 121	happy	happy_6.png	
CEVR	   1	 222	   7	   0	1.956552e+03	 140	   0	2.593631e-01	3.622191e+01	1307	 104	  97	 112	 112	 121	happy	happy_1.png	
CEVR	   1	 223	   7	   0	1.963382e+03	 153	   0	2.369625e-01	3.628911e+01	 835	 104	  97	 112	 112	 121	happy	happy_19.png	
CEVR	   1	 224	   7	   0	1.968670e+03	 162	   0	2.252566e-01	3.654949e+01	 551	 104	  97	 112	 112	 121	happy	happy_2.png	
CEVR	   1	 225	   7	   0	1.975095e+03	 159	   0	2.281134e-01	3.631566e+01	 623	 104	  97	 112	 112	 121	happy	happy_11.png	
CEVR	   1	 226	   7	   0	1.982164e+03	 156	   0	2.317881e-01	3.607285e+01	 713	 104	  97	 112	 112	 121	happy	happy_3.png	
CEVR	   1	 227	   7	   0	1.988881e+03	 142	   0	2.647179e-01	3.752944e+01	1408	 104	  97	 112	 112	 121	happy	happy_5.png	
CEVR	   1	 228	   7	   0	1.995035e+03	 142	   0	2.583799e-01	3.674162e+01	1288	 104	  97	 112	 112	 121	happy	happy_12.png	
CEVR	   1	 229	   7	   0	2.001238e+03	 102	   0	3.681069e-01	3.736811e+01	2782	 104	  97	 112	 112	 121	happy	happy_18.png	
CEVR	   1	 230	   7	   0	2.007637e+03	 148	   0	2.524366e-01	3.725244e+01	1170	 104	  97	 112	 112	 121	happy	happy_4.png	
CEVR	   1	 231	   7	   0	2.015187e+03	  89	   0	4.011772e-01	3.579647e+01	3072	 104	  97	 112	 112	 121	happy	happy_15.png	
CEVR	   1	 232	   7	   0	2.022032e+03	 147	 147	2.474680e-01	3.625760e+01	1067	 104	  97	 112	 112	 121	happy	happy_20.png	
CEVR	   1	 233	   7	   0	2.028687e+03	 150	   0	2.484174e-01	3.724842e+01	1087	 104	  97	 112	 112	 121	happy	happy_15.png	
CEVR	   1	 234	   7	   0	2.034937e+03	 149	   0	2.478943e-01	3.700000e+01	1076	 104	  97	 112	 112	 121	happy	happy_2.png	
CEVR	   1	 235	   7	   0	2.041293e+03	 152	   0	2.485128e-01	3.774554e+01	1089	 104	  97	 112	 112	 121	happy	happy_8.png	
CEVR	   1	 236	   7	   0	2.048037e+03	 152	   0	2.472318e-01	3.749446e+01	1062	 104	  97	 112	 112	 121	happy	happy_18.png	
CEVR	   1	 237	   7	   0	2.054916e+03	 151	   0	2.505805e-01	3.775174e+01	1132	 104	  97	 112	 112	 121	happy	happy_21.png	
CEVR	   1	 238	   7	   0	2.060921e+03	 144	   0	2.528309e-01	3.649434e+01	1178	 104	  97	 112	 112	 121	happy	happy_12.png	
CEVR	   1	 239	   7	   0	2.067604e+03	 143	   0	2.610887e-01	3.726109e+01	1340	 104	  97	 112	 112	 121	happy	happy_4.png	
CEVR	   1	 240	   7	   0	2.075078e+03	  89	  89	4.351478e-01	3.874059e+01	3324	 104	  97	 112	 112	 121	happy	happy_13.png	
CEVR	   1	 241	   7	   0	2.081716e+03	 143	 143	2.558277e-01	3.648834e+01	1238	 104	  97	 112	 112	 121	happy	happy_19.png	
CEVR	   1	 242	   7	   0	2.089157e+03	  91	   0	4.254271e-01	3.870171e+01	3256	 104	  97	 112	 112	 121	happy	happy_11.png	
CEVR	   1	 243	   7	   0	2.095008e+03	 149	   0	2.478943e-01	3.700000e+01	1076	 104	  97	 112	 112	 121	happy	happy_16.png	
CEVR	   1	 244	   7	   0	2.102083e+03	  91	   0	4.074890e-01	3.700000e+01	3122	 104	  97	 112	 112	 121	happy	happy_6.png	
CEVR	   1	 245	   7	   0	2.109695e+03	  83	   0	4.460903e-01	  37	3397	 104	  97	 112	 112	 121	happy	happy_17.png	
CEVR	   1	 246	   7	   0	2.115404e+03	 157	   0	2.351980e-01	  37	 794	 104	  97	 112	 112	 121	happy	happy_14.png	
CEVR	   1	 247	   7	   0	2.122344e+03	 147	 147	2.462445e-01	3.626127e+01	1041	 104	  97	 112	 112	 121	happy	happy_7.png	
CEVR	   1	 248	   7	   0	2.128686e+03	 146	 146	2.466667e-01	3.601333e+01	1050	 104	  97	 112	 112	 121	happy	happy_9.png	
CEVR	   1	 249	   7	   0	2.134377e+03	 152	   0	2.424640e-01	3.675754e+01	 959	 104	  97	 112	 112	 121	happy	happy_1.png	
CEVR	   1	 250	   7	   0	2.141430e+03	 148	   0	2.480368e-01	3.675196e+01	1079	 104	  97	 112	 112	 121	happy	happy_10.png	
CEVR	   1	 251	   7	   0	2.147829e+03	 153	   0	2.431012e-01	3.724310e+01	 973	 104	  97	 112	 112	 121	happy	happy_3.png	
CEVR	   1	 252	   7	   0	2.154422e+03	 157	   0	2.419204e-01	3.796768e+01	 947	 104	  97	 112	 112	 121	happy	happy_5.png	
#13-May-2013
IEV	   2	 253	   6	   0	3.306354e+01	  63	   0	6.497167e-01	4.095719e+01	2658	 115	  99	 114	  97	 109	scram	scram_3.png	
IEV	   2	 254	   6	   0	3.926966e+01	  25	  25	8.557363e-01	2.108339e+01	1170	 115	  99	 114	  97	 109	scram	scram_17.png	
IEV	   2	 255	   6	   0	4.487013e+01	  30	  30	8.179773e-01	2.455098e+01	1558	 115	  99	 114	  97	 109	scram	scram_18.png	
IEV	   2	 256	   6	   0	5.159383e+01	  40	  40	7.594575e-01	3.007541e+01	2006	 115	  99	 114	  97	 109	scram	scram_2.png	
IEV	   2	 257	   6	   0	5.958885e+01	  95	  95	5.125285e-01	4.890263e+01	3348	 115	  99	 114	  97	 109	scram	scram_13.png	
IEV	   2	 258	   6	   0	6.628476e+01	  97	  97	5.121139e-01	4.943359e+01	3350	 115	  99	 114	  97	 109	scram	scram_9.png	
IEV	   2	 259	   6	   0	7.416440e+01	  94	  94	5.185336e-01	4.862772e+01	3319	 115	  99	 114	  97	 109	scram	scram_8.png	
IEV	   2	 260	   6	   0	8.194704e+01	  94	   0	5.177060e-01	4.866583e+01	3323	 115	  99	 114	  97	 109	scram	scram_7.png	
IEV	   2	 261	   6	   0	8.984510e+01	  92	  92	5.110773e-01	4.692419e+01	3355	 115	  99	 114	  97	 109	scram	scram_4.png	
IEV	   2	 262	   6	   0	9.774321e+01	  96	   0	5.110773e-01	4.896850e+01	3355	 115	  99	 114	  97	 109	scram	scram_14.png	
IEV	   2	 263	   6	   0	1.048920e+02	  97	   0	4.902860e-01	4.743671e+01	3455	 115	  99	 114	  97	 109	scram	scram_12.png	
IEV	   2	 264	   6	   0	1.127401e+02	  98	   0	4.904944e-01	4.791717e+01	3454	 115	  99	 114	  97	 109	scram	scram_1.png	
IEV	   2	 265	   6	   0	1.205463e+02	 109	 109	4.658652e-01	5.091176e+01	3572	 115	  99	 114	  97	 109	scram	scram_10.png	
IEV	   2	 266	   6	   0	1.275493e+02	 110	   0	4.675368e-01	5.131116e+01	3564	 115	  99	 114	  97	 109	scram	scram_16.png	
IEV	   2	 267	   6	   0	1.348330e+02	 103	   0	4.758918e-01	4.907113e+01	3524	 115	  99	 114	  97	 109	scram	scram_20.png	
IEV	   2	 268	   6	   0	1.421400e+02	 107	 107	4.656562e-01	4.998895e+01	3573	 115	  99	 114	  97	 109	scram	scram_11.png	
IEV	   2	 269	   6	   0	1.488754e+02	 107	 107	4.537438e-01	4.867503e+01	3630	 115	  99	 114	  97	 109	scram	scram_21.png	
IEV	   2	 270	   6	   0	1.570767e+02	 108	   0	4.681636e-01	5.034983e+01	3561	 115	  99	 114	  97	 109	scram	scram_6.png	
IEV	   2	 271	   6	   0	1.648435e+02	 104	 104	4.829882e-01	5.020039e+01	3490	 115	  99	 114	  97	 109	scram	scram_5.png	
IEV	   2	 272	   6	   0	1.728761e+02	 110	 110	4.552068e-01	4.997403e+01	3623	 115	  99	 114	  97	 109	scram	scram_19.png	
IEV	   2	 273	   6	   0	1.812918e+02	 103	 103	4.623127e-01	4.781946e+01	3589	 115	  99	 114	  97	 109	scram	scram_15.png	
IEV	   2	 274	   6	   0	1.887983e+02	  43	  43	7.647187e-01	3.267807e+01	1970	 115	  99	 114	  97	 109	scram	scram_12.png	
IEV	   2	 275	   6	   0	1.964442e+02	 109	   0	4.495641e-01	4.886419e+01	3650	 115	  99	 114	  97	 109	scram	scram_14.png	
IEV	   2	 276	   6	   0	2.040646e+02	 104	 104	4.600138e-01	4.792798e+01	3600	 115	  99	 114	  97	 109	scram	scram_18.png	
IEV	   2	 277	   6	   0	2.127589e+02	 109	   0	4.712972e-01	5.116060e+01	3546	 115	  99	 114	  97	 109	scram	scram_6.png	
IEV	   2	 278	   6	   0	2.200887e+02	 113	   0	4.564608e-01	5.174636e+01	3617	 115	  99	 114	  97	 109	scram	scram_4.png	
IEV	   2	 279	   6	   0	2.273025e+02	 108	   0	4.631486e-01	5.009561e+01	3585	 115	  99	 114	  97	 109	scram	scram_7.png	
IEV	   2	 280	   6	   0	2.353165e+02	 111	   0	4.627306e-01	5.150151e+01	3587	 115	  99	 114	  97	 109	scram	scram_5.png	
IEV	   2	 281	   6	   0	2.422897e+02	  97	   0	4.800669e-01	4.648332e+01	3504	 115	  99	 114	  97	 109	scram	scram_8.png	
IEV	   2	 282	   6	   0	2.500083e+02	  96	   0	5.025654e-01	4.834528e+01	3396	 115	  99	 114	  97	 109	scram	scram_17.png	
IEV	   2	 283	   6	   0	2.570497e+02	 111	   0	4.514449e-01	5.013362e+01	3641	 115	  99	 114	  97	 109	scram	scram_15.png	
IEV	   2	 284	   6	   0	2.651703e+02	 111	 111	4.604318e-01	5.113131e+01	3598	 115	  99	 114	  97	 109	scram	scram_13.png	
IEV	   2	 285	   6	   0	2.728889e+02	 108	   0	4.612677e-01	4.971392e+01	3594	 115	  99	 114	  97	 109	scram	scram_3.png	
IEV	   2	 286	   6	   0	2.805305e+02	 112	   0	4.514449e-01	5.058507e+01	3641	 115	  99	 114	  97	 109	scram	scram_9.png	
IEV	   2	 287	   6	   0	2.878170e+02	 106	   0	4.744301e-01	5.008521e+01	3531	 115	  99	 114	  97	 109	scram	scram_10.png	
IEV	   2	 288	   6	   0	2.951506e+02	 107	   0	4.549978e-01	4.861794e+01	3624	 115	  99	 114	  97	 109	scram	scram_11.png	
IEV	   2	 289	   6	   0	3.026580e+02	 102	   0	4.658652e-01	4.765071e+01	3572	 115	  99	 114	  97	 109	scram	scram_16.png	
IEV	   2	 290	   6	   0	3.095858e+02	  98	   0	4.990306e-01	4.900777e+01	3413	 115	  99	 114	  97	 109	scram	scram_21.png	
IEV	   2	 291	   6	   0	3.165814e+02	  49	   0	7.379738e-01	3.630012e+01	2147	 115	  99	 114	  97	 109	scram	scram_19.png	
IEV	   2	 292	   6	   0	3.242949e+02	 110	   0	4.633576e-01	5.101346e+01	3584	 115	  99	 114	  97	 109	scram	scram_20.png	
IEV	   2	 293	   6	   0	3.320176e+02	 112	   0	4.595958e-01	5.162443e+01	3602	 115	  99	 114	  97	 109	scram	scram_2.png	
IEV	   2	 294	   6	   0	3.397196e+02	 101	 101	4.681636e-01	4.707269e+01	3561	 115	  99	 114	  97	 109	scram	scram_1.png	
CEV	   2	 295	   5	   0	4.132506e+02	  48	  48	8.354286e-01	4.034171e+01	 452	 104	  97	 112	 112	 121	happy	happy_14.png	
CEV	   2	 296	   5	   0	4.183555e+02	  48	  48	8.191429e-01	3.945743e+01	 566	 104	  97	 112	 112	 121	happy	happy_20.png	
CEV	   2	 297	   5	   0	4.240142e+02	  51	  51	7.465714e-01	3.774657e+01	1074	 104	  97	 112	 112	 121	happy	happy_1.png	
CEV	   2	 298	   5	   0	4.300076e+02	  47	  47	7.081429e-01	3.345929e+01	1343	 104	  97	 112	 112	 121	happy	happy_10.png	
CEV	   2	 299	   5	   0	4.371106e+02	  49	  49	7.341429e-01	3.626586e+01	1161	 104	  97	 112	 112	 121	happy	happy_8.png	
CEV	   2	 300	   5	   0	4.438356e+02	  60	  60	6.132857e-01	  37	2007	 104	  97	 112	 112	 121	happy	happy_21.png	
CEV	   2	 301	   5	   0	4.511552e+02	  66	  66	5.292857e-01	3.488286e+01	2595	 104	  97	 112	 112	 121	happy	happy_16.png	
CEV	   2	 302	   5	   0	4.580807e+02	  75	  75	4.702857e-01	3.511886e+01	3008	 104	  97	 112	 112	 121	happy	happy_6.png	
CEV	   2	 303	   5	   0	4.659431e+02	  87	   0	4.027143e-01	3.498643e+01	3481	 104	  97	 112	 112	 121	happy	happy_19.png	
CEV	   2	 304	   5	   0	4.740571e+02	  76	   0	4.735714e-01	3.605286e+01	2985	 104	  97	 112	 112	 121	happy	happy_4.png	
CEV	   2	 305	   5	   0	4.819802e+02	  81	   0	4.710000e-01	3.794200e+01	3003	 104	  97	 112	 112	 121	happy	happy_11.png	
CEV	   2	 306	   5	   0	4.887324e+02	  61	  61	6.057143e-01	3.700000e+01	2060	 104	  97	 112	 112	 121	happy	happy_12.png	
CEV	   2	 307	   5	   0	4.954812e+02	  76	   0	4.635714e-01	3.514571e+01	3055	 104	  97	 112	 112	 121	happy	happy_13.png	
CEV	   2	 308	   5	   0	5.024211e+02	  65	   0	6.090000e-01	3.943600e+01	2037	 104	  97	 112	 112	 121	happy	happy_2.png	
CEV	   2	 309	   5	   0	5.088560e+02	  59	  59	6.104286e-01	3.577914e+01	2027	 104	  97	 112	 112	 121	happy	happy_5.png	
CEV	   2	 310	   5	   0	5.162969e+02	  62	   0	6.088571e-01	3.760886e+01	2038	 104	  97	 112	 112	 121	happy	happy_3.png	
CEV	   2	 311	   5	   0	5.231660e+02	  71	  71	5.150000e-01	3.648500e+01	2695	 104	  97	 112	 112	 121	happy	happy_17.png	
CEV	   2	 312	   5	   0	5.306995e+02	  74	  74	5.252857e-01	3.910114e+01	2623	 104	  97	 112	 112	 121	happy	happy_15.png	
CEV	   2	 313	   5	   0	5.369230e+02	  66	  66	5.281429e-01	3.488743e+01	2603	 104	  97	 112	 112	 121	happy	happy_18.png	
CEV	   2	 314	   5	   0	5.436416e+02	  67	   0	5.295714e-01	3.541129e+01	2593	 104	  97	 112	 112	 121	happy	happy_7.png	
CEV	   2	 315	   5	   0	5.503072e+02	  73	  73	5.161429e-01	3.751614e+01	2687	 104	  97	 112	 112	 121	happy	happy_9.png	
CEV	   2	 316	   5	   0	5.577980e+02	  77	   0	5.091429e-01	3.903657e+01	2736	 104	  97	 112	 112	 121	happy	happy_21.png	
CEV	   2	 317	   5	   0	5.647417e+02	  73	  73	5.224286e-01	3.804486e+01	2643	 104	  97	 112	 112	 121	happy	happy_10.png	
CEV	   2	 318	   5	   0	5.718532e+02	  74	   0	5.315714e-01	3.912629e+01	2579	 104	  97	 112	 112	 121	happy	happy_16.png	
CEV	   2	 319	   5	   0	5.793168e+02	  85	   0	4.597143e-01	3.929857e+01	3082	 104	  97	 112	 112	 121	happy	happy_14.png	
CEV	   2	 320	   5	   0	5.861726e+02	  74	  74	5.190000e-01	3.855700e+01	2667	 104	  97	 112	 112	 121	happy	happy_1.png	
CEV	   2	 321	   5	   0	5.935562e+02	  69	  69	5.110000e-01	3.546700e+01	2723	 104	  97	 112	 112	 121	happy	happy_5.png	
CEV	   2	 322	   5	   0	6.018238e+02	  68	  68	5.157143e-01	3.493714e+01	2690	 104	  97	 112	 112	 121	happy	happy_4.png	
CEV	   2	 323	   5	   0	6.088054e+02	  76	  76	5.114286e-01	3.904571e+01	2720	 104	  97	 112	 112	 121	happy	happy_2.png	
CEV	   2	 324	   5	   0	6.164795e+02	  70	  70	5.138571e-01	3.597229e+01	2703	 104	  97	 112	 112	 121	happy	happy_6.png	
CEV	   2	 325	   5	   0	6.238817e+02	  73	   0	5.058571e-01	3.700000e+01	2759	 104	  97	 112	 112	 121	happy	happy_17.png	
CEV	   2	 326	   5	   0	6.301732e+02	  64	   0	5.372857e-01	3.431357e+01	2539	 104	  97	 112	 112	 121	happy	happy_9.png	
CEV	   2	 327	   5	   0	6.375588e+02	  73	   0	5.105714e-01	3.751057e+01	2726	 104	  97	 112	 112	 121	happy	happy_20.png	
CEV	   2	 328	   5	   0	6.453428e+02	  67	  67	5.394286e-01	3.592114e+01	2524	 104	  97	 112	 112	 121	happy	happy_3.png	
CEV	   2	 329	   5	   0	6.521660e+02	  66	  66	5.280000e-01	3.488800e+01	2604	 104	  97	 112	 112	 121	happy	happy_7.png	
CEV	   2	 330	   5	   0	6.587276e+02	  74	  74	5.174286e-01	3.803486e+01	2678	 104	  97	 112	 112	 121	happy	happy_12.png	
CEV	   2	 331	   5	   0	6.668568e+02	  74	  74	5.264286e-01	3.910571e+01	2615	 104	  97	 112	 112	 121	happy	happy_11.png	
CEV	   2	 332	   5	   0	6.733794e+02	  75	   0	5.285714e-01	3.964286e+01	2600	 104	  97	 112	 112	 121	happy	happy_8.png	
CEV	   2	 333	   5	   0	6.809220e+02	  73	   0	5.227143e-01	3.804543e+01	2641	 104	  97	 112	 112	 121	happy	happy_13.png	
CEV	   2	 334	   5	   0	6.885180e+02	  67	  67	5.361429e-01	3.592771e+01	2547	 104	  97	 112	 112	 121	happy	happy_18.png	
CEV	   2	 335	   5	   0	6.953472e+02	  70	   0	5.265714e-01	  37	2614	 104	  97	 112	 112	 121	happy	happy_15.png	
CEV	   2	 336	   5	   0	7.025015e+02	  74	  74	5.194286e-01	3.855829e+01	2664	 104	  97	 112	 112	 121	happy	happy_19.png	
CEVR	   2	 337	   4	   0	7.756926e+02	 137	   0	2.644476e-01	3.620666e+01	1403	 115	  99	 114	  97	 109	scram	scram_12.png	
CEVR	   2	 338	   4	   0	7.816696e+02	 156	   0	2.315394e-01	3.607384e+01	 707	 115	  99	 114	  97	 109	scram	scram_20.png	
CEVR	   2	 339	   4	   0	7.895164e+02	 120	 120	3.044194e-01	3.639116e+01	2046	 115	  99	 114	  97	 109	scram	scram_6.png	
CEVR	   2	 340	   4	   0	7.960796e+02	 118	   0	3.068720e-01	3.607938e+01	2080	 115	  99	 114	  97	 109	scram	scram_17.png	
CEVR	   2	 341	   4	   0	8.030263e+02	 123	   0	3.045626e-01	3.760913e+01	2048	 115	  99	 114	  97	 109	scram	scram_19.png	
CEVR	   2	 342	   4	   0	8.094480e+02	 127	 127	3.010228e-01	3.820409e+01	1998	 115	  99	 114	  97	 109	scram	scram_14.png	
CEVR	   2	 343	   4	   0	8.166902e+02	 124	   0	3.039193e-01	3.760784e+01	2039	 115	  99	 114	  97	 109	scram	scram_3.png	
CEVR	   2	 344	   4	   0	8.231176e+02	 124	 124	3.018648e-01	3.730186e+01	2010	 115	  99	 114	  97	 109	scram	scram_13.png	
CEVR	   2	 345	   4	   0	8.296718e+02	 122	 122	3.055687e-01	3.730557e+01	2062	 115	  99	 114	  97	 109	scram	scram_7.png	
CEVR	   2	 346	   4	   0	8.360969e+02	 119	 119	3.015836e-01	3.579367e+01	2006	 115	  99	 114	  97	 109	scram	scram_2.png	
CEVR	   2	 347	   4	   0	8.429318e+02	 126	 126	3.029949e-01	3.821198e+01	2026	 115	  99	 114	  97	 109	scram	scram_11.png	
CEVR	   2	 348	   4	   0	8.501750e+02	 119	 119	3.041334e-01	3.608760e+01	2042	 115	  99	 114	  97	 109	scram	scram_18.png	
CEVR	   2	 349	   4	   0	8.566275e+02	 120	 120	3.052805e-01	3.669472e+01	2058	 115	  99	 114	  97	 109	scram	scram_21.png	
CEVR	   2	 350	   4	   0	8.635769e+02	 125	 125	3.049211e-01	3.821968e+01	2053	 115	  99	 114	  97	 109	scram	scram_10.png	
CEVR	   2	 351	   4	   0	8.702000e+02	  96	  96	3.701057e-01	3.551958e+01	2801	 115	  99	 114	  97	 109	scram	scram_9.png	
CEVR	   2	 352	   4	   0	8.766518e+02	 104	 104	3.555739e-01	3.700000e+01	2658	 115	  99	 114	  97	 109	scram	scram_5.png	
CEVR	   2	 353	   4	   0	8.832921e+02	 127	   0	3.037054e-01	3.851853e+01	2036	 115	  99	 114	  97	 109	scram	scram_1.png	
CEVR	   2	 354	   4	   0	8.905437e+02	 119	 119	3.052805e-01	3.638944e+01	2058	 115	  99	 114	  97	 109	scram	scram_4.png	
CEVR	   2	 355	   4	   0	8.971097e+02	 118	 118	3.074549e-01	3.638509e+01	2088	 115	  99	 114	  97	 109	scram	scram_8.png	
CEVR	   2	 356	   4	   0	9.045323e+02	 123	   0	3.011628e-01	3.700000e+01	2000	 115	  99	 114	  97	 109	scram	scram_15.png	
CEVR	   2	 357	   4	   0	9.118766e+02	 123	 123	3.041334e-01	3.730413e+01	2042	 115	  99	 114	  97	 109	scram	scram_16.png	
CEVR	   2	 358	   4	   0	9.192221e+02	 118	   0	3.044909e-01	3.578204e+01	2047	 115	  99	 114	  97	 109	scram	scram_6.png	
CEVR	   2	 359	   4	   0	9.266697e+02	 125	   0	3.046342e-01	3.821854e+01	2049	 115	  99	 114	  97	 109	scram	scram_7.png	
CEVR	   2	 360	   4	   0	9.330160e+02	 118	   0	3.044909e-01	3.578204e+01	2047	 115	  99	 114	  97	 109	scram	scram_1.png	
CEVR	   2	 361	   4	   0	9.402625e+02	 119	 119	3.047059e-01	3.639059e+01	2050	 115	  99	 114	  97	 109	scram	scram_16.png	
CEVR	   2	 362	   4	   0	9.475864e+02	 102	 102	3.701057e-01	3.774021e+01	2801	 115	  99	 114	  97	 109	scram	scram_15.png	
CEVR	   2	 363	   4	   0	9.540379e+02	 116	   0	3.051367e-01	3.547432e+01	2056	 115	  99	 114	  97	 109	scram	scram_10.png	
CEVR	   2	 364	   4	   0	9.608788e+02	 123	   0	3.036342e-01	3.730363e+01	2035	 115	  99	 114	  97	 109	scram	scram_18.png	
CEVR	   2	 365	   4	   0	9.680743e+02	 104	   0	3.641732e-01	3.772835e+01	2744	 115	  99	 114	  97	 109	scram	scram_8.png	
CEVR	   2	 366	   4	   0	9.747011e+02	 126	 126	3.017241e-01	3.790517e+01	2008	 115	  99	 114	  97	 109	scram	scram_13.png	
CEVR	   2	 367	   4	   0	9.820382e+02	 124	   0	3.032077e-01	3.760642e+01	2029	 115	  99	 114	  97	 109	scram	scram_20.png	
CEVR	   2	 368	   4	   0	9.895650e+02	 122	 122	3.015836e-01	3.669842e+01	2006	 115	  99	 114	  97	 109	scram	scram_12.png	
CEVR	   2	 369	   4	   0	9.966020e+02	 125	   0	3.031367e-01	3.790941e+01	2028	 115	  99	 114	  97	 109	scram	scram_17.png	
CEVR	   2	 370	   4	   0	1.003211e+03	 125	   0	2.992144e-01	3.729921e+01	1972	 115	  99	 114	  97	 109	scram	scram_14.png	
CEVR	   2	 371	   4	   0	1.009683e+03	 117	 117	3.049211e-01	3.578032e+01	2053	 115	  99	 114	  97	 109	scram	scram_3.png	
CEVR	   2	 372	   4	   0	1.016309e+03	 123	   0	3.006733e-01	3.700000e+01	1993	 115	  99	 114	  97	 109	scram	scram_21.png	
CEVR	   2	 373	   4	   0	1.023358e+03	 125	   0	3.049211e-01	3.821968e+01	2053	 115	  99	 114	  97	 109	scram	scram_5.png	
CEVR	   2	 374	   4	   0	1.029406e+03	 123	 123	3.047059e-01	3.760941e+01	2050	 115	  99	 114	  97	 109	scram	scram_19.png	
CEVR	   2	 375	   4	   0	1.036229e+03	 119	 119	3.010228e-01	3.579591e+01	1998	 115	  99	 114	  97	 109	scram	scram_9.png	
CEVR	   2	 376	   4	   0	1.043447e+03	 126	   0	3.005338e-01	3.790160e+01	1991	 115	  99	 114	  97	 109	scram	scram_4.png	
CEVR	   2	 377	   4	   0	1.050015e+03	 122	 122	3.073090e-01	3.761462e+01	2086	 115	  99	 114	  97	 109	scram	scram_2.png	
CEVR	   2	 378	   4	   0	1.056662e+03	 123	 123	3.046342e-01	3.760927e+01	2049	 115	  99	 114	  97	 109	scram	scram_11.png	
IEV	   2	 379	   3	   0	1.127088e+03	  55	  55	6.591663e-01	3.640404e+01	2607	 102	 101	  97	 114	fear	fear_17.png	
IEV	   2	 380	   3	   0	1.134175e+03	  62	   0	6.367400e-01	3.921160e+01	2727	 102	 101	  97	 114	fear	fear_9.png	
IEV	   2	 381	   3	   0	1.142052e+03	  82	   0	5.617822e-01	4.597182e+01	3108	 102	 101	  97	 114	fear	fear_11.png	
IEV	   2	 382	   3	   0	1.147688e+03	  26	  26	8.668254e-01	2.222854e+01	1023	 102	 101	  97	 114	fear	fear_12.png	
IEV	   2	 383	   3	   0	1.154211e+03	  39	   0	7.884079e-01	3.062892e+01	1799	 102	 101	  97	 114	fear	fear_8.png	
IEV	   2	 384	   3	   0	1.162415e+03	 109	 109	4.683725e-01	5.127782e+01	3560	 102	 101	  97	 114	fear	fear_10.png	
IEV	   2	 385	   3	   0	1.170200e+03	 102	 102	4.758918e-01	4.859524e+01	3524	 102	 101	  97	 114	fear	fear_14.png	
IEV	   2	 386	   3	   0	1.177916e+03	 109	   0	4.625217e-01	5.058470e+01	3588	 102	 101	  97	 114	fear	fear_4.png	
IEV	   2	 387	   3	   0	1.184901e+03	 106	 106	4.775621e-01	5.042903e+01	3516	 102	 101	  97	 114	fear	fear_21.png	
IEV	   2	 388	   3	   0	1.193291e+03	 101	 101	4.740125e-01	4.773291e+01	3533	 102	 101	  97	 114	fear	fear_2.png	
IEV	   2	 389	   3	   0	1.201018e+03	 112	 112	4.585508e-01	5.120663e+01	3607	 102	 101	  97	 114	fear	fear_18.png	
IEV	   2	 390	   3	   0	1.208898e+03	 101	   0	4.783971e-01	4.848045e+01	3512	 102	 101	  97	 114	fear	fear_6.png	
IEV	   2	 391	   3	   0	1.215511e+03	 104	   0	4.641935e-01	4.819447e+01	3580	 102	 101	  97	 114	fear	fear_7.png	
IEV	   2	 392	   3	   0	1.223301e+03	 104	 104	4.744301e-01	4.913635e+01	3531	 102	 101	  97	 114	fear	fear_5.png	
IEV	   2	 393	   3	   0	1.231703e+03	 108	 108	4.685814e-01	5.080089e+01	3559	 102	 101	  97	 114	fear	fear_15.png	
IEV	   2	 394	   3	   0	1.239387e+03	 101	 101	4.769358e-01	4.807055e+01	3519	 102	 101	  97	 114	fear	fear_13.png	
IEV	   2	 395	   3	   0	1.246394e+03	 106	 106	4.664921e-01	4.948677e+01	3569	 102	 101	  97	 114	fear	fear_20.png	
IEV	   2	 396	   3	   0	1.254206e+03	 106	 106	4.650294e-01	4.908561e+01	3576	 102	 101	  97	 114	fear	fear_1.png	
IEV	   2	 397	   3	   0	1.261874e+03	 140	   0	3.702835e-01	5.175602e+01	4032	 102	 101	  97	 114	fear	fear_19.png	
IEV	   2	 398	   3	   0	1.269874e+03	 104	   0	4.671189e-01	4.852509e+01	3566	 102	 101	  97	 114	fear	fear_3.png	
IEV	   2	 399	   3	   0	1.277631e+03	 105	 105	4.848656e-01	5.109031e+01	3481	 102	 101	  97	 114	fear	fear_16.png	
IEV	   2	 400	   3	   0	1.285142e+03	 110	   0	4.616857e-01	5.061922e+01	3592	 102	 101	  97	 114	fear	fear_10.png	
IEV	   2	 401	   3	   0	1.293840e+03	 105	   0	4.679546e-01	4.895473e+01	3562	 102	 101	  97	 114	fear	fear_15.png	
IEV	   2	 402	   3	   0	1.301239e+03	 101	   0	4.683725e-01	4.753084e+01	3560	 102	 101	  97	 114	fear	fear_7.png	
IEV	   2	 403	   3	   0	1.308452e+03	 105	 105	4.610587e-01	4.833978e+01	3595	 102	 101	  97	 114	fear	fear_6.png	
IEV	   2	 404	   3	   0	1.315925e+03	 105	   0	4.783971e-01	5.039404e+01	3512	 102	 101	  97	 114	fear	fear_21.png	
IEV	   2	 405	   3	   0	1.323180e+03	 146	   0	3.723347e-01	5.428364e+01	4022	 102	 101	  97	 114	fear	fear_20.png	
IEV	   2	 406	   3	   0	1.330469e+03	 103	 103	4.708794e-01	4.835212e+01	3548	 102	 101	  97	 114	fear	fear_3.png	
IEV	   2	 407	   3	   0	1.338440e+03	 104	 104	4.792321e-01	4.987975e+01	3508	 102	 101	  97	 114	fear	fear_1.png	
IEV	   2	 408	   3	   0	1.346324e+03	 104	   0	4.735948e-01	4.917353e+01	3535	 102	 101	  97	 114	fear	fear_18.png	
IEV	   2	 409	   3	   0	1.353032e+03	 103	 103	4.639845e-01	4.774020e+01	3581	 102	 101	  97	 114	fear	fear_9.png	
IEV	   2	 410	   3	   0	1.360585e+03	 103	   0	4.867424e-01	5.004044e+01	3472	 102	 101	  97	 114	fear	fear_2.png	
IEV	   2	 411	   3	   0	1.368394e+03	 103	 103	4.633576e-01	4.776995e+01	3584	 102	 101	  97	 114	fear	fear_16.png	
IEV	   2	 412	   3	   0	1.375692e+03	 101	 101	4.700438e-01	4.745059e+01	3552	 102	 101	  97	 114	fear	fear_14.png	
IEV	   2	 413	   3	   0	1.383678e+03	 103	   0	4.725505e-01	4.874735e+01	3540	 102	 101	  97	 114	fear	fear_11.png	
IEV	   2	 414	   3	   0	1.390638e+03	 103	   0	4.838227e-01	4.968114e+01	3486	 102	 101	  97	 114	fear	fear_8.png	
IEV	   2	 415	   3	   0	1.398125e+03	 100	   0	4.725505e-01	4.732970e+01	3540	 102	 101	  97	 114	fear	fear_19.png	
IEV	   2	 416	   3	   0	1.405542e+03	 104	 104	4.600138e-01	4.792798e+01	3600	 102	 101	  97	 114	fear	fear_13.png	
IEV	   2	 417	   3	   0	1.412750e+03	 103	 103	4.639845e-01	4.774020e+01	3581	 102	 101	  97	 114	fear	fear_5.png	
IEV	   2	 418	   3	   0	1.420452e+03	 103	 103	4.658652e-01	4.811657e+01	3572	 102	 101	  97	 114	fear	fear_17.png	
IEV	   2	 419	   3	   0	1.428246e+03	 103	 103	4.700438e-01	4.839068e+01	3552	 102	 101	  97	 114	fear	fear_12.png	
IEV	   2	 420	   3	   0	1.436149e+03	 103	 103	4.656562e-01	4.812632e+01	3573	 102	 101	  97	 114	fear	fear_4.png	
DEV	   2	 421	   2	   0	1.508767e+03	  79	   0	6.346520e-01	4.993768e+01	1052	 104	  97	 112	 112	 121	happy	happy_6.png	
DEV	   2	 422	   2	   0	1.515804e+03	  73	  73	7.294580e-01	5.325354e+01	 640	 104	  97	 112	 112	 121	happy	happy_14.png	
DEV	   2	 423	   2	   0	1.521980e+03	  73	  73	5.810252e-01	4.246638e+01	1316	 104	  97	 112	 112	 121	happy	happy_4.png	
DEV	   2	 424	   2	   0	1.528824e+03	  83	   0	4.609788e-01	3.835549e+01	2053	 104	  97	 112	 112	 121	happy	happy_9.png	
DEV	   2	 425	   2	   0	1.535236e+03	  80	  80	4.696213e-01	3.755701e+01	1990	 104	  97	 112	 112	 121	happy	happy_21.png	
DEV	   2	 426	   2	   0	1.542675e+03	  78	   0	3.922484e-01	3.065391e+01	2644	 104	  97	 112	 112	 121	happy	happy_8.png	
DEV	   2	 427	   2	   0	1.550561e+03	  86	  86	4.034254e-01	3.462109e+01	2535	 104	  97	 112	 112	 121	happy	happy_1.png	
DEV	   2	 428	   2	   0	1.558086e+03	  80	   0	3.579675e-01	2.871044e+01	3016	 104	  97	 112	 112	 121	happy	happy_12.png	
DEV	   2	 429	   2	   0	1.565081e+03	  77	   0	4.014341e-01	3.086081e+01	2554	 104	  97	 112	 112	 121	happy	happy_15.png	
DEV	   2	 430	   2	   0	1.572552e+03	  80	   0	4.063942e-01	3.240218e+01	2507	 104	  97	 112	 112	 121	happy	happy_5.png	
DEV	   2	 431	   2	   0	1.579735e+03	  80	   0	4.035307e-01	3.220770e+01	2534	 104	  97	 112	 112	 121	happy	happy_13.png	
DEV	   2	 432	   2	   0	1.586595e+03	  77	  77	4.323237e-01	3.328463e+01	2278	 104	  97	 112	 112	 121	happy	happy_16.png	
DEV	   2	 433	   2	   0	1.593788e+03	  76	   0	4.751137e-01	3.602641e+01	1951	 104	  97	 112	 112	 121	happy	happy_11.png	
DEV	   2	 434	   2	   0	1.600158e+03	  84	  84	4.293422e-01	3.609637e+01	2303	 104	  97	 112	 112	 121	happy	happy_19.png	
DEV	   2	 435	   2	   0	1.606835e+03	  82	  82	4.282782e-01	3.516318e+01	2312	 104	  97	 112	 112	 121	happy	happy_20.png	
DEV	   2	 436	   2	   0	1.614111e+03	  80	   0	4.273367e-01	3.424254e+01	2320	 104	  97	 112	 112	 121	happy	happy_10.png	
DEV	   2	 437	   2	   0	1.621573e+03	  81	  81	4.310071e-01	3.492318e+01	2289	 104	  97	 112	 112	 121	happy	happy_18.png	
DEV	   2	 438	   2	   0	1.628454e+03	  78	   0	4.271019e-01	3.337235e+01	2322	 104	  97	 112	 112	 121	happy	happy_3.png	
DEV	   2	 439	   2	   0	1.635726e+03	  79	  79	4.286323e-01	3.390209e+01	2309	 104	  97	 112	 112	 121	happy	happy_7.png	
DEV	   2	 440	   2	   0	1.642261e+03	  82	   0	4.143330e-01	3.376841e+01	2434	 104	  97	 112	 112	 121	happy	happy_17.png	
DEV	   2	 441	   2	   0	1.648960e+03	  79	   0	4.225719e-01	3.349515e+01	2361	 104	  97	 112	 112	 121	happy	happy_2.png	
DEV	   2	 442	   2	   0	1.655732e+03	  76	  76	4.286323e-01	3.261619e+01	2309	 104	  97	 112	 112	 121	happy	happy_18.png	
DEV	   2	 443	   2	   0	1.663692e+03	  78	  78	4.313654e-01	3.365379e+01	2286	 104	  97	 112	 112	 121	happy	happy_19.png	
DEV	   2	 444	   2	   0	1.670374e+03	  82	   0	4.274542e-01	3.510545e+01	2319	 104	  97	 112	 112	 121	happy	happy_3.png	
DEV	   2	 445	   2	   0	1.676535e+03	  84	   0	4.312459e-01	3.623339e+01	2287	 104	  97	 112	 112	 121	happy	happy_20.png	
DEV	   2	 446	   2	   0	1.683274e+03	  78	   0	4.141116e-01	3.209656e+01	2436	 104	  97	 112	 112	 121	happy	happy_15.png	
DEV	   2	 447	   2	   0	1.690849e+03	  83	   0	4.281603e-01	3.558308e+01	2313	 104	  97	 112	 112	 121	happy	happy_12.png	
DEV	   2	 448	   2	   0	1.698643e+03	  82	  82	4.232629e-01	3.481140e+01	2355	 104	  97	 112	 112	 121	happy	happy_6.png	
DEV	   2	 449	   2	   0	1.704806e+03	  82	   0	4.308877e-01	3.534584e+01	2290	 104	  97	 112	 112	 121	happy	happy_16.png	
DEV	   2	 450	   2	   0	1.711461e+03	  77	  77	4.329247e-01	3.332363e+01	2273	 104	  97	 112	 112	 121	happy	happy_14.png	
DEV	   2	 451	   2	   0	1.718557e+03	  83	  83	4.244193e-01	3.531702e+01	2345	 104	  97	 112	 112	 121	happy	happy_10.png	
DEV	   2	 452	   2	   0	1.724841e+03	  77	   0	4.256983e-01	3.285385e+01	2334	 104	  97	 112	 112	 121	happy	happy_7.png	
DEV	   2	 453	   2	   0	1.732716e+03	  84	   0	4.283962e-01	3.602824e+01	2311	 104	  97	 112	 112	 121	happy	happy_4.png	
DEV	   2	 454	   2	   0	1.738930e+03	  82	  82	4.205117e-01	3.461803e+01	2379	 104	  97	 112	 112	 121	happy	happy_21.png	
DEV	   2	 455	   2	   0	1.745523e+03	  85	   0	4.237248e-01	3.611501e+01	2351	 104	  97	 112	 112	 121	happy	happy_8.png	
DEV	   2	 456	   2	   0	1.751611e+03	  82	  82	4.258149e-01	3.499052e+01	2333	 104	  97	 112	 112	 121	happy	happy_17.png	
DEV	   2	 457	   2	   0	1.758393e+03	  83	   0	4.263990e-01	3.545788e+01	2328	 104	  97	 112	 112	 121	happy	happy_13.png	
DEV	   2	 458	   2	   0	1.765593e+03	  76	   0	4.231476e-01	3.226442e+01	2356	 104	  97	 112	 112	 121	happy	happy_11.png	
DEV	   2	 459	   2	   0	1.772430e+03	  78	   0	4.368081e-01	3.401209e+01	2241	 104	  97	 112	 112	 121	happy	happy_1.png	
DEV	   2	 460	   2	   0	1.779340e+03	  79	  79	4.201701e-01	3.333350e+01	2382	 104	  97	 112	 112	 121	happy	happy_9.png	
DEV	   2	 461	   2	   0	1.786528e+03	  77	  77	4.253488e-01	3.283108e+01	2337	 104	  97	 112	 112	 121	happy	happy_5.png	
DEV	   2	 462	   2	   0	1.793512e+03	  75	   0	4.261652e-01	3.203193e+01	2330	 104	  97	 112	 112	 121	happy	happy_2.png	
CEV	   2	 463	   1	   0	1.870843e+03	  53	   0	7.232857e-01	3.844657e+01	1237	 102	 101	  97	 114	fear	fear_5.png	
CEV	   2	 464	   1	   0	1.877787e+03	  43	   0	8.087143e-01	3.457386e+01	 639	 102	 101	  97	 114	fear	fear_11.png	
CEV	   2	 465	   1	   0	1.884847e+03	  49	  49	8.025714e-01	3.940771e+01	 682	 102	 101	  97	 114	fear	fear_8.png	
CEV	   2	 466	   1	   0	1.892010e+03	  67	  67	5.444286e-01	3.645557e+01	2489	 102	 101	  97	 114	fear	fear_21.png	
CEV	   2	 467	   1	   0	1.898650e+03	  67	  67	5.811429e-01	3.874343e+01	2232	 102	 101	  97	 114	fear	fear_4.png	
CEV	   2	 468	   1	   0	1.905159e+03	  51	   0	6.748571e-01	3.430057e+01	1576	 102	 101	  97	 114	fear	fear_9.png	
CEV	   2	 469	   1	   0	1.912887e+03	  81	   0	4.687143e-01	3.793743e+01	3019	 102	 101	  97	 114	fear	fear_17.png	
CEV	   2	 470	   1	   0	1.920259e+03	  94	   0	3.988571e-01	3.739886e+01	3508	 102	 101	  97	 114	fear	fear_16.png	
CEV	   2	 471	   1	   0	1.926942e+03	  64	   0	5.670000e-01	3.643300e+01	2331	 102	 101	  97	 114	fear	fear_2.png	
CEV	   2	 472	   1	   0	1.933391e+03	  51	   0	6.917143e-01	3.561657e+01	1458	 102	 101	  97	 114	fear	fear_10.png	
CEV	   2	 473	   1	   0	1.939790e+03	  50	   0	7.931429e-01	3.937943e+01	 748	 102	 101	  97	 114	fear	fear_19.png	
CEV	   2	 474	   1	   0	1.945536e+03	  49	  49	7.502857e-01	  37	1048	 102	 101	  97	 114	fear	fear_6.png	
CEV	   2	 475	   1	   0	1.952255e+03	  56	  56	7.282857e-01	4.064143e+01	1202	 102	 101	  97	 114	fear	fear_13.png	
CEV	   2	 476	   1	   0	1.958930e+03	  48	   0	7.124286e-01	3.415029e+01	1313	 102	 101	  97	 114	fear	fear_7.png	
CEV	   2	 477	   1	   0	1.964415e+03	  51	  51	7.381429e-01	3.773814e+01	1133	 102	 101	  97	 114	fear	fear_1.png	
CEV	   2	 478	   1	   0	1.970699e+03	  55	  55	7.397143e-01	4.069857e+01	1122	 102	 101	  97	 114	fear	fear_14.png	
CEV	   2	 479	   1	   0	1.977630e+03	  53	  53	7.260000e-01	3.845200e+01	1218	 102	 101	  97	 114	fear	fear_20.png	
CEV	   2	 480	   1	   0	1.983542e+03	  50	  50	7.307143e-01	3.626929e+01	1185	 102	 101	  97	 114	fear	fear_18.png	
CEV	   2	 481	   1	   0	1.990070e+03	  46	  46	7.257143e-01	3.337143e+01	1220	 102	 101	  97	 114	fear	fear_15.png	
CEV	   2	 482	   1	   0	1.996290e+03	  48	  48	7.278571e-01	3.481643e+01	1205	 102	 101	  97	 114	fear	fear_12.png	
CEV	   2	 483	   1	   0	2.003600e+03	  50	   0	7.311429e-01	3.626886e+01	1182	 102	 101	  97	 114	fear	fear_3.png	
CEV	   2	 484	   1	   0	2.010547e+03	  53	  53	7.218571e-01	3.844371e+01	1247	 102	 101	  97	 114	fear	fear_2.png	
CEV	   2	 485	   1	   0	2.017284e+03	  48	   0	7.235714e-01	3.482929e+01	1235	 102	 101	  97	 114	fear	fear_3.png	
CEV	   2	 486	   1	   0	2.024217e+03	  49	   0	7.244286e-01	3.555114e+01	1229	 102	 101	  97	 114	fear	fear_19.png	
CEV	   2	 487	   1	   0	2.030389e+03	  47	  47	7.417143e-01	3.477486e+01	1108	 102	 101	  97	 114	fear	fear_20.png	
CEV	   2	 488	   1	   0	2.036398e+03	  47	  47	7.310000e-01	3.407600e+01	1183	 102	 101	  97	 114	fear	fear_13.png	
CEV	   2	 489	   1	   0	2.042426e+03	  48	  48	7.258571e-01	3.482243e+01	1219	 102	 101	  97	 114	fear	fear_18.png	
CEV	   2	 490	   1	   0	2.048096e+03	  54	  54	7.140000e-01	3.842800e+01	1302	 102	 101	  97	 114	fear	fear_16.png	
CEV	   2	 491	   1	   0	2.054687e+03	  52	  52	7.364286e-01	3.847286e+01	1145	 102	 101	  97	 114	fear	fear_7.png	
CEV	   2	 492	   1	   0	2.061540e+03	  52	  52	7.191429e-01	3.771914e+01	1266	 102	 101	  97	 114	fear	fear_5.png	
CEV	   2	 493	   1	   0	2.067596e+03	  56	   0	7.177143e-01	3.987086e+01	1276	 102	 101	  97	 114	fear	fear_14.png	
CEV	   2	 494	   1	   0	2.073701e+03	  52	   0	7.342857e-01	3.846857e+01	1160	 102	 101	  97	 114	fear	fear_15.png	
CEV	   2	 495	   1	   0	2.080349e+03	  63	   0	5.775714e-01	3.642243e+01	2257	 102	 101	  97	 114	fear	fear_17.png	
CEV	   2	 496	   1	   0	2.087172e+03	  59	  59	6.420000e-01	3.764200e+01	1806	 102	 101	  97	 114	fear	fear_12.png	
CEV	   2	 497	   1	   0	2.093647e+03	  57	  57	6.267143e-01	3.574657e+01	1913	 102	 101	  97	 114	fear	fear_11.png	
CEV	   2	 498	   1	   0	2.099625e+03	  59	  59	6.262857e-01	  37	1916	 102	 101	  97	 114	fear	fear_9.png	
CEV	   2	 499	   1	   0	2.106486e+03	  62	   0	6.307143e-01	3.889214e+01	1885	 102	 101	  97	 114	fear	fear_6.png	
CEV	   2	 500	   1	   0	2.113575e+03	  54	  54	6.238571e-01	3.388071e+01	1933	 102	 101	  97	 114	fear	fear_1.png	
CEV	   2	 501	   1	   0	2.120450e+03	  55	   0	6.271429e-01	3.449143e+01	1910	 102	 101	  97	 114	fear	fear_21.png	
CEV	   2	 502	   1	   0	2.127110e+03	  64	  64	6.308571e-01	4.015429e+01	1884	 102	 101	  97	 114	fear	fear_8.png	
CEV	   2	 503	   1	   0	2.134039e+03	  62	  62	6.398571e-01	3.955943e+01	1821	 102	 101	  97	 114	fear	fear_4.png	
CEV	   2	 504	   1	   0	2.140660e+03	  60	   0	6.422857e-01	3.828457e+01	1804	 102	 101	  97	 114	fear	fear_10.png	
