#Subj:	10945
#Run:	1
#Age:	26
#Gender:	female
#16-Jul-2013
Func	Run	Trial	Block	Null	trialStartTime	Mag	ScoreInc	Freq	EV	RT	Emotion	Image
CEV	   1	   1	  12	   0	1.377698e+02	  51	   0	7.501429e-01	3.850029e+01	1049	 115	  99	 114	  97	 109	scram	scram_16.png	
CEV	   1	   2	  12	   0	1.448157e+02	  62	  62	6.130000e-01	3.822600e+01	2009	 115	  99	 114	  97	 109	scram	scram_8.png	
CEV	   1	   3	  12	   0	1.525667e+02	  80	  80	4.717143e-01	3.794343e+01	2998	 115	  99	 114	  97	 109	scram	scram_15.png	
CEV	   1	   4	  12	   0	1.595173e+02	  99	  99	3.828571e-01	3.776571e+01	3620	 115	  99	 114	  97	 109	scram	scram_12.png	
CEV	   1	   5	  12	   0	1.679830e+02	 104	 104	3.495714e-01	3.630086e+01	3853	 115	  99	 114	  97	 109	scram	scram_3.png	
CEV	   1	   6	  12	   0	1.752307e+02	  65	   0	5.332857e-01	3.486686e+01	2567	 115	  99	 114	  97	 109	scram	scram_2.png	
CEV	   1	   7	  12	   0	1.830554e+02	 108	 108	3.505714e-01	3.770114e+01	3846	 115	  99	 114	  97	 109	scram	scram_5.png	
CEV	   1	   8	  12	   0	1.909441e+02	 106	 106	3.648571e-01	3.882429e+01	3746	 115	  99	 114	  97	 109	scram	scram_18.png	
CEV	   1	   9	  12	   0	1.984103e+02	 105	   0	3.491429e-01	3.665086e+01	3856	 115	  99	 114	  97	 109	scram	scram_7.png	
CEV	   1	  10	  12	   0	2.063684e+02	 108	   0	3.515714e-01	3.805471e+01	3839	 115	  99	 114	  97	 109	scram	scram_21.png	
CEV	   1	  11	  12	   0	2.147156e+02	  87	   0	4.097143e-01	3.577086e+01	3432	 115	  99	 114	  97	 109	scram	scram_6.png	
CEV	   1	  12	  12	   0	2.214362e+02	  59	   0	6.151429e-01	3.638486e+01	1994	 115	  99	 114	  97	 109	scram	scram_19.png	
CEV	   1	  13	  12	   0	2.278915e+02	  50	  50	7.651429e-01	3.853029e+01	 944	 115	  99	 114	  97	 109	scram	scram_9.png	
CEV	   1	  14	  12	   0	2.340073e+02	  42	  42	8.488571e-01	3.530229e+01	 358	 115	  99	 114	  97	 109	scram	scram_20.png	
CEV	   1	  15	  12	   0	2.397831e+02	  48	  48	8.021429e-01	3.860429e+01	 685	 115	  99	 114	  97	 109	scram	scram_17.png	
CEV	   1	  16	  12	   0	2.465263e+02	  49	  49	6.944286e-01	3.422229e+01	1439	 115	  99	 114	  97	 109	scram	scram_11.png	
CEV	   1	  17	  12	   0	2.522046e+02	  61	  61	6.581429e-01	4.029071e+01	1693	 115	  99	 114	  97	 109	scram	scram_14.png	
CEV	   1	  18	  12	   0	2.581697e+02	  59	  59	6.334286e-01	3.763343e+01	1866	 115	  99	 114	  97	 109	scram	scram_10.png	
CEV	   1	  19	  12	   0	2.655464e+02	  71	  71	5.420000e-01	3.862600e+01	2506	 115	  99	 114	  97	 109	scram	scram_13.png	
CEV	   1	  20	  12	   0	2.738300e+02	  80	   0	4.625714e-01	3.700000e+01	3062	 115	  99	 114	  97	 109	scram	scram_1.png	
CEV	   1	  21	  12	   0	2.810279e+02	  71	   0	5.484286e-01	3.919371e+01	2461	 115	  99	 114	  97	 109	scram	scram_4.png	
CEV	   1	  22	  12	   0	2.883390e+02	  74	  74	5.028571e-01	  37	2780	 115	  99	 114	  97	 109	scram	scram_12.png	
CEV	   1	  23	  12	   0	2.954736e+02	  69	  69	5.085714e-01	3.496571e+01	2740	 115	  99	 114	  97	 109	scram	scram_3.png	
CEV	   1	  24	  12	   0	3.038223e+02	  79	  79	4.865714e-01	3.845971e+01	2894	 115	  99	 114	  97	 109	scram	scram_2.png	
CEV	   1	  25	  12	   0	3.115427e+02	  80	  80	4.794286e-01	3.843829e+01	2944	 115	  99	 114	  97	 109	scram	scram_11.png	
CEV	   1	  26	  12	   0	3.181401e+02	  80	  80	4.851429e-01	3.894057e+01	2904	 115	  99	 114	  97	 109	scram	scram_9.png	
CEV	   1	  27	  12	   0	3.243164e+02	  48	  48	7.232857e-01	3.483014e+01	1237	 115	  99	 114	  97	 109	scram	scram_5.png	
CEV	   1	  28	  12	   0	3.324793e+02	 107	   0	3.474286e-01	3.734743e+01	3868	 115	  99	 114	  97	 109	scram	scram_21.png	
CEV	   1	  29	  12	   0	3.395921e+02	  75	   0	4.844286e-01	3.651557e+01	2909	 115	  99	 114	  97	 109	scram	scram_20.png	
CEV	   1	  30	  12	   0	3.464222e+02	  49	  49	7.788571e-01	3.777886e+01	 848	 115	  99	 114	  97	 109	scram	scram_19.png	
CEV	   1	  31	  12	   0	3.535321e+02	  59	  59	6.688571e-01	3.967543e+01	1618	 115	  99	 114	  97	 109	scram	scram_10.png	
CEV	   1	  32	  12	   0	3.598120e+02	  60	   0	6.435714e-01	3.893071e+01	1795	 115	  99	 114	  97	 109	scram	scram_8.png	
CEV	   1	  33	  12	   0	3.649127e+02	  43	  43	8.488571e-01	3.615114e+01	 358	 115	  99	 114	  97	 109	scram	scram_6.png	
CEV	   1	  34	  12	   0	3.706989e+02	  43	  43	7.822857e-01	3.387086e+01	 824	 115	  99	 114	  97	 109	scram	scram_14.png	
CEV	   1	  35	  12	   0	3.770546e+02	  53	   0	6.971429e-01	  37	1420	 115	  99	 114	  97	 109	scram	scram_15.png	
CEV	   1	  36	  12	   0	3.839585e+02	  80	  80	4.874286e-01	3.894971e+01	2888	 115	  99	 114	  97	 109	scram	scram_7.png	
CEV	   1	  37	  12	   0	3.914877e+02	  79	  79	4.764286e-01	3.747643e+01	2965	 115	  99	 114	  97	 109	scram	scram_4.png	
CEV	   1	  38	  12	   0	3.991089e+02	  72	  72	4.811429e-01	3.459429e+01	2932	 115	  99	 114	  97	 109	scram	scram_18.png	
CEV	   1	  39	  12	   0	4.054716e+02	  75	   0	4.715714e-01	3.558529e+01	2999	 115	  99	 114	  97	 109	scram	scram_16.png	
CEV	   1	  40	  12	   0	4.139679e+02	  92	   0	3.947143e-01	3.621057e+01	3537	 115	  99	 114	  97	 109	scram	scram_13.png	
CEV	   1	  41	  12	   0	4.213995e+02	  69	   0	5.161429e-01	3.545157e+01	2687	 115	  99	 114	  97	 109	scram	scram_1.png	
CEV	   1	  42	  12	   0	4.275492e+02	  44	  44	8.028571e-01	3.539429e+01	 680	 115	  99	 114	  97	 109	scram	scram_17.png	
DEV	   1	  43	  11	   0	5.027102e+02	  86	   0	3.097271e-01	2.654817e+01	3622	 102	 101	  97	 114	fear	fear_7.png	
DEV	   1	  44	  11	   0	5.098839e+02	  82	  82	3.543165e-01	2.916701e+01	3059	 102	 101	  97	 114	fear	fear_13.png	
DEV	   1	  45	  11	   0	5.172746e+02	  78	   0	3.882907e-01	3.039079e+01	2684	 102	 101	  97	 114	fear	fear_18.png	
DEV	   1	  46	  11	   0	5.234297e+02	  76	   0	4.667091e-01	3.549357e+01	2011	 102	 101	  97	 114	fear	fear_16.png	
DEV	   1	  47	  11	   0	5.297863e+02	  77	   0	5.568987e-01	4.271912e+01	1445	 102	 101	  97	 114	fear	fear_11.png	
DEV	   1	  48	  11	   0	5.360986e+02	  70	  70	6.642594e-01	4.642062e+01	 917	 102	 101	  97	 114	fear	fear_6.png	
DEV	   1	  49	  11	   0	5.417388e+02	  69	   0	6.892161e-01	4.768369e+01	 808	 102	 101	  97	 114	fear	fear_17.png	
DEV	   1	  50	  11	   0	5.475874e+02	  65	  65	7.917665e-01	5.145302e+01	 395	 102	 101	  97	 114	fear	fear_9.png	
DEV	   1	  51	  11	   0	5.530453e+02	  75	   0	7.405901e-01	5.529443e+01	 595	 102	 101	  97	 114	fear	fear_10.png	
DEV	   1	  52	  11	   0	5.608184e+02	  80	   0	2.926809e-01	2.347694e+01	3843	 102	 101	  97	 114	fear	fear_21.png	
DEV	   1	  53	  11	   0	5.688506e+02	  80	   0	3.624561e-01	2.901936e+01	2964	 102	 101	  97	 114	fear	fear_12.png	
DEV	   1	  54	  11	   0	5.762323e+02	  80	   0	3.891747e-01	3.122796e+01	2675	 102	 101	  97	 114	fear	fear_15.png	
DEV	   1	  55	  11	   0	5.840865e+02	  79	  79	3.608929e-01	2.855100e+01	2982	 102	 101	  97	 114	fear	fear_2.png	
DEV	   1	  56	  11	   0	5.912184e+02	  78	  78	3.620208e-01	2.826541e+01	2969	 102	 101	  97	 114	fear	fear_8.png	
DEV	   1	  57	  11	   0	5.985318e+02	  87	   0	3.479030e-01	3.010121e+01	3136	 102	 101	  97	 114	fear	fear_1.png	
DEV	   1	  58	  11	   0	6.052370e+02	  74	  74	6.638102e-01	4.905268e+01	 919	 102	 101	  97	 114	fear	fear_4.png	
DEV	   1	  59	  11	   0	6.115013e+02	  79	  79	6.367950e-01	5.006984e+01	1042	 102	 101	  97	 114	fear	fear_20.png	
DEV	   1	  60	  11	   0	6.182509e+02	  74	  74	6.415379e-01	4.715355e+01	1020	 102	 101	  97	 114	fear	fear_3.png	
DEV	   1	  61	  11	   0	6.241628e+02	  74	  74	6.202946e-01	4.594269e+01	1120	 102	 101	  97	 114	fear	fear_14.png	
DEV	   1	  62	  11	   0	6.305304e+02	  74	  74	5.605501e-01	4.126504e+01	1425	 102	 101	  97	 114	fear	fear_19.png	
DEV	   1	  63	  11	   0	6.375412e+02	  72	  72	6.202946e-01	4.470210e+01	1120	 102	 101	  97	 114	fear	fear_5.png	
DEV	   1	  64	  11	   0	6.435803e+02	  72	  72	6.974247e-01	5.018010e+01	 773	 102	 101	  97	 114	fear	fear_3.png	
DEV	   1	  65	  11	   0	6.503390e+02	  81	   0	5.276773e-01	4.298390e+01	1612	 102	 101	  97	 114	fear	fear_1.png	
DEV	   1	  66	  11	   0	6.576375e+02	  75	  75	6.265825e-01	4.693085e+01	1090	 102	 101	  97	 114	fear	fear_19.png	
DEV	   1	  67	  11	   0	6.646419e+02	  73	   0	6.242684e-01	4.554723e+01	1101	 102	 101	  97	 114	fear	fear_7.png	
DEV	   1	  68	  11	   0	6.720835e+02	  78	  78	4.696213e-01	3.661776e+01	1990	 102	 101	  97	 114	fear	fear_9.png	
DEV	   1	  69	  11	   0	6.789553e+02	  81	  81	4.922623e-01	4.005812e+01	1834	 102	 101	  97	 114	fear	fear_16.png	
DEV	   1	  70	  11	   0	6.866685e+02	  77	  77	4.468049e-01	3.422046e+01	2161	 102	 101	  97	 114	fear	fear_4.png	
DEV	   1	  71	  11	   0	6.925357e+02	  75	  75	4.594985e-01	3.457466e+01	2064	 102	 101	  97	 114	fear	fear_10.png	
DEV	   1	  72	  11	   0	6.986016e+02	  83	   0	4.647852e-01	3.862469e+01	2025	 102	 101	  97	 114	fear	fear_21.png	
DEV	   1	  73	  11	   0	7.051100e+02	  79	  79	5.036414e-01	3.982754e+01	1760	 102	 101	  97	 114	fear	fear_17.png	
DEV	   1	  74	  11	   0	7.115241e+02	  76	  76	4.779733e-01	3.620705e+01	1931	 102	 101	  97	 114	fear	fear_5.png	
DEV	   1	  75	  11	   0	7.186447e+02	  80	  80	5.391303e-01	4.321917e+01	1545	 102	 101	  97	 114	fear	fear_6.png	
DEV	   1	  76	  11	   0	7.260834e+02	  69	  69	6.531238e-01	4.518821e+01	 967	 102	 101	  97	 114	fear	fear_12.png	
DEV	   1	  77	  11	   0	7.317152e+02	  75	   0	6.485063e-01	4.884095e+01	 988	 102	 101	  97	 114	fear	fear_20.png	
DEV	   1	  78	  11	   0	7.384438e+02	  79	  79	4.992865e-01	3.953967e+01	1788	 102	 101	  97	 114	fear	fear_8.png	
DEV	   1	  79	  11	   0	7.457756e+02	  79	  79	4.738365e-01	3.736713e+01	1960	 102	 101	  97	 114	fear	fear_11.png	
DEV	   1	  80	  11	   0	7.518868e+02	  81	  81	4.531370e-01	3.689284e+01	2112	 102	 101	  97	 114	fear	fear_18.png	
DEV	   1	  81	  11	   0	7.588124e+02	  81	  81	4.765399e-01	3.849924e+01	1941	 102	 101	  97	 114	fear	fear_2.png	
DEV	   1	  82	  11	   0	7.652824e+02	  73	  73	6.432723e-01	4.725104e+01	1012	 102	 101	  97	 114	fear	fear_13.png	
DEV	   1	  83	  11	   0	7.715821e+02	  82	  82	4.784047e-01	3.910470e+01	1928	 102	 101	  97	 114	fear	fear_14.png	
DEV	   1	  84	  11	   0	7.786143e+02	  83	   0	4.749715e-01	3.934222e+01	1952	 102	 101	  97	 114	fear	fear_15.png	
IEV	   1	  85	  10	   0	8.501954e+02	  42	  42	7.558986e-01	3.189205e+01	2030	 104	  97	 112	 112	 121	happy	happy_19.png	
IEV	   1	  86	  10	   0	8.570141e+02	  44	  44	7.404804e-01	3.240828e+01	2131	 104	  97	 112	 112	 121	happy	happy_18.png	
IEV	   1	  87	  10	   0	8.637803e+02	  78	  78	5.706761e-01	4.436538e+01	3064	 104	  97	 112	 112	 121	happy	happy_12.png	
IEV	   1	  88	  10	   0	8.721167e+02	  76	   0	5.914808e-01	4.497480e+01	2960	 104	  97	 112	 112	 121	happy	happy_14.png	
IEV	   1	  89	  10	   0	8.797160e+02	 133	 133	3.956299e-01	5.273276e+01	3909	 104	  97	 112	 112	 121	happy	happy_17.png	
IEV	   1	  90	  10	   0	8.870223e+02	 137	   0	3.925265e-01	5.362827e+01	3924	 104	  97	 112	 112	 121	happy	happy_5.png	
IEV	   1	  91	  10	   0	8.946355e+02	 118	   0	4.284744e-01	5.064914e+01	3751	 104	  97	 112	 112	 121	happy	happy_8.png	
IEV	   1	  92	  10	   0	9.010813e+02	  28	  28	8.671027e-01	2.392553e+01	1019	 104	  97	 112	 112	 121	happy	happy_13.png	
IEV	   1	  93	  10	   0	9.080383e+02	  31	  31	8.300360e-01	2.574758e+01	1447	 104	  97	 112	 112	 121	happy	happy_6.png	
IEV	   1	  94	  10	   0	9.156348e+02	  75	  75	5.676498e-01	4.282774e+01	3079	 104	  97	 112	 112	 121	happy	happy_15.png	
IEV	   1	  95	  10	   0	9.232631e+02	  92	  92	5.143933e-01	4.727448e+01	3339	 104	  97	 112	 112	 121	happy	happy_2.png	
IEV	   1	  96	  10	   0	9.309340e+02	 103	 103	4.873679e-01	5.001365e+01	3469	 104	  97	 112	 112	 121	happy	happy_7.png	
IEV	   1	  97	  10	   0	9.384457e+02	 101	 101	4.727593e-01	4.779236e+01	3539	 104	  97	 112	 112	 121	happy	happy_4.png	
IEV	   1	  98	  10	   0	9.464118e+02	  96	  96	4.879934e-01	4.705886e+01	3466	 104	  97	 112	 112	 121	happy	happy_10.png	
IEV	   1	  99	  10	   0	9.543094e+02	 113	   0	4.397450e-01	4.974148e+01	3697	 104	  97	 112	 112	 121	happy	happy_21.png	
IEV	   1	 100	  10	   0	9.623171e+02	  99	  99	4.865339e-01	4.810322e+01	3473	 104	  97	 112	 112	 121	happy	happy_20.png	
IEV	   1	 101	  10	   0	9.704263e+02	 106	   0	4.786059e-01	5.086389e+01	3511	 104	  97	 112	 112	 121	happy	happy_9.png	
IEV	   1	 102	  10	   0	9.784864e+02	  84	  84	5.424200e-01	4.532658e+01	3203	 104	  97	 112	 112	 121	happy	happy_16.png	
IEV	   1	 103	  10	   0	9.856545e+02	  75	  75	5.747016e-01	4.299447e+01	3044	 104	  97	 112	 112	 121	happy	happy_3.png	
IEV	   1	 104	  10	   0	9.925815e+02	  81	  81	5.591450e-01	4.554888e+01	3121	 104	  97	 112	 112	 121	happy	happy_11.png	
IEV	   1	 105	  10	   0	1.000996e+03	 142	   0	3.754150e-01	5.343539e+01	4007	 104	  97	 112	 112	 121	happy	happy_1.png	
IEV	   1	 106	  10	   0	1.008270e+03	  72	  72	5.821187e-01	4.198449e+01	3007	 104	  97	 112	 112	 121	happy	happy_21.png	
IEV	   1	 107	  10	   0	1.016177e+03	  87	  87	5.243201e-01	4.573762e+01	3291	 104	  97	 112	 112	 121	happy	happy_10.png	
IEV	   1	 108	  10	   0	1.023590e+03	  90	  90	5.183267e-01	4.656395e+01	3320	 104	  97	 112	 112	 121	happy	happy_8.png	
IEV	   1	 109	  10	   0	1.029985e+03	  76	  76	5.619849e-01	4.258941e+01	3107	 104	  97	 112	 112	 121	happy	happy_1.png	
IEV	   1	 110	  10	   0	1.037703e+03	  94	  94	5.195677e-01	4.857999e+01	3314	 104	  97	 112	 112	 121	happy	happy_9.png	
IEV	   1	 111	  10	   0	1.044707e+03	  96	   0	5.150147e-01	4.930429e+01	3336	 104	  97	 112	 112	 121	happy	happy_11.png	
IEV	   1	 112	  10	   0	1.052433e+03	  82	   0	5.508013e-01	4.543223e+01	3162	 104	  97	 112	 112	 121	happy	happy_19.png	
IEV	   1	 113	  10	   0	1.059280e+03	  44	  44	7.277776e-01	3.196313e+01	2211	 104	  97	 112	 112	 121	happy	happy_2.png	
IEV	   1	 114	  10	   0	1.066775e+03	  75	  75	6.074450e-01	4.530891e+01	2879	 104	  97	 112	 112	 121	happy	happy_5.png	
IEV	   1	 115	  10	   0	1.072080e+03	  17	  17	8.968071e-01	1.558616e+01	 327	 104	  97	 112	 112	 121	happy	happy_6.png	
IEV	   1	 116	  10	   0	1.079036e+03	  67	   0	6.204712e-01	4.149076e+01	2812	 104	  97	 112	 112	 121	happy	happy_20.png	
IEV	   1	 117	  10	   0	1.085793e+03	  76	  76	5.853135e-01	4.472160e+01	2991	 104	  97	 112	 112	 121	happy	happy_13.png	
IEV	   1	 118	  10	   0	1.092989e+03	  78	   0	5.640104e-01	4.416411e+01	3097	 104	  97	 112	 112	 121	happy	happy_18.png	
IEV	   1	 119	  10	   0	1.100050e+03	  42	   0	7.295492e-01	3.036151e+01	2200	 104	  97	 112	 112	 121	happy	happy_7.png	
IEV	   1	 120	  10	   0	1.107277e+03	  61	   0	6.726497e-01	4.082869e+01	2533	 104	  97	 112	 112	 121	happy	happy_17.png	
IEV	   1	 121	  10	   0	1.113390e+03	  13	  13	8.966342e-01	1.203573e+01	 336	 104	  97	 112	 112	 121	happy	happy_4.png	
IEV	   1	 122	  10	   0	1.119884e+03	  36	  36	7.799346e-01	2.826000e+01	1862	 104	  97	 112	 112	 121	happy	happy_14.png	
IEV	   1	 123	  10	   0	1.127060e+03	  74	   0	5.706761e-01	4.208268e+01	3064	 104	  97	 112	 112	 121	happy	happy_3.png	
IEV	   1	 124	  10	   0	1.135025e+03	 105	   0	4.589688e-01	4.797714e+01	3605	 104	  97	 112	 112	 121	happy	happy_15.png	
IEV	   1	 125	  10	   0	1.141531e+03	  43	   0	7.509387e-01	3.230207e+01	2063	 104	  97	 112	 112	 121	happy	happy_12.png	
IEV	   1	 126	  10	   0	1.149091e+03	  39	   0	7.874813e-01	3.071206e+01	1806	 104	  97	 112	 112	 121	happy	happy_16.png	
CEVR	   1	 127	   9	   0	1.221357e+03	  95	  95	4.050673e-01	3.862027e+01	3103	 102	 101	  97	 114	fear	fear_10.png	
CEVR	   1	 128	   9	   0	1.227667e+03	 123	 123	3.064363e-01	3.761287e+01	2074	 102	 101	  97	 114	fear	fear_16.png	
CEVR	   1	 129	   9	   0	1.233732e+03	 146	   0	2.449404e-01	3.577530e+01	1013	 102	 101	  97	 114	fear	fear_2.png	
CEVR	   1	 130	   9	   0	1.240277e+03	 123	   0	2.996991e-01	3.700000e+01	1979	 102	 101	  97	 114	fear	fear_15.png	
CEVR	   1	 131	   9	   0	1.246974e+03	 108	   0	3.570444e-01	3.842818e+01	2673	 102	 101	  97	 114	fear	fear_21.png	
CEVR	   1	 132	   9	   0	1.253997e+03	 136	   0	2.732068e-01	3.727321e+01	1560	 102	 101	  97	 114	fear	fear_5.png	
CEVR	   1	 133	   9	   0	1.261574e+03	  78	   0	4.929577e-01	3.847887e+01	3673	 102	 101	  97	 114	fear	fear_11.png	
CEVR	   1	 134	   9	   0	1.268262e+03	 164	   0	2.211785e-01	3.633646e+01	 445	 102	 101	  97	 114	fear	fear_8.png	
CEVR	   1	 135	   9	   0	1.275949e+03	  96	  96	4.016749e-01	3.860670e+01	3076	 102	 101	  97	 114	fear	fear_6.png	
CEVR	   1	 136	   9	   0	1.283491e+03	  91	  91	4.086463e-01	  37	3131	 102	 101	  97	 114	fear	fear_18.png	
CEVR	   1	 137	   9	   0	1.291119e+03	 100	   0	3.878407e-01	3.893920e+01	2961	 102	 101	  97	 114	fear	fear_13.png	
CEVR	   1	 138	   9	   0	1.297860e+03	  89	   0	4.177419e-01	  37	3200	 102	 101	  97	 114	fear	fear_1.png	
CEVR	   1	 139	   9	   0	1.305176e+03	 115	   0	3.112981e-01	3.575481e+01	2140	 102	 101	  97	 114	fear	fear_3.png	
CEVR	   1	 140	   9	   0	1.310970e+03	 167	 167	2.151520e-01	3.592424e+01	 281	 102	 101	  97	 114	fear	fear_20.png	
CEVR	   1	 141	   9	   0	1.316320e+03	 168	 168	2.197150e-01	  37	 406	 102	 101	  97	 114	fear	fear_17.png	
CEVR	   1	 142	   9	   0	1.322892e+03	 176	   0	2.135202e-01	3.764056e+01	 235	 102	 101	  97	 114	fear	fear_19.png	
CEVR	   1	 143	   9	   0	1.328674e+03	 168	 168	2.225468e-01	3.744509e+01	 481	 102	 101	  97	 114	fear	fear_12.png	
CEVR	   1	 144	   9	   0	1.335227e+03	 166	   0	2.252174e-01	3.745043e+01	 550	 102	 101	  97	 114	fear	fear_7.png	
CEVR	   1	 145	   9	   0	1.340695e+03	 173	   0	2.201632e-01	3.810082e+01	 418	 102	 101	  97	 114	fear	fear_9.png	
CEVR	   1	 146	   9	   0	1.346897e+03	 159	   0	2.377455e-01	3.771324e+01	 853	 102	 101	  97	 114	fear	fear_4.png	
CEVR	   1	 147	   9	   0	1.353045e+03	 139	   0	2.642857e-01	3.673571e+01	1400	 102	 101	  97	 114	fear	fear_14.png	
CEVR	   1	 148	   9	   0	1.359719e+03	 169	 169	2.141558e-01	3.614338e+01	 253	 102	 101	  97	 114	fear	fear_21.png	
CEVR	   1	 149	   9	   0	1.365865e+03	 167	   0	2.180869e-01	3.634574e+01	 362	 102	 101	  97	 114	fear	fear_7.png	
CEVR	   1	 150	   9	   0	1.372035e+03	 176	   0	2.135202e-01	3.764056e+01	 235	 102	 101	  97	 114	fear	fear_18.png	
CEVR	   1	 151	   9	   0	1.378751e+03	 121	   0	2.959324e-01	3.581627e+01	1924	 102	 101	  97	 114	fear	fear_3.png	
CEVR	   1	 152	   9	   0	1.385931e+03	 117	   0	3.172464e-01	  37	2218	 102	 101	  97	 114	fear	fear_19.png	
CEVR	   1	 153	   9	   0	1.392650e+03	 100	   0	3.786550e-01	3.775731e+01	2880	 102	 101	  97	 114	fear	fear_12.png	
CEVR	   1	 154	   9	   0	1.400280e+03	  71	  71	5.102443e-01	3.597951e+01	3762	 102	 101	  97	 114	fear	fear_16.png	
CEVR	   1	 155	   9	   0	1.407365e+03	  64	   0	5.355666e-01	3.432217e+01	3882	 102	 101	  97	 114	fear	fear_2.png	
CEVR	   1	 156	   9	   0	1.412805e+03	 167	 167	2.172819e-01	3.634815e+01	 340	 102	 101	  97	 114	fear	fear_15.png	
CEVR	   1	 157	   9	   0	1.420746e+03	  71	  71	5.120601e-01	3.648794e+01	3771	 102	 101	  97	 114	fear	fear_1.png	
CEVR	   1	 158	   9	   0	1.427378e+03	 172	   0	2.151163e-01	3.700000e+01	 280	 102	 101	  97	 114	fear	fear_13.png	
CEVR	   1	 159	   9	   0	1.435170e+03	  74	   0	5.364540e-01	3.968227e+01	3886	 102	 101	  97	 114	fear	fear_6.png	
CEVR	   1	 160	   9	   0	1.442523e+03	 119	   0	3.008829e-01	3.579647e+01	1996	 102	 101	  97	 114	fear	fear_11.png	
CEVR	   1	 161	   9	   0	1.448113e+03	 159	   0	2.303861e-01	3.653923e+01	 679	 102	 101	  97	 114	fear	fear_17.png	
CEVR	   1	 162	   9	   0	1.455754e+03	  91	   0	4.081311e-01	  37	3127	 102	 101	  97	 114	fear	fear_9.png	
CEVR	   1	 163	   9	   0	1.462799e+03	 112	   0	3.271028e-01	3.667290e+01	2341	 102	 101	  97	 114	fear	fear_8.png	
CEVR	   1	 164	   9	   0	1.471402e+03	  66	   0	5.427494e-01	3.591450e+01	3914	 102	 101	  97	 114	fear	fear_10.png	
CEVR	   1	 165	   9	   0	1.477417e+03	 174	   0	2.147595e-01	3.742952e+01	 270	 102	 101	  97	 114	fear	fear_20.png	
CEVR	   1	 166	   9	   0	1.483349e+03	 161	   0	2.333754e-01	3.746675e+01	 751	 102	 101	  97	 114	fear	fear_14.png	
CEVR	   1	 167	   9	   0	1.489672e+03	 122	 122	2.951903e-01	3.611443e+01	1913	 102	 101	  97	 114	fear	fear_4.png	
CEVR	   1	 168	   9	   0	1.497565e+03	 125	 125	3.073090e-01	3.853654e+01	2086	 102	 101	  97	 114	fear	fear_5.png	
DEV	   1	 169	   8	   0	1.569442e+03	  79	   0	2.889276e-01	2.291732e+01	3891	 115	  99	 114	  97	 109	scram	scram_13.png	
DEV	   1	 170	   8	   0	1.576138e+03	  87	   0	3.212576e-01	2.806554e+01	3472	 115	  99	 114	  97	 109	scram	scram_11.png	
DEV	   1	 171	   8	   0	1.584148e+03	  79	   0	3.536430e-01	2.805815e+01	3067	 115	  99	 114	  97	 109	scram	scram_9.png	
DEV	   1	 172	   8	   0	1.590347e+03	  69	   0	8.302134e-01	5.693200e+01	 251	 115	  99	 114	  97	 109	scram	scram_16.png	
DEV	   1	 173	   8	   0	1.596742e+03	  69	   0	7.158102e-01	4.968700e+01	 696	 115	  99	 114	  97	 109	scram	scram_3.png	
DEV	   1	 174	   8	   0	1.602866e+03	  76	  76	6.238488e-01	4.739508e+01	1103	 115	  99	 114	  97	 109	scram	scram_10.png	
DEV	   1	 175	   8	   0	1.609007e+03	  71	  71	6.582215e-01	4.676590e+01	 944	 115	  99	 114	  97	 109	scram	scram_20.png	
DEV	   1	 176	   8	   0	1.615396e+03	  76	  76	6.016708e-01	4.545853e+01	1211	 115	  99	 114	  97	 109	scram	scram_4.png	
DEV	   1	 177	   8	   0	1.622713e+03	  79	  79	5.167456e-01	4.068862e+01	1678	 115	  99	 114	  97	 109	scram	scram_17.png	
DEV	   1	 178	   8	   0	1.629633e+03	  78	   0	4.555040e-01	3.568978e+01	2094	 115	  99	 114	  97	 109	scram	scram_8.png	
DEV	   1	 179	   8	   0	1.637183e+03	  75	  75	5.317384e-01	4.006880e+01	1588	 115	  99	 114	  97	 109	scram	scram_19.png	
DEV	   1	 180	   8	   0	1.644184e+03	  77	  77	5.964743e-01	4.574299e+01	1237	 115	  99	 114	  97	 109	scram	scram_21.png	
DEV	   1	 181	   8	   0	1.651187e+03	  85	   0	3.688161e-01	3.129945e+01	2892	 115	  99	 114	  97	 109	scram	scram_15.png	
DEV	   1	 182	   8	   0	1.657820e+03	  83	  83	4.084324e-01	3.376572e+01	2488	 115	  99	 114	  97	 109	scram	scram_1.png	
DEV	   1	 183	   8	   0	1.664454e+03	  81	  81	4.244193e-01	3.446818e+01	2345	 115	  99	 114	  97	 109	scram	scram_12.png	
DEV	   1	 184	   8	   0	1.671339e+03	  85	   0	3.912520e-01	3.332649e+01	2654	 115	  99	 114	  97	 109	scram	scram_7.png	
DEV	   1	 185	   8	   0	1.679190e+03	  83	  83	4.252324e-01	3.537489e+01	2338	 115	  99	 114	  97	 109	scram	scram_14.png	
DEV	   1	 186	   8	   0	1.685504e+03	  81	  81	4.346157e-01	3.517174e+01	2259	 115	  99	 114	  97	 109	scram	scram_2.png	
DEV	   1	 187	   8	   0	1.692135e+03	  80	  80	4.063942e-01	3.240218e+01	2507	 115	  99	 114	  97	 109	scram	scram_18.png	
DEV	   1	 188	   8	   0	1.698852e+03	  78	  78	4.053291e-01	3.151922e+01	2517	 115	  99	 114	  97	 109	scram	scram_5.png	
DEV	   1	 189	   8	   0	1.706177e+03	  80	  80	4.071429e-01	3.245297e+01	2500	 115	  99	 114	  97	 109	scram	scram_6.png	
DEV	   1	 190	   8	   0	1.712327e+03	  77	  77	5.668323e-01	4.390342e+01	1391	 115	  99	 114	  97	 109	scram	scram_8.png	
DEV	   1	 191	   8	   0	1.718555e+03	  79	   0	5.466713e-01	4.317129e+01	1502	 115	  99	 114	  97	 109	scram	scram_7.png	
DEV	   1	 192	   8	   0	1.725535e+03	  81	  81	4.191487e-01	3.410299e+01	2391	 115	  99	 114	  97	 109	scram	scram_15.png	
DEV	   1	 193	   8	   0	1.732414e+03	  77	  77	4.118001e-01	3.153309e+01	2457	 115	  99	 114	  97	 109	scram	scram_16.png	
DEV	   1	 194	   8	   0	1.739825e+03	  81	   0	4.120192e-01	3.319533e+01	2455	 115	  99	 114	  97	 109	scram	scram_2.png	
DEV	   1	 195	   8	   0	1.746378e+03	  76	   0	5.415691e-01	4.121452e+01	1531	 115	  99	 114	  97	 109	scram	scram_18.png	
DEV	   1	 196	   8	   0	1.752697e+03	  78	   0	5.887835e-01	4.585934e+01	1276	 115	  99	 114	  97	 109	scram	scram_3.png	
DEV	   1	 197	   8	   0	1.759135e+03	  81	  81	4.053291e-01	3.273521e+01	2517	 115	  99	 114	  97	 109	scram	scram_6.png	
DEV	   1	 198	   8	   0	1.765937e+03	  77	   0	4.128977e-01	3.160404e+01	2447	 115	  99	 114	  97	 109	scram	scram_20.png	
DEV	   1	 199	   8	   0	1.773850e+03	  83	  83	4.310071e-01	3.578520e+01	2289	 115	  99	 114	  97	 109	scram	scram_13.png	
DEV	   1	 200	   8	   0	1.781014e+03	  76	  76	4.476996e-01	3.383032e+01	2154	 115	  99	 114	  97	 109	scram	scram_9.png	
DEV	   1	 201	   8	   0	1.787472e+03	  77	  77	4.485976e-01	3.433575e+01	2147	 115	  99	 114	  97	 109	scram	scram_5.png	
DEV	   1	 202	   8	   0	1.795033e+03	  79	   0	4.222272e-01	3.347196e+01	2364	 115	  99	 114	  97	 109	scram	scram_11.png	
DEV	   1	 203	   8	   0	1.801649e+03	  77	   0	5.443757e-01	4.193330e+01	1515	 115	  99	 114	  97	 109	scram	scram_19.png	
DEV	   1	 204	   8	   0	1.809321e+03	  80	   0	4.173444e-01	3.356039e+01	2407	 115	  99	 114	  97	 109	scram	scram_4.png	
DEV	   1	 205	   8	   0	1.817578e+03	  85	   0	3.008137e-01	2.556303e+01	3738	 115	  99	 114	  97	 109	scram	scram_1.png	
DEV	   1	 206	   8	   0	1.824546e+03	  77	   0	4.431328e-01	3.398391e+01	2190	 115	  99	 114	  97	 109	scram	scram_14.png	
DEV	   1	 207	   8	   0	1.830977e+03	  67	  67	8.063013e-01	5.440096e+01	 340	 115	  99	 114	  97	 109	scram	scram_10.png	
DEV	   1	 208	   8	   0	1.837159e+03	  75	  75	6.799502e-01	5.130033e+01	 848	 115	  99	 114	  97	 109	scram	scram_21.png	
DEV	   1	 209	   8	   0	1.843434e+03	  74	  74	6.010684e-01	4.422031e+01	1214	 115	  99	 114	  97	 109	scram	scram_12.png	
DEV	   1	 210	   8	   0	1.850145e+03	  77	   0	6.337970e-01	4.861726e+01	1056	 115	  99	 114	  97	 109	scram	scram_17.png	
CEVR	   1	 211	   7	   0	1.920336e+03	  91	   0	3.988297e-01	3.620234e+01	3053	 104	  97	 112	 112	 121	happy	happy_21.png	
CEVR	   1	 212	   7	   0	1.926641e+03	 124	 124	3.023582e-01	3.760472e+01	2017	 104	  97	 112	 112	 121	happy	happy_16.png	
CEVR	   1	 213	   7	   0	1.932959e+03	 149	   0	2.494222e-01	3.724942e+01	1108	 104	  97	 112	 112	 121	happy	happy_9.png	
CEVR	   1	 214	   7	   0	1.938279e+03	 176	 176	2.155818e-01	3.786233e+01	 293	 104	  97	 112	 112	 121	happy	happy_10.png	
CEVR	   1	 215	   7	   0	1.944691e+03	 173	   0	2.139788e-01	  37	 248	 104	  97	 112	 112	 121	happy	happy_8.png	
CEVR	   1	 216	   7	   0	1.950830e+03	 170	   0	2.178301e-01	  37	 355	 104	  97	 112	 112	 121	happy	happy_7.png	
CEVR	   1	 217	   7	   0	1.958003e+03	 120	   0	3.021465e-01	3.639571e+01	2014	 104	  97	 112	 112	 121	happy	happy_13.png	
CEVR	   1	 218	   7	   0	1.964492e+03	 149	 149	2.478469e-01	  37	1075	 104	  97	 112	 112	 121	happy	happy_14.png	
CEVR	   1	 219	   7	   0	1.970923e+03	 145	   0	2.498071e-01	3.625058e+01	1116	 104	  97	 112	 112	 121	happy	happy_17.png	
CEVR	   1	 220	   7	   0	1.978492e+03	 134	 134	2.760605e-01	  37	1609	 104	  97	 112	 112	 121	happy	happy_20.png	
CEVR	   1	 221	   7	   0	1.984457e+03	 133	   0	2.732068e-01	3.645359e+01	1560	 104	  97	 112	 112	 121	happy	happy_6.png	
CEVR	   1	 222	   7	   0	1.990635e+03	 125	   0	2.883545e-01	3.613494e+01	1809	 104	  97	 112	 112	 121	happy	happy_1.png	
CEVR	   1	 223	   7	   0	1.998934e+03	  73	   0	4.873918e-01	3.553782e+01	3643	 104	  97	 112	 112	 121	happy	happy_19.png	
CEVR	   1	 224	   7	   0	2.005538e+03	  90	   0	4.031756e-01	3.619365e+01	3088	 104	  97	 112	 112	 121	happy	happy_2.png	
CEVR	   1	 225	   7	   0	2.012949e+03	 107	 107	3.356661e-01	3.599300e+01	2442	 104	  97	 112	 112	 121	happy	happy_11.png	
CEVR	   1	 226	   7	   0	2.021027e+03	 101	   0	3.513294e-01	3.559468e+01	2614	 104	  97	 112	 112	 121	happy	happy_3.png	
CEVR	   1	 227	   7	   0	2.028130e+03	 124	   0	3.029240e-01	3.760585e+01	2025	 104	  97	 112	 112	 121	happy	happy_5.png	
CEVR	   1	 228	   7	   0	2.034457e+03	 135	   0	2.711474e-01	3.672885e+01	1524	 104	  97	 112	 112	 121	happy	happy_12.png	
CEVR	   1	 229	   7	   0	2.039899e+03	 148	   0	2.518965e-01	3.725190e+01	1159	 104	  97	 112	 112	 121	happy	happy_18.png	
CEVR	   1	 230	   7	   0	2.045931e+03	 172	   0	2.165190e-01	3.721652e+01	 319	 104	  97	 112	 112	 121	happy	happy_4.png	
CEVR	   1	 231	   7	   0	2.052305e+03	 160	   0	2.273924e-01	3.631782e+01	 605	 104	  97	 112	 112	 121	happy	happy_15.png	
CEVR	   1	 232	   7	   0	2.060101e+03	  95	  95	3.766725e-01	3.586998e+01	2862	 104	  97	 112	 112	 121	happy	happy_20.png	
CEVR	   1	 233	   7	   0	2.067824e+03	  92	   0	4.051940e-01	3.740519e+01	3104	 104	  97	 112	 112	 121	happy	happy_15.png	
CEVR	   1	 234	   7	   0	2.074922e+03	 104	   0	3.555739e-01	3.700000e+01	2658	 104	  97	 112	 112	 121	happy	happy_2.png	
CEVR	   1	 235	   7	   0	2.081125e+03	 164	   0	2.304681e-01	3.769140e+01	 681	 104	  97	 112	 112	 121	happy	happy_8.png	
CEVR	   1	 236	   7	   0	2.088172e+03	 138	   0	2.721732e-01	3.754435e+01	1542	 104	  97	 112	 112	 121	happy	happy_18.png	
CEVR	   1	 237	   7	   0	2.095610e+03	 123	   0	3.075279e-01	3.792258e+01	2089	 104	  97	 112	 112	 121	happy	happy_21.png	
CEVR	   1	 238	   7	   0	2.102938e+03	  71	   0	5.038911e-01	3.599222e+01	3730	 104	  97	 112	 112	 121	happy	happy_12.png	
CEVR	   1	 239	   7	   0	2.110558e+03	  92	   0	4.059561e-01	3.740596e+01	3110	 104	  97	 112	 112	 121	happy	happy_4.png	
CEVR	   1	 240	   7	   0	2.117718e+03	 111	 111	3.469060e-01	3.838762e+01	2567	 104	  97	 112	 112	 121	happy	happy_13.png	
CEVR	   1	 241	   7	   0	2.124593e+03	 132	 132	2.771239e-01	3.644575e+01	1627	 104	  97	 112	 112	 121	happy	happy_19.png	
CEVR	   1	 242	   7	   0	2.130791e+03	 165	   0	2.297729e-01	3.791909e+01	 664	 104	  97	 112	 112	 121	happy	happy_11.png	
CEVR	   1	 243	   7	   0	2.137370e+03	 110	   0	3.350582e-01	  37	2435	 104	  97	 112	 112	 121	happy	happy_16.png	
CEVR	   1	 244	   7	   0	2.143816e+03	 131	   0	2.819508e-01	  37	1707	 104	  97	 112	 112	 121	happy	happy_6.png	
CEVR	   1	 245	   7	   0	2.150837e+03	 122	   0	3.025701e-01	3.700000e+01	2020	 104	  97	 112	 112	 121	happy	happy_17.png	
CEVR	   1	 246	   7	   0	2.156696e+03	 152	   0	2.439254e-01	  37	 991	 104	  97	 112	 112	 121	happy	happy_14.png	
CEVR	   1	 247	   7	   0	2.164703e+03	  89	  89	4.027994e-01	3.579160e+01	3085	 104	  97	 112	 112	 121	happy	happy_7.png	
CEVR	   1	 248	   7	   0	2.171995e+03	  95	  95	3.719127e-01	3.551235e+01	2818	 104	  97	 112	 112	 121	happy	happy_9.png	
CEVR	   1	 249	   7	   0	2.178920e+03	  86	   0	4.238953e-01	3.657610e+01	3245	 104	  97	 112	 112	 121	happy	happy_1.png	
CEVR	   1	 250	   7	   0	2.186876e+03	 100	   0	3.649944e-01	3.663501e+01	2752	 104	  97	 112	 112	 121	happy	happy_10.png	
CEVR	   1	 251	   7	   0	2.193099e+03	 167	   0	2.235071e-01	3.722351e+01	 506	 104	  97	 112	 112	 121	happy	happy_3.png	
CEVR	   1	 252	   7	   0	2.199781e+03	 155	   0	2.457306e-01	3.798292e+01	1030	 104	  97	 112	 112	 121	happy	happy_5.png	
#16-Jul-2013
IEV	   2	 253	   6	   0	5.888757e+02	  26	  26	8.670335e-01	2.220062e+01	1020	 115	  99	 114	  97	 109	scram	scram_3.png	
IEV	   2	 254	   6	   0	5.955592e+02	  40	  40	7.641387e-01	3.043396e+01	1974	 115	  99	 114	  97	 109	scram	scram_17.png	
IEV	   2	 255	   6	   0	6.019735e+02	  76	  76	5.702729e-01	4.324692e+01	3066	 115	  99	 114	  97	 109	scram	scram_18.png	
IEV	   2	 256	   6	   0	6.096909e+02	 126	 126	4.059958e-01	5.113904e+01	3859	 115	  99	 114	  97	 109	scram	scram_2.png	
IEV	   2	 257	   6	   0	6.180031e+02	 134	   0	3.985292e-01	5.342578e+01	3895	 115	  99	 114	  97	 109	scram	scram_13.png	
IEV	   2	 258	   6	   0	6.249616e+02	 121	 121	4.332730e-01	5.261782e+01	3728	 115	  99	 114	  97	 109	scram	scram_9.png	
IEV	   2	 259	   6	   0	6.330781e+02	 117	 117	4.428781e-01	5.182044e+01	3682	 115	  99	 114	  97	 109	scram	scram_8.png	
IEV	   2	 260	   6	   0	6.410581e+02	 110	   0	4.633576e-01	5.101346e+01	3584	 115	  99	 114	  97	 109	scram	scram_7.png	
IEV	   2	 261	   6	   0	6.490164e+02	  90	  90	5.168782e-01	4.663637e+01	3327	 115	  99	 114	  97	 109	scram	scram_4.png	
IEV	   2	 262	   6	   0	6.569034e+02	  89	   0	5.348270e-01	4.786257e+01	3240	 115	  99	 114	  97	 109	scram	scram_14.png	
IEV	   2	 263	   6	   0	6.638844e+02	  74	   0	5.769108e-01	4.286769e+01	3033	 115	  99	 114	  97	 109	scram	scram_12.png	
IEV	   2	 264	   6	   0	6.712781e+02	  53	   0	6.874322e-01	3.642970e+01	2450	 115	  99	 114	  97	 109	scram	scram_1.png	
IEV	   2	 265	   6	   0	6.783611e+02	  44	  44	7.610750e-01	3.374124e+01	1995	 115	  99	 114	  97	 109	scram	scram_10.png	
IEV	   2	 266	   6	   0	6.845521e+02	  41	   0	7.881436e-01	3.222895e+01	1801	 115	  99	 114	  97	 109	scram	scram_16.png	
IEV	   2	 267	   6	   0	6.920005e+02	 121	   0	4.249297e-01	5.121864e+01	3768	 115	  99	 114	  97	 109	scram	scram_20.png	
IEV	   2	 268	   6	   0	6.982680e+02	  30	  30	8.350402e-01	2.520465e+01	1398	 115	  99	 114	  97	 109	scram	scram_11.png	
IEV	   2	 269	   6	   0	7.037399e+02	  20	  20	8.677903e-01	1.775973e+01	1009	 115	  99	 114	  97	 109	scram	scram_21.png	
IEV	   2	 270	   6	   0	7.108990e+02	  30	  30	8.413751e-01	2.533854e+01	1333	 115	  99	 114	  97	 109	scram	scram_6.png	
IEV	   2	 271	   6	   0	7.176134e+02	  30	  30	8.452841e-01	2.573884e+01	1291	 115	  99	 114	  97	 109	scram	scram_5.png	
IEV	   2	 272	   6	   0	7.245388e+02	  28	  28	8.425068e-01	2.352572e+01	1321	 115	  99	 114	  97	 109	scram	scram_19.png	
IEV	   2	 273	   6	   0	7.317864e+02	  21	  21	8.579841e-01	1.822397e+01	1142	 115	  99	 114	  97	 109	scram	scram_15.png	
IEV	   2	 274	   6	   0	7.390621e+02	  30	  30	8.406142e-01	2.542403e+01	1341	 115	  99	 114	  97	 109	scram	scram_12.png	
IEV	   2	 275	   6	   0	7.455945e+02	  25	  25	8.420367e-01	2.105374e+01	1326	 115	  99	 114	  97	 109	scram	scram_14.png	
IEV	   2	 276	   6	   0	7.521137e+02	  24	  24	8.445507e-01	1.991050e+01	1299	 115	  99	 114	  97	 109	scram	scram_18.png	
IEV	   2	 277	   6	   0	7.597525e+02	  32	  32	8.412803e-01	2.703177e+01	1334	 115	  99	 114	  97	 109	scram	scram_6.png	
IEV	   2	 278	   6	   0	7.672893e+02	 136	   0	3.956299e-01	5.391965e+01	3909	 115	  99	 114	  97	 109	scram	scram_4.png	
IEV	   2	 279	   6	   0	7.743463e+02	  84	   0	5.483519e-01	4.610902e+01	3174	 115	  99	 114	  97	 109	scram	scram_7.png	
IEV	   2	 280	   6	   0	7.807485e+02	  21	   0	8.979996e-01	1.892736e+01	 256	 115	  99	 114	  97	 109	scram	scram_5.png	
IEV	   2	 281	   6	   0	7.865425e+02	  19	  19	8.673787e-01	1.608256e+01	1015	 115	  99	 114	  97	 109	scram	scram_8.png	
IEV	   2	 282	   6	   0	7.932101e+02	  27	   0	8.547534e-01	2.291637e+01	1182	 115	  99	 114	  97	 109	scram	scram_17.png	
IEV	   2	 283	   6	   0	7.989513e+02	  23	  23	8.722533e-01	1.973841e+01	 941	 115	  99	 114	  97	 109	scram	scram_15.png	
IEV	   2	 284	   6	   0	8.058769e+02	  27	  27	8.636171e-01	2.351636e+01	1068	 115	  99	 114	  97	 109	scram	scram_13.png	
IEV	   2	 285	   6	   0	8.124016e+02	  24	   0	8.624369e-01	2.108113e+01	1084	 115	  99	 114	  97	 109	scram	scram_3.png	
IEV	   2	 286	   6	   0	8.185710e+02	  20	  20	8.894099e-01	1.790817e+01	 595	 115	  99	 114	  97	 109	scram	scram_9.png	
IEV	   2	 287	   6	   0	8.245451e+02	  23	  23	8.828445e-01	1.989944e+01	 750	 115	  99	 114	  97	 109	scram	scram_10.png	
IEV	   2	 288	   6	   0	8.305850e+02	  19	  19	8.760026e-01	1.656421e+01	 879	 115	  99	 114	  97	 109	scram	scram_11.png	
IEV	   2	 289	   6	   0	8.368256e+02	  18	  18	8.766934e-01	1.558243e+01	 867	 115	  99	 114	  97	 109	scram	scram_16.png	
IEV	   2	 290	   6	   0	8.426104e+02	  25	  25	8.723790e-01	2.146519e+01	 939	 115	  99	 114	  97	 109	scram	scram_21.png	
IEV	   2	 291	   6	   0	8.494776e+02	  41	   0	7.899876e-01	3.206655e+01	1787	 115	  99	 114	  97	 109	scram	scram_19.png	
IEV	   2	 292	   6	   0	8.558818e+02	  24	  24	8.799792e-01	2.122781e+01	 807	 115	  99	 114	  97	 109	scram	scram_20.png	
IEV	   2	 293	   6	   0	8.623031e+02	  25	  25	8.781515e-01	2.238172e+01	 841	 115	  99	 114	  97	 109	scram	scram_2.png	
IEV	   2	 294	   6	   0	8.686905e+02	  16	  16	8.817181e-01	1.390572e+01	 773	 115	  99	 114	  97	 109	scram	scram_1.png	
CEV	   2	 295	   5	   0	9.399086e+02	 109	   0	3.537143e-01	3.841486e+01	3824	 104	  97	 112	 112	 121	happy	happy_14.png	
CEV	   2	 296	   5	   0	9.450032e+02	  47	  47	8.424286e-01	3.952729e+01	 403	 104	  97	 112	 112	 121	happy	happy_20.png	
CEV	   2	 297	   5	   0	9.505932e+02	  48	  48	7.894286e-01	3.778943e+01	 774	 104	  97	 112	 112	 121	happy	happy_1.png	
CEV	   2	 298	   5	   0	9.565049e+02	  44	  44	7.542857e-01	3.322857e+01	1020	 104	  97	 112	 112	 121	happy	happy_10.png	
CEV	   2	 299	   5	   0	9.637282e+02	  51	  51	7.167143e-01	3.628329e+01	1283	 104	  97	 112	 112	 121	happy	happy_8.png	
CEV	   2	 300	   5	   0	9.703319e+02	  56	  56	6.631429e-01	  37	1658	 104	  97	 112	 112	 121	happy	happy_21.png	
CEV	   2	 301	   5	   0	9.774206e+02	  56	  56	6.147143e-01	3.454114e+01	1997	 104	  97	 112	 112	 121	happy	happy_16.png	
CEV	   2	 302	   5	   0	9.839828e+02	  59	  59	5.914286e-01	3.463429e+01	2160	 104	  97	 112	 112	 121	happy	happy_6.png	
CEV	   2	 303	   5	   0	9.914113e+02	  63	   0	5.404286e-01	3.429786e+01	2517	 104	  97	 112	 112	 121	happy	happy_19.png	
CEV	   2	 304	   5	   0	9.996321e+02	  77	   0	4.662857e-01	3.606743e+01	3036	 104	  97	 112	 112	 121	happy	happy_4.png	
CEV	   2	 305	   5	   0	1.007141e+03	  62	  62	6.128571e-01	3.822571e+01	2010	 104	  97	 112	 112	 121	happy	happy_11.png	
CEV	   2	 306	   5	   0	1.013983e+03	  62	  62	5.982857e-01	  37	2112	 104	  97	 112	 112	 121	happy	happy_12.png	
CEV	   2	 307	   5	   0	1.020331e+03	  58	  58	6.014286e-01	3.459429e+01	2090	 104	  97	 112	 112	 121	happy	happy_13.png	
CEV	   2	 308	   5	   0	1.027318e+03	  65	   0	6.110000e-01	3.944400e+01	2023	 104	  97	 112	 112	 121	happy	happy_2.png	
CEV	   2	 309	   5	   0	1.033690e+03	  55	  55	6.435714e-01	3.571286e+01	1795	 104	  97	 112	 112	 121	happy	happy_5.png	
CEV	   2	 310	   5	   0	1.041121e+03	  60	   0	6.270000e-01	3.762700e+01	1911	 104	  97	 112	 112	 121	happy	happy_3.png	
CEV	   2	 311	   5	   0	1.047545e+03	  55	  55	6.655714e-01	3.633443e+01	1641	 104	  97	 112	 112	 121	happy	happy_17.png	
CEV	   2	 312	   5	   0	1.054614e+03	  59	  59	6.744286e-01	3.969771e+01	1579	 104	  97	 112	 112	 121	happy	happy_15.png	
CEV	   2	 313	   5	   0	1.060365e+03	  50	  50	6.874286e-01	3.425029e+01	1488	 104	  97	 112	 112	 121	happy	happy_18.png	
CEV	   2	 314	   5	   0	1.066581e+03	  51	  51	6.912857e-01	3.492614e+01	1461	 104	  97	 112	 112	 121	happy	happy_7.png	
CEV	   2	 315	   5	   0	1.072624e+03	  53	  53	7.177143e-01	3.771771e+01	1276	 104	  97	 112	 112	 121	happy	happy_9.png	
CEV	   2	 316	   5	   0	1.079533e+03	  57	   0	6.990000e-01	3.979600e+01	1407	 104	  97	 112	 112	 121	happy	happy_21.png	
CEV	   2	 317	   5	   0	1.085798e+03	  52	  52	7.398571e-01	3.847971e+01	1121	 104	  97	 112	 112	 121	happy	happy_10.png	
CEV	   2	 318	   5	   0	1.092219e+03	  53	   0	7.477143e-01	3.999086e+01	1066	 104	  97	 112	 112	 121	happy	happy_16.png	
CEV	   2	 319	   5	   0	1.098655e+03	  53	   0	7.687143e-01	4.084357e+01	 919	 104	  97	 112	 112	 121	happy	happy_14.png	
CEV	   2	 320	   5	   0	1.104422e+03	  47	  47	8.494286e-01	3.954829e+01	 354	 104	  97	 112	 112	 121	happy	happy_1.png	
CEV	   2	 321	   5	   0	1.110767e+03	  42	  42	8.294286e-01	3.451171e+01	 494	 104	  97	 112	 112	 121	happy	happy_5.png	
CEV	   2	 322	   5	   0	1.117882e+03	  39	  39	8.602857e-01	3.355886e+01	 278	 104	  97	 112	 112	 121	happy	happy_4.png	
CEV	   2	 323	   5	   0	1.123799e+03	  48	  48	8.401429e-01	4.036057e+01	 419	 104	  97	 112	 112	 121	happy	happy_2.png	
CEV	   2	 324	   5	   0	1.130312e+03	  41	  41	8.614286e-01	3.527714e+01	 270	 104	  97	 112	 112	 121	happy	happy_6.png	
CEV	   2	 325	   5	   0	1.136632e+03	  44	  44	8.390000e-01	  37	 427	 104	  97	 112	 112	 121	happy	happy_17.png	
CEV	   2	 326	   5	   0	1.141964e+03	  40	   0	8.280000e-01	3.286000e+01	 504	 104	  97	 112	 112	 121	happy	happy_9.png	
CEV	   2	 327	   5	   0	1.148152e+03	  44	  44	8.674286e-01	3.786743e+01	 228	 104	  97	 112	 112	 121	happy	happy_20.png	
CEV	   2	 328	   5	   0	1.154882e+03	  41	  41	8.647143e-01	3.527057e+01	 247	 104	  97	 112	 112	 121	happy	happy_3.png	
CEV	   2	 329	   5	   0	1.160625e+03	  39	  39	8.662857e-01	3.353486e+01	 236	 104	  97	 112	 112	 121	happy	happy_7.png	
CEV	   2	 330	   5	   0	1.166038e+03	  45	  45	8.677143e-01	3.873543e+01	 226	 104	  97	 112	 112	 121	happy	happy_12.png	
CEV	   2	 331	   5	   0	1.173087e+03	  47	  47	8.594286e-01	4.043771e+01	 284	 104	  97	 112	 112	 121	happy	happy_11.png	
CEV	   2	 332	   5	   0	1.178598e+03	  49	  49	8.421429e-01	4.121071e+01	 405	 104	  97	 112	 112	 121	happy	happy_8.png	
CEV	   2	 333	   5	   0	1.185019e+03	  45	   0	8.675714e-01	3.873514e+01	 227	 104	  97	 112	 112	 121	happy	happy_13.png	
CEV	   2	 334	   5	   0	1.191576e+03	  41	  41	8.602857e-01	3.527943e+01	 278	 104	  97	 112	 112	 121	happy	happy_18.png	
CEV	   2	 335	   5	   0	1.197413e+03	  44	  44	8.347143e-01	  37	 457	 104	  97	 112	 112	 121	happy	happy_15.png	
CEV	   2	 336	   5	   0	1.203451e+03	  46	  46	8.551429e-01	3.956543e+01	 314	 104	  97	 112	 112	 121	happy	happy_19.png	
CEVR	   2	 337	   4	   0	1.274541e+03	  67	  67	5.300860e-01	3.540974e+01	3857	 115	  99	 114	  97	 109	scram	scram_12.png	
CEVR	   2	 338	   4	   0	1.281924e+03	  80	   0	4.382403e-01	3.524704e+01	3345	 115	  99	 114	  97	 109	scram	scram_20.png	
CEVR	   2	 339	   4	   0	1.290287e+03	  93	  93	3.887721e-01	3.622246e+01	2969	 115	  99	 114	  97	 109	scram	scram_6.png	
CEVR	   2	 340	   4	   0	1.297166e+03	 104	   0	3.444149e-01	3.596676e+01	2540	 115	  99	 114	  97	 109	scram	scram_17.png	
CEVR	   2	 341	   4	   0	1.304147e+03	 126	   0	2.973594e-01	3.759472e+01	1945	 115	  99	 114	  97	 109	scram	scram_19.png	
CEVR	   2	 342	   4	   0	1.311153e+03	  98	  98	3.915936e-01	3.856637e+01	2993	 115	  99	 114	  97	 109	scram	scram_14.png	
CEVR	   2	 343	   4	   0	1.318964e+03	  96	   0	3.954198e-01	3.779084e+01	3025	 115	  99	 114	  97	 109	scram	scram_3.png	
CEVR	   2	 344	   4	   0	1.325252e+03	 136	 136	2.748886e-01	3.727489e+01	1589	 115	  99	 114	  97	 109	scram	scram_13.png	
CEVR	   2	 345	   4	   0	1.331556e+03	 140	   0	2.671205e-01	3.726712e+01	1452	 115	  99	 114	  97	 109	scram	scram_7.png	
CEVR	   2	 346	   4	   0	1.337600e+03	 145	 145	2.475626e-01	3.600975e+01	1069	 115	  99	 114	  97	 109	scram	scram_2.png	
CEVR	   2	 347	   4	   0	1.343813e+03	 167	 167	2.273924e-01	3.790957e+01	 605	 115	  99	 114	  97	 109	scram	scram_11.png	
CEVR	   2	 348	   4	   0	1.350241e+03	 170	 170	2.143685e-01	3.635689e+01	 259	 115	  99	 114	  97	 109	scram	scram_18.png	
CEVR	   2	 349	   4	   0	1.356226e+03	 150	 150	2.443396e-01	3.675566e+01	1000	 115	  99	 114	  97	 109	scram	scram_21.png	
CEVR	   2	 350	   4	   0	1.362357e+03	 177	 177	2.136964e-01	3.785479e+01	 240	 115	  99	 114	  97	 109	scram	scram_10.png	
CEVR	   2	 351	   4	   0	1.368077e+03	 151	   0	2.385338e-01	3.604586e+01	 871	 115	  99	 114	  97	 109	scram	scram_9.png	
CEVR	   2	 352	   4	   0	1.373402e+03	 172	 172	2.152593e-01	  37	 284	 115	  99	 114	  97	 109	scram	scram_5.png	
CEVR	   2	 353	   4	   0	1.379112e+03	 183	   0	2.075986e-01	3.803799e+01	  62	 115	  99	 114	  97	 109	scram	scram_1.png	
CEVR	   2	 354	   4	   0	1.385982e+03	 144	 144	2.525844e-01	3.649483e+01	1173	 115	  99	 114	  97	 109	scram	scram_4.png	
CEVR	   2	 355	   4	   0	1.391731e+03	 170	 170	2.149734e-01	3.657005e+01	 276	 115	  99	 114	  97	 109	scram	scram_8.png	
CEVR	   2	 356	   4	   0	1.398796e+03	 147	   0	2.516518e-01	3.700000e+01	1154	 115	  99	 114	  97	 109	scram	scram_15.png	
CEVR	   2	 357	   4	   0	1.405365e+03	 172	 172	2.168090e-01	3.721681e+01	 327	 115	  99	 114	  97	 109	scram	scram_16.png	
CEVR	   2	 358	   4	   0	1.413274e+03	  89	   0	3.982165e-01	3.540713e+01	3048	 115	  99	 114	  97	 109	scram	scram_6.png	
CEVR	   2	 359	   4	   0	1.419916e+03	 176	   0	2.156536e-01	3.786261e+01	 295	 115	  99	 114	  97	 109	scram	scram_7.png	
CEVR	   2	 360	   4	   0	1.425824e+03	 146	   0	2.469018e-01	3.601239e+01	1055	 115	  99	 114	  97	 109	scram	scram_1.png	
CEVR	   2	 361	   4	   0	1.433077e+03	 123	 123	2.967461e-01	3.640651e+01	1936	 115	  99	 114	  97	 109	scram	scram_16.png	
CEVR	   2	 362	   4	   0	1.440163e+03	 120	 120	3.145494e-01	3.762910e+01	2183	 115	  99	 114	  97	 109	scram	scram_15.png	
CEVR	   2	 363	   4	   0	1.446599e+03	 121	   0	2.934512e-01	3.553274e+01	1887	 115	  99	 114	  97	 109	scram	scram_10.png	
CEVR	   2	 364	   4	   0	1.454438e+03	  71	  71	5.283558e-01	3.752836e+01	3849	 115	  99	 114	  97	 109	scram	scram_18.png	
CEVR	   2	 365	   4	   0	1.460456e+03	 174	   0	2.145816e-01	3.742916e+01	 265	 115	  99	 114	  97	 109	scram	scram_8.png	
CEVR	   2	 366	   4	   0	1.467240e+03	 122	 122	3.118228e-01	3.793547e+01	2147	 115	  99	 114	  97	 109	scram	scram_13.png	
CEVR	   2	 367	   4	   0	1.474679e+03	 122	   0	3.074549e-01	3.761491e+01	2088	 115	  99	 114	  97	 109	scram	scram_20.png	
CEVR	   2	 368	   4	   0	1.481733e+03	 154	 154	2.389299e-01	3.676107e+01	 880	 115	  99	 114	  97	 109	scram	scram_12.png	
CEVR	   2	 369	   4	   0	1.487951e+03	 176	   0	2.141912e-01	3.764257e+01	 254	 115	  99	 114	  97	 109	scram	scram_17.png	
CEVR	   2	 370	   4	   0	1.494674e+03	 122	   0	3.064363e-01	3.730644e+01	2074	 115	  99	 114	  97	 109	scram	scram_14.png	
CEVR	   2	 371	   4	   0	1.501605e+03	  93	  93	3.805466e-01	3.547781e+01	2897	 115	  99	 114	  97	 109	scram	scram_3.png	
CEVR	   2	 372	   4	   0	1.508785e+03	  95	   0	3.906486e-01	  37	2985	 115	  99	 114	  97	 109	scram	scram_21.png	
CEVR	   2	 373	   4	   0	1.515904e+03	 126	   0	3.044909e-01	3.821796e+01	2047	 115	  99	 114	  97	 109	scram	scram_5.png	
CEVR	   2	 374	   4	   0	1.521345e+03	 163	 163	2.300178e-01	3.746004e+01	 670	 115	  99	 114	  97	 109	scram	scram_19.png	
CEVR	   2	 375	   4	   0	1.527632e+03	 153	 153	2.353690e-01	3.605852e+01	 798	 115	  99	 114	  97	 109	scram	scram_9.png	
CEVR	   2	 376	   4	   0	1.534209e+03	 166	   0	2.265570e-01	3.767967e+01	 584	 115	  99	 114	  97	 109	scram	scram_4.png	
CEVR	   2	 377	   4	   0	1.541613e+03	  79	  79	4.775074e-01	3.795501e+01	3588	 115	  99	 114	  97	 109	scram	scram_2.png	
CEVR	   2	 378	   4	   0	1.549125e+03	  79	  79	4.805195e-01	3.796104e+01	3605	 115	  99	 114	  97	 109	scram	scram_11.png	
IEV	   2	 379	   3	   0	1.620831e+03	 128	   0	3.960440e-01	5.073773e+01	3907	 102	 101	  97	 114	fear	fear_17.png	
IEV	   2	 380	   3	   0	1.626890e+03	  17	  17	8.911577e-01	1.491778e+01	 545	 102	 101	  97	 114	fear	fear_9.png	
IEV	   2	 381	   3	   0	1.634952e+03	  93	   0	5.162571e-01	4.821612e+01	3330	 102	 101	  97	 114	fear	fear_11.png	
IEV	   2	 382	   3	   0	1.641424e+03	  60	  60	6.664890e-01	3.988678e+01	2567	 102	 101	  97	 114	fear	fear_12.png	
IEV	   2	 383	   3	   0	1.648098e+03	  42	   0	7.673142e-01	3.246087e+01	1952	 102	 101	  97	 114	fear	fear_8.png	
IEV	   2	 384	   3	   0	1.655335e+03	  35	  35	8.252678e-01	2.872874e+01	1492	 102	 101	  97	 114	fear	fear_10.png	
IEV	   2	 385	   3	   0	1.661947e+03	  23	  23	8.647047e-01	1.991609e+01	1053	 102	 101	  97	 114	fear	fear_14.png	
IEV	   2	 386	   3	   0	1.668093e+03	  19	  19	8.979552e-01	1.714060e+01	 259	 102	 101	  97	 114	fear	fear_4.png	
IEV	   2	 387	   3	   0	1.674705e+03	  63	  63	6.554754e-01	4.124964e+01	2627	 102	 101	  97	 114	fear	fear_21.png	
IEV	   2	 388	   3	   0	1.682727e+03	  57	  57	6.534372e-01	3.745599e+01	2638	 102	 101	  97	 114	fear	fear_2.png	
IEV	   2	 389	   3	   0	1.690083e+03	  65	  65	6.463523e-01	4.181351e+01	2676	 102	 101	  97	 114	fear	fear_18.png	
IEV	   2	 390	   3	   0	1.697630e+03	  62	  62	6.410893e-01	3.956924e+01	2704	 102	 101	  97	 114	fear	fear_6.png	
IEV	   2	 391	   3	   0	1.703928e+03	  62	   0	6.302685e-01	3.899843e+01	2761	 102	 101	  97	 114	fear	fear_7.png	
IEV	   2	 392	   3	   0	1.711301e+03	  58	  58	6.672169e-01	3.850498e+01	2563	 102	 101	  97	 114	fear	fear_5.png	
IEV	   2	 393	   3	   0	1.719398e+03	  69	  69	6.241335e-01	4.313975e+01	2793	 102	 101	  97	 114	fear	fear_15.png	
IEV	   2	 394	   3	   0	1.726784e+03	  63	  63	6.279729e-01	3.977535e+01	2773	 102	 101	  97	 114	fear	fear_13.png	
IEV	   2	 395	   3	   0	1.733498e+03	  66	  66	6.227859e-01	4.134976e+01	2800	 102	 101	  97	 114	fear	fear_20.png	
IEV	   2	 396	   3	   0	1.741039e+03	  68	  68	6.093999e-01	4.154644e+01	2869	 102	 101	  97	 114	fear	fear_1.png	
IEV	   2	 397	   3	   0	1.748278e+03	  73	   0	5.740985e-01	4.188078e+01	3047	 102	 101	  97	 114	fear	fear_19.png	
IEV	   2	 398	   3	   0	1.756043e+03	  70	   0	5.960366e-01	4.174640e+01	2937	 102	 101	  97	 114	fear	fear_3.png	
IEV	   2	 399	   3	   0	1.762864e+03	  35	  35	8.287806e-01	2.919685e+01	1459	 102	 101	  97	 114	fear	fear_16.png	
IEV	   2	 400	   3	   0	1.769529e+03	  37	  37	7.982250e-01	2.973145e+01	1723	 102	 101	  97	 114	fear	fear_10.png	
IEV	   2	 401	   3	   0	1.777243e+03	  28	  28	8.358386e-01	2.344510e+01	1390	 102	 101	  97	 114	fear	fear_15.png	
IEV	   2	 402	   3	   0	1.783781e+03	  30	   0	8.055359e-01	2.420889e+01	1664	 102	 101	  97	 114	fear	fear_7.png	
IEV	   2	 403	   3	   0	1.790549e+03	  54	  54	6.728299e-01	3.610735e+01	2532	 102	 101	  97	 114	fear	fear_6.png	
IEV	   2	 404	   3	   0	1.797596e+03	  59	  59	6.758869e-01	3.994504e+01	2515	 102	 101	  97	 114	fear	fear_21.png	
IEV	   2	 405	   3	   0	1.804209e+03	  63	  63	6.543644e-01	4.131893e+01	2633	 102	 101	  97	 114	fear	fear_20.png	
IEV	   2	 406	   3	   0	1.811159e+03	  60	  60	6.450399e-01	3.866848e+01	2683	 102	 101	  97	 114	fear	fear_3.png	
IEV	   2	 407	   3	   0	1.818820e+03	  64	  64	6.452275e-01	4.123700e+01	2682	 102	 101	  97	 114	fear	fear_1.png	
IEV	   2	 408	   3	   0	1.826385e+03	  63	  63	6.397681e-01	4.029406e+01	2711	 102	 101	  97	 114	fear	fear_18.png	
IEV	   2	 409	   3	   0	1.832802e+03	  62	  62	6.241335e-01	3.877082e+01	2793	 102	 101	  97	 114	fear	fear_9.png	
IEV	   2	 410	   3	   0	1.840111e+03	  70	   0	6.177635e-01	4.350813e+01	2826	 102	 101	  97	 114	fear	fear_2.png	
IEV	   2	 411	   3	   0	1.847575e+03	  58	  58	6.448522e-01	3.739116e+01	2684	 102	 101	  97	 114	fear	fear_16.png	
IEV	   2	 412	   3	   0	1.854568e+03	  60	  60	6.333201e-01	3.816607e+01	2745	 102	 101	  97	 114	fear	fear_14.png	
IEV	   2	 413	   3	   0	1.862232e+03	  60	   0	6.476625e-01	3.914259e+01	2669	 102	 101	  97	 114	fear	fear_11.png	
IEV	   2	 414	   3	   0	1.868167e+03	  28	  28	8.509622e-01	2.422860e+01	1227	 102	 101	  97	 114	fear	fear_8.png	
IEV	   2	 415	   3	   0	1.874793e+03	  30	  30	8.056574e-01	2.419654e+01	1663	 102	 101	  97	 114	fear	fear_19.png	
IEV	   2	 416	   3	   0	1.881249e+03	  27	  27	8.230958e-01	2.236402e+01	1512	 102	 101	  97	 114	fear	fear_13.png	
IEV	   2	 417	   3	   0	1.887586e+03	  31	  31	8.021004e-01	2.455578e+01	1692	 102	 101	  97	 114	fear	fear_5.png	
IEV	   2	 418	   3	   0	1.894418e+03	  31	  31	8.044384e-01	2.512461e+01	1673	 102	 101	  97	 114	fear	fear_17.png	
IEV	   2	 419	   3	   0	1.901385e+03	  33	  33	8.021004e-01	2.615998e+01	1692	 102	 101	  97	 114	fear	fear_12.png	
IEV	   2	 420	   3	   0	1.908508e+03	  34	  34	7.852155e-01	2.698820e+01	1823	 102	 101	  97	 114	fear	fear_4.png	
DEV	   2	 421	   2	   0	1.978557e+03	  86	   0	3.549073e-01	3.062866e+01	3052	 104	  97	 112	 112	 121	happy	happy_6.png	
DEV	   2	 422	   2	   0	1.985499e+03	  70	  70	8.169897e-01	5.725264e+01	 300	 104	  97	 112	 112	 121	happy	happy_14.png	
DEV	   2	 423	   2	   0	1.991598e+03	  71	  71	6.568876e-01	4.669506e+01	 950	 104	  97	 112	 112	 121	happy	happy_4.png	
DEV	   2	 424	   2	   0	1.997783e+03	  76	  76	7.448333e-01	5.625764e+01	 578	 104	  97	 112	 112	 121	happy	happy_9.png	
DEV	   2	 425	   2	   0	2.003437e+03	  70	  70	8.272325e-01	5.764996e+01	 262	 104	  97	 112	 112	 121	happy	happy_21.png	
DEV	   2	 426	   2	   0	2.009845e+03	  67	  67	7.907169e-01	5.299508e+01	 399	 104	  97	 112	 112	 121	happy	happy_8.png	
DEV	   2	 427	   2	   0	2.016677e+03	  74	  74	8.229094e-01	6.077605e+01	 278	 104	  97	 112	 112	 121	happy	happy_1.png	
DEV	   2	 428	   2	   0	2.022963e+03	  68	  68	7.951848e-01	5.396574e+01	 382	 104	  97	 112	 112	 121	happy	happy_12.png	
DEV	   2	 429	   2	   0	2.029056e+03	  67	  67	7.548973e-01	5.073855e+01	 538	 104	  97	 112	 112	 121	happy	happy_15.png	
DEV	   2	 430	   2	   0	2.035479e+03	  68	   0	8.296709e-01	5.608256e+01	 253	 104	  97	 112	 112	 121	happy	happy_5.png	
DEV	   2	 431	   2	   0	2.041667e+03	  68	  68	8.097644e-01	5.534251e+01	 327	 104	  97	 112	 112	 121	happy	happy_13.png	
DEV	   2	 432	   2	   0	2.047791e+03	  69	  69	7.255352e-01	5.015113e+01	 656	 104	  97	 112	 112	 121	happy	happy_16.png	
DEV	   2	 433	   2	   0	2.054578e+03	  71	   0	6.629126e-01	4.701397e+01	 923	 104	  97	 112	 112	 121	happy	happy_11.png	
DEV	   2	 434	   2	   0	2.060158e+03	  75	  75	7.475897e-01	5.640121e+01	 567	 104	  97	 112	 112	 121	happy	happy_19.png	
DEV	   2	 435	   2	   0	2.066089e+03	  74	  74	7.338934e-01	5.421198e+01	 622	 104	  97	 112	 112	 121	happy	happy_20.png	
DEV	   2	 436	   2	   0	2.072646e+03	  72	   0	7.218745e-01	5.214313e+01	 671	 104	  97	 112	 112	 121	happy	happy_10.png	
DEV	   2	 437	   2	   0	2.079318e+03	  72	  72	7.650721e-01	5.499651e+01	 498	 104	  97	 112	 112	 121	happy	happy_18.png	
DEV	   2	 438	   2	   0	2.085406e+03	  69	  69	7.493482e-01	5.199628e+01	 560	 104	  97	 112	 112	 121	happy	happy_3.png	
DEV	   2	 439	   2	   0	2.091869e+03	  70	  70	7.617533e-01	5.331665e+01	 511	 104	  97	 112	 112	 121	happy	happy_7.png	
DEV	   2	 440	   2	   0	2.097630e+03	  73	   0	7.226053e-01	5.290270e+01	 668	 104	  97	 112	 112	 121	happy	happy_17.png	
DEV	   2	 441	   2	   0	2.103845e+03	  74	  74	6.057059e-01	4.509396e+01	1191	 104	  97	 112	 112	 121	happy	happy_2.png	
DEV	   2	 442	   2	   0	2.110287e+03	  73	  73	5.534602e-01	4.029032e+01	1464	 104	  97	 112	 112	 121	happy	happy_18.png	
DEV	   2	 443	   2	   0	2.118031e+03	  76	  76	5.183797e-01	3.924031e+01	1668	 104	  97	 112	 112	 121	happy	happy_19.png	
DEV	   2	 444	   2	   0	2.124560e+03	  80	   0	4.879166e-01	3.927209e+01	1863	 104	  97	 112	 112	 121	happy	happy_3.png	
DEV	   2	 445	   2	   0	2.130355e+03	  80	  80	5.764333e-01	4.623401e+01	1340	 104	  97	 112	 112	 121	happy	happy_20.png	
DEV	   2	 446	   2	   0	2.136608e+03	  73	   0	5.833389e-01	4.260066e+01	1304	 104	  97	 112	 112	 121	happy	happy_15.png	
DEV	   2	 447	   2	   0	2.143861e+03	  80	   0	5.509454e-01	4.399939e+01	1478	 104	  97	 112	 112	 121	happy	happy_12.png	
DEV	   2	 448	   2	   0	2.150908e+03	  74	  74	7.343877e-01	5.423737e+01	 620	 104	  97	 112	 112	 121	happy	happy_6.png	
DEV	   2	 449	   2	   0	2.156321e+03	  74	  74	7.378555e-01	5.441481e+01	 606	 104	  97	 112	 112	 121	happy	happy_16.png	
DEV	   2	 450	   2	   0	2.162243e+03	  69	  69	7.331526e-01	5.050811e+01	 625	 104	  97	 112	 112	 121	happy	happy_14.png	
DEV	   2	 451	   2	   0	2.168548e+03	  75	  75	7.403412e-01	5.528156e+01	 596	 104	  97	 112	 112	 121	happy	happy_10.png	
DEV	   2	 452	   2	   0	2.173971e+03	  67	  67	7.784614e-01	5.249969e+01	 446	 104	  97	 112	 112	 121	happy	happy_7.png	
DEV	   2	 453	   2	   0	2.180933e+03	  73	  73	8.116334e-01	5.947291e+01	 320	 104	  97	 112	 112	 121	happy	happy_4.png	
DEV	   2	 454	   2	   0	2.186351e+03	  74	  74	7.400923e-01	5.452859e+01	 597	 104	  97	 112	 112	 121	happy	happy_21.png	
DEV	   2	 455	   2	   0	2.192104e+03	  76	  76	7.743224e-01	5.852250e+01	 462	 104	  97	 112	 112	 121	happy	happy_8.png	
DEV	   2	 456	   2	   0	2.197347e+03	  73	  73	7.740643e-01	5.618745e+01	 463	 104	  97	 112	 112	 121	happy	happy_17.png	
DEV	   2	 457	   2	   0	2.203236e+03	  73	  73	8.023185e-01	5.825872e+01	 355	 104	  97	 112	 112	 121	happy	happy_13.png	
DEV	   2	 458	   2	   0	2.209633e+03	  67	  67	7.468371e-01	5.038740e+01	 570	 104	  97	 112	 112	 121	happy	happy_11.png	
DEV	   2	 459	   2	   0	2.215719e+03	  69	  69	7.470879e-01	5.189261e+01	 569	 104	  97	 112	 112	 121	happy	happy_1.png	
DEV	   2	 460	   2	   0	2.221731e+03	  69	  69	7.862675e-01	5.439010e+01	 416	 104	  97	 112	 112	 121	happy	happy_9.png	
DEV	   2	 461	   2	   0	2.228011e+03	  66	  66	8.180639e-01	5.402287e+01	 296	 104	  97	 112	 112	 121	happy	happy_5.png	
DEV	   2	 462	   2	   0	2.234262e+03	  67	   0	7.257798e-01	4.871113e+01	 655	 104	  97	 112	 112	 121	happy	happy_2.png	
CEV	   2	 463	   1	   0	2.305350e+03	 110	   0	3.418571e-01	3.768371e+01	3907	 102	 101	  97	 114	fear	fear_5.png	
CEV	   2	 464	   1	   0	2.312266e+03	  41	   0	8.471429e-01	3.445857e+01	 370	 102	 101	  97	 114	fear	fear_11.png	
CEV	   2	 465	   1	   0	2.320640e+03	  83	   0	4.615714e-01	3.838471e+01	3069	 102	 101	  97	 114	fear	fear_8.png	
CEV	   2	 466	   1	   0	2.327958e+03	  68	  68	5.347143e-01	3.646529e+01	2557	 102	 101	  97	 114	fear	fear_21.png	
CEV	   2	 467	   1	   0	2.334573e+03	  63	  63	6.147143e-01	3.884414e+01	1997	 102	 101	  97	 114	fear	fear_4.png	
CEV	   2	 468	   1	   0	2.341117e+03	  49	   0	6.965714e-01	3.421371e+01	1424	 102	 101	  97	 114	fear	fear_9.png	
CEV	   2	 469	   1	   0	2.347990e+03	  52	  52	7.402857e-01	3.848057e+01	1118	 102	 101	  97	 114	fear	fear_17.png	
CEV	   2	 470	   1	   0	2.354112e+03	  48	  48	7.835714e-01	3.778357e+01	 815	 102	 101	  97	 114	fear	fear_16.png	
CEV	   2	 471	   1	   0	2.360005e+03	  44	  44	8.194286e-01	3.618057e+01	 564	 102	 101	  97	 114	fear	fear_2.png	
CEV	   2	 472	   1	   0	2.366985e+03	  63	   0	5.672857e-01	3.586543e+01	2329	 102	 101	  97	 114	fear	fear_10.png	
CEV	   2	 473	   1	   0	2.374150e+03	  64	   0	6.052857e-01	3.881586e+01	2063	 102	 101	  97	 114	fear	fear_19.png	
CEV	   2	 474	   1	   0	2.379699e+03	  44	  44	8.327143e-01	  37	 471	 102	 101	  97	 114	fear	fear_6.png	
CEV	   2	 475	   1	   0	2.386352e+03	  52	  52	7.800000e-01	4.090000e+01	 840	 102	 101	  97	 114	fear	fear_13.png	
CEV	   2	 476	   1	   0	2.393029e+03	  46	   0	7.374286e-01	3.405029e+01	1138	 102	 101	  97	 114	fear	fear_7.png	
CEV	   2	 477	   1	   0	2.398448e+03	  48	  48	7.814286e-01	3.778143e+01	 830	 102	 101	  97	 114	fear	fear_1.png	
CEV	   2	 478	   1	   0	2.404517e+03	  50	  50	8.252857e-01	4.112643e+01	 523	 102	 101	  97	 114	fear	fear_14.png	
CEV	   2	 479	   1	   0	2.411253e+03	  47	  47	8.160000e-01	3.863200e+01	 588	 102	 101	  97	 114	fear	fear_20.png	
CEV	   2	 480	   1	   0	2.417039e+03	  46	  46	7.908571e-01	3.620914e+01	 764	 102	 101	  97	 114	fear	fear_18.png	
CEV	   2	 481	   1	   0	2.423408e+03	  41	  41	7.964286e-01	3.301786e+01	 725	 102	 101	  97	 114	fear	fear_15.png	
CEV	   2	 482	   1	   0	2.429505e+03	  44	  44	7.898571e-01	3.463043e+01	 771	 102	 101	  97	 114	fear	fear_12.png	
CEV	   2	 483	   1	   0	2.436698e+03	  45	   0	7.968571e-01	3.620314e+01	 722	 102	 101	  97	 114	fear	fear_3.png	
CEV	   2	 484	   1	   0	2.444218e+03	  66	  66	5.817143e-01	3.816343e+01	2228	 102	 101	  97	 114	fear	fear_2.png	
CEV	   2	 485	   1	   0	2.451655e+03	  64	   0	5.505714e-01	3.534829e+01	2446	 102	 101	  97	 114	fear	fear_3.png	
CEV	   2	 486	   1	   0	2.459169e+03	  61	   0	5.917143e-01	3.581657e+01	2158	 102	 101	  97	 114	fear	fear_19.png	
CEV	   2	 487	   1	   0	2.465203e+03	  43	  43	8.054286e-01	3.458371e+01	 662	 102	 101	  97	 114	fear	fear_20.png	
CEV	   2	 488	   1	   0	2.471008e+03	  41	  41	8.150000e-01	3.374000e+01	 595	 102	 101	  97	 114	fear	fear_13.png	
CEV	   2	 489	   1	   0	2.476832e+03	  43	  43	8.124286e-01	3.456271e+01	 613	 102	 101	  97	 114	fear	fear_18.png	
CEV	   2	 490	   1	   0	2.482337e+03	  49	  49	7.944286e-01	3.858886e+01	 739	 102	 101	  97	 114	fear	fear_16.png	
CEV	   2	 491	   1	   0	2.488770e+03	  48	  48	8.087143e-01	3.861743e+01	 639	 102	 101	  97	 114	fear	fear_7.png	
CEV	   2	 492	   1	   0	2.495514e+03	  49	  49	7.758571e-01	3.777586e+01	 869	 102	 101	  97	 114	fear	fear_5.png	
CEV	   2	 493	   1	   0	2.501356e+03	  50	  50	8.078571e-01	4.023143e+01	 645	 102	 101	  97	 114	fear	fear_14.png	
CEV	   2	 494	   1	   0	2.507352e+03	  48	   0	7.974286e-01	3.859486e+01	 718	 102	 101	  97	 114	fear	fear_15.png	
CEV	   2	 495	   1	   0	2.513455e+03	  48	  48	7.620000e-01	3.623800e+01	 966	 102	 101	  97	 114	fear	fear_17.png	
CEV	   2	 496	   1	   0	2.519781e+03	  47	  47	8.120000e-01	3.781200e+01	 616	 102	 101	  97	 114	fear	fear_12.png	
CEV	   2	 497	   1	   0	2.525832e+03	  45	  45	7.790000e-01	3.544200e+01	 847	 102	 101	  97	 114	fear	fear_11.png	
CEV	   2	 498	   1	   0	2.532114e+03	  65	  65	5.701429e-01	3.700000e+01	2309	 102	 101	  97	 114	fear	fear_9.png	
CEV	   2	 499	   1	   0	2.539241e+03	  67	   0	5.810000e-01	3.874300e+01	2233	 102	 101	  97	 114	fear	fear_6.png	
CEV	   2	 500	   1	   0	2.546723e+03	  63	  63	5.454286e-01	3.427286e+01	2482	 102	 101	  97	 114	fear	fear_1.png	
CEV	   2	 501	   1	   0	2.553994e+03	  64	   0	5.434286e-01	3.482629e+01	2496	 102	 101	  97	 114	fear	fear_21.png	
CEV	   2	 502	   1	   0	2.560238e+03	  52	  52	7.791429e-01	4.089571e+01	 846	 102	 101	  97	 114	fear	fear_8.png	
CEV	   2	 503	   1	   0	2.566680e+03	  50	  50	8.051429e-01	4.022057e+01	 664	 102	 101	  97	 114	fear	fear_4.png	
CEV	   2	 504	   1	   0	2.572867e+03	  49	  49	7.918571e-01	3.858371e+01	 757	 102	 101	  97	 114	fear	fear_10.png	
