#Subj:	10959
#Run:	1
#Age:	24
#Gender:	male
#04-Jun-2013
Func	Run	Trial	Block	Null	trialStartTime	Mag	ScoreInc	Freq	EV	RT	Emotion	Image
CEV	   1	   1	  12	   0	1.056105e+02	  78	   0	4.850000e-01	3.797000e+01	2905	scram	scram_16.png	
CEV	   1	   2	  12	   0	1.118205e+02	  46	  46	8.477143e-01	3.869543e+01	 366	scram	scram_8.png	
CEV	   1	   3	  12	   0	1.182167e+02	  45	  45	8.528571e-01	3.870571e+01	 330	scram	scram_15.png	
CEV	   1	   4	  12	   0	1.237555e+02	  49	  49	7.792857e-01	3.855857e+01	 845	scram	scram_12.png	
CEV	   1	   5	  12	   0	1.307457e+02	  46	  46	7.645714e-01	3.547086e+01	 948	scram	scram_3.png	
CEV	   1	   6	  12	   0	1.373862e+02	  49	   0	6.928571e-01	3.422857e+01	1450	scram	scram_2.png	
CEV	   1	   7	  12	   0	1.436580e+02	  50	  50	7.695714e-01	3.853914e+01	 913	scram	scram_5.png	
CEV	   1	   8	  12	   0	1.500224e+02	  53	  53	7.718571e-01	4.085929e+01	 897	scram	scram_18.png	
CEV	   1	   9	  12	   0	1.560013e+02	  47	  47	7.708571e-01	3.622914e+01	 904	scram	scram_7.png	
CEV	   1	  10	  12	   0	1.635626e+02	  84	   0	4.585714e-01	3.837571e+01	3090	scram	scram_21.png	
CEV	   1	  11	  12	   0	1.711533e+02	  57	  57	6.214286e-01	3.513571e+01	1950	scram	scram_6.png	
CEV	   1	  12	  12	   0	1.779104e+02	  60	   0	6.054286e-01	3.639457e+01	2062	scram	scram_19.png	
CEV	   1	  13	  12	   0	1.842914e+02	  50	  50	7.672857e-01	3.853457e+01	 929	scram	scram_9.png	
CEV	   1	  14	  12	   0	1.906656e+02	  46	  46	7.692857e-01	3.546143e+01	 915	scram	scram_20.png	
CEV	   1	  15	  12	   0	1.979974e+02	 107	 107	3.528571e-01	3.770571e+01	3830	scram	scram_17.png	
CEV	   1	  16	  12	   0	2.059058e+02	  97	   0	3.665714e-01	3.553371e+01	3734	scram	scram_11.png	
CEV	   1	  17	  12	   0	2.126609e+02	 112	 112	3.462857e-01	3.873143e+01	3876	scram	scram_14.png	
CEV	   1	  18	  12	   0	2.195933e+02	 106	 106	3.534286e-01	3.735343e+01	3826	scram	scram_10.png	
CEV	   1	  19	  12	   0	2.276147e+02	 107	 107	3.562857e-01	3.806886e+01	3806	scram	scram_13.png	
CEV	   1	  20	  12	   0	2.362487e+02	 105	   0	3.525714e-01	  37	3832	scram	scram_1.png	
CEV	   1	  21	  12	   0	2.441154e+02	 112	   0	3.431429e-01	3.837257e+01	3898	scram	scram_4.png	
CEV	   1	  22	  12	   0	2.502111e+02	  45	  45	8.207143e-01	  37	 555	scram	scram_12.png	
CEV	   1	  23	  12	   0	2.579636e+02	 109	 109	3.285714e-01	3.568571e+01	4000	scram	scram_3.png	
CEV	   1	  24	  12	   0	2.667780e+02	 114	 114	3.318571e-01	3.799557e+01	3977	scram	scram_2.png	
CEV	   1	  25	  12	   0	2.749531e+02	 111	 111	3.411429e-01	3.802343e+01	3912	scram	scram_11.png	
CEV	   1	  26	  12	   0	2.820732e+02	 116	   0	3.308571e-01	3.832343e+01	3984	scram	scram_9.png	
CEV	   1	  27	  12	   0	2.895828e+02	 108	 108	3.325714e-01	3.600229e+01	3972	scram	scram_5.png	
CEV	   1	  28	  12	   0	2.977826e+02	 112	   0	3.342857e-01	3.733429e+01	3960	scram	scram_21.png	
CEV	   1	  29	  12	   0	3.052535e+02	  99	   0	3.711429e-01	3.662886e+01	3702	scram	scram_20.png	
CEV	   1	  30	  12	   0	3.120310e+02	  49	  49	7.692857e-01	3.776929e+01	 915	scram	scram_19.png	
CEV	   1	  31	  12	   0	3.187138e+02	  52	  52	7.681429e-01	4.007257e+01	 923	scram	scram_10.png	
CEV	   1	  32	  12	   0	3.251843e+02	  68	   0	5.714286e-01	3.871429e+01	2300	scram	scram_8.png	
CEV	   1	  33	  12	   0	3.320444e+02	 106	   0	3.460000e-01	3.665400e+01	3878	scram	scram_6.png	
CEV	   1	  34	  12	   0	3.389269e+02	  78	  78	4.537143e-01	3.518514e+01	3124	scram	scram_14.png	
CEV	   1	  35	  12	   0	3.460377e+02	  78	   0	4.755714e-01	  37	2971	scram	scram_15.png	
CEV	   1	  36	  12	   0	3.518971e+02	  52	  52	7.750000e-01	4.010000e+01	 875	scram	scram_7.png	
CEV	   1	  37	  12	   0	3.583889e+02	  49	  49	7.655714e-01	3.776557e+01	 941	scram	scram_4.png	
CEV	   1	  38	  12	   0	3.661269e+02	  79	  79	4.382857e-01	3.480857e+01	3232	scram	scram_18.png	
CEV	   1	  39	  12	   0	3.725007e+02	  78	   0	4.565714e-01	3.563029e+01	3104	scram	scram_16.png	
CEV	   1	  40	  12	   0	3.808192e+02	  87	   0	4.154286e-01	3.616914e+01	3392	scram	scram_13.png	
CEV	   1	  41	  12	   0	3.873267e+02	  46	  46	7.612857e-01	3.471614e+01	 971	scram	scram_1.png	
CEV	   1	  42	  12	   0	3.935059e+02	  46	  46	7.695714e-01	3.546086e+01	 913	scram	scram_17.png	
DEV	   1	  43	  11	   0	4.654114e+02	  77	   0	6.335835e-01	4.860449e+01	1057	fear	fear_7.png	
DEV	   1	  44	  11	   0	4.713132e+02	  71	  71	7.501029e-01	5.353097e+01	 557	fear	fear_13.png	
DEV	   1	  45	  11	   0	4.783279e+02	  76	   0	4.705990e-01	3.574054e+01	1983	fear	fear_18.png	
DEV	   1	  46	  11	   0	4.841834e+02	  74	   0	5.532800e-01	4.083304e+01	1465	fear	fear_16.png	
DEV	   1	  47	  11	   0	4.917035e+02	  84	   0	2.964875e-01	2.493608e+01	3794	fear	fear_11.png	
DEV	   1	  48	  11	   0	4.980389e+02	  71	  71	6.408889e-01	4.519434e+01	1023	fear	fear_6.png	
DEV	   1	  49	  11	   0	5.047872e+02	  78	   0	3.550763e-01	2.780074e+01	3050	fear	fear_17.png	
DEV	   1	  50	  11	   0	5.116793e+02	  76	   0	4.033201e-01	3.058011e+01	2536	fear	fear_9.png	
DEV	   1	  51	  11	   0	5.172158e+02	  76	   0	6.852630e-01	5.228385e+01	 825	fear	fear_10.png	
DEV	   1	  52	  11	   0	5.232172e+02	  66	  66	8.025836e-01	5.265227e+01	 354	fear	fear_21.png	
DEV	   1	  53	  11	   0	5.299029e+02	  67	  67	8.113662e-01	5.459308e+01	 321	fear	fear_12.png	
DEV	   1	  54	  11	   0	5.361063e+02	  69	   0	8.020535e-01	5.503886e+01	 356	fear	fear_15.png	
DEV	   1	  55	  11	   0	5.434315e+02	  76	  76	4.682306e-01	3.559024e+01	2000	fear	fear_2.png	
DEV	   1	  56	  11	   0	5.500559e+02	  75	  75	4.683694e-01	3.513068e+01	1999	fear	fear_8.png	
DEV	   1	  57	  11	   0	5.568553e+02	  84	   0	4.483407e-01	3.745762e+01	2149	fear	fear_1.png	
DEV	   1	  58	  11	   0	5.640833e+02	  79	  79	4.675380e-01	3.694886e+01	2005	fear	fear_4.png	
DEV	   1	  59	  11	   0	5.708024e+02	  83	   0	4.701795e-01	3.900519e+01	1986	fear	fear_20.png	
DEV	   1	  60	  11	   0	5.780013e+02	  78	   0	4.771124e-01	3.710692e+01	1937	fear	fear_3.png	
DEV	   1	  61	  11	   0	5.838236e+02	  73	  73	6.476307e-01	4.749508e+01	 992	fear	fear_14.png	
DEV	   1	  62	  11	   0	5.899847e+02	  72	  72	6.374394e-01	4.564745e+01	1039	fear	fear_19.png	
DEV	   1	  63	  11	   0	5.974392e+02	  76	  76	4.605742e-01	3.510283e+01	2056	fear	fear_5.png	
DEV	   1	  64	  11	   0	6.040694e+02	  78	  78	4.673996e-01	3.647225e+01	2006	fear	fear_3.png	
DEV	   1	  65	  11	   0	6.110378e+02	  83	   0	4.572273e-01	3.808962e+01	2081	fear	fear_1.png	
DEV	   1	  66	  11	   0	6.182420e+02	  74	  74	6.560000e-01	4.861584e+01	 954	fear	fear_19.png	
DEV	   1	  67	  11	   0	6.256722e+02	  77	   0	4.696213e-01	3.614814e+01	1990	fear	fear_7.png	
DEV	   1	  68	  11	   0	6.330959e+02	  78	  78	4.693426e-01	3.659952e+01	1992	fear	fear_9.png	
DEV	   1	  69	  11	   0	6.395359e+02	  78	  78	6.404565e-01	4.965448e+01	1025	fear	fear_16.png	
DEV	   1	  70	  11	   0	6.471610e+02	  76	  76	4.689250e-01	3.563433e+01	1995	fear	fear_4.png	
DEV	   1	  71	  11	   0	6.529770e+02	  75	  75	4.717207e-01	3.533992e+01	1975	fear	fear_10.png	
DEV	   1	  72	  11	   0	6.585303e+02	  79	   0	6.352940e-01	4.997731e+01	1049	fear	fear_21.png	
DEV	   1	  73	  11	   0	6.646428e+02	  75	  75	6.531238e-01	4.910695e+01	 967	fear	fear_17.png	
DEV	   1	  74	  11	   0	6.710949e+02	  76	  76	4.619252e-01	3.518900e+01	2046	fear	fear_5.png	
DEV	   1	  75	  11	   0	6.784425e+02	  82	  82	4.631471e-01	3.804576e+01	2037	fear	fear_6.png	
DEV	   1	  76	  11	   0	6.863798e+02	  74	  74	4.660204e-01	3.451774e+01	2016	fear	fear_12.png	
DEV	   1	  77	  11	   0	6.929969e+02	  83	   0	3.614128e-01	3.003189e+01	2976	fear	fear_20.png	
DEV	   1	  78	  11	   0	6.998573e+02	  80	  80	4.597670e-01	3.689037e+01	2062	fear	fear_8.png	
DEV	   1	  79	  11	   0	7.072154e+02	  79	  79	4.604395e-01	3.647555e+01	2057	fear	fear_11.png	
DEV	   1	  80	  11	   0	7.127788e+02	  77	  77	6.316654e-01	4.848962e+01	1066	fear	fear_18.png	
DEV	   1	  81	  11	   0	7.197150e+02	  81	  81	4.664334e-01	3.780821e+01	2013	fear	fear_2.png	
DEV	   1	  82	  11	   0	7.266520e+02	  78	   0	4.665712e-01	3.641795e+01	2012	fear	fear_13.png	
DEV	   1	  83	  11	   0	7.325342e+02	  78	  78	6.272153e-01	4.884937e+01	1087	fear	fear_14.png	
DEV	   1	  84	  11	   0	7.390466e+02	  78	   0	6.595583e-01	5.145367e+01	 938	fear	fear_15.png	
IEV	   1	  85	  10	   0	8.090929e+02	  25	  25	8.593953e-01	2.147578e+01	1124	happy	happy_19.png	
IEV	   1	  86	  10	   0	8.158275e+02	  40	  40	7.626837e-01	3.055914e+01	1984	happy	happy_18.png	
IEV	   1	  87	  10	   0	8.225449e+02	  74	  74	5.892959e-01	4.332509e+01	2971	happy	happy_12.png	
IEV	   1	  88	  10	   0	8.308837e+02	  78	   0	5.809186e-01	4.554086e+01	3013	happy	happy_14.png	
IEV	   1	  89	  10	   0	8.374731e+02	  40	  40	7.725751e-01	3.124278e+01	1915	happy	happy_17.png	
IEV	   1	  90	  10	   0	8.447838e+02	 140	   0	3.855039e-01	5.386070e+01	3958	happy	happy_5.png	
IEV	   1	  91	  10	   0	8.520172e+02	  74	   0	5.829181e-01	4.310303e+01	3003	happy	happy_8.png	
IEV	   1	  92	  10	   0	8.589447e+02	  45	  45	7.616610e-01	3.445512e+01	1991	happy	happy_13.png	
IEV	   1	  93	  10	   0	8.663702e+02	  53	  53	6.985701e-01	3.702360e+01	2386	happy	happy_6.png	
IEV	   1	  94	  10	   0	8.732887e+02	  33	  33	7.920767e-01	2.633675e+01	1771	happy	happy_15.png	
IEV	   1	  95	  10	   0	8.800653e+02	  35	  35	8.025950e-01	2.771648e+01	1688	happy	happy_2.png	
IEV	   1	  96	  10	   0	8.872813e+02	  60	  60	6.706630e-01	4.028475e+01	2544	happy	happy_7.png	
IEV	   1	  97	  10	   0	8.944135e+02	  62	  62	6.287387e-01	3.909776e+01	2769	happy	happy_4.png	
IEV	   1	  98	  10	   0	9.018772e+02	  51	  51	6.854946e-01	3.519640e+01	2461	happy	happy_10.png	
IEV	   1	  99	  10	   0	9.087171e+02	  31	   0	8.145473e-01	2.490703e+01	1588	happy	happy_21.png	
IEV	   1	 100	  10	   0	9.158160e+02	  34	  34	7.973395e-01	2.742167e+01	1730	happy	happy_20.png	
IEV	   1	 101	  10	   0	9.233721e+02	  58	   0	6.884862e-01	3.979697e+01	2444	happy	happy_9.png	
IEV	   1	 102	  10	   0	9.301184e+02	  18	  18	8.883149e-01	1.632485e+01	 624	happy	happy_16.png	
IEV	   1	 103	  10	   0	9.371189e+02	  62	  62	6.357914e-01	3.927308e+01	2732	happy	happy_3.png	
IEV	   1	 104	  10	   0	9.440982e+02	  90	  90	5.243201e-01	4.731058e+01	3291	happy	happy_11.png	
IEV	   1	 105	  10	   0	9.508863e+02	  23	  23	8.742866e-01	2.031911e+01	 908	happy	happy_1.png	
IEV	   1	 106	  10	   0	9.572583e+02	  24	  24	8.467352e-01	2.049213e+01	1275	happy	happy_21.png	
IEV	   1	 107	  10	   0	9.641155e+02	  25	  25	8.493992e-01	2.101637e+01	1245	happy	happy_10.png	
IEV	   1	 108	  10	   0	9.713775e+02	  76	  76	5.724889e-01	4.369336e+01	3055	happy	happy_8.png	
IEV	   1	 109	  10	   0	9.767727e+02	  21	  21	8.599370e-01	1.796640e+01	1117	happy	happy_1.png	
IEV	   1	 110	  10	   0	9.836297e+02	  37	  37	8.079518e-01	2.961802e+01	1644	happy	happy_9.png	
IEV	   1	 111	  10	   0	9.908993e+02	 132	   0	4.049579e-01	5.360999e+01	3864	happy	happy_11.png	
IEV	   1	 112	  10	   0	9.977734e+02	  31	  31	8.269821e-01	2.524556e+01	1476	happy	happy_19.png	
IEV	   1	 113	  10	   0	1.004843e+03	  58	  58	6.510210e-01	3.762027e+01	2651	happy	happy_2.png	
IEV	   1	 114	  10	   0	1.011891e+03	  47	  47	7.567921e-01	3.560154e+01	2024	happy	happy_5.png	
IEV	   1	 115	  10	   0	1.018484e+03	  70	  70	6.047021e-01	4.243345e+01	2893	happy	happy_6.png	
IEV	   1	 116	  10	   0	1.025354e+03	  60	  60	6.545497e-01	3.934374e+01	2632	happy	happy_20.png	
IEV	   1	 117	  10	   0	1.031448e+03	  37	  37	7.994834e-01	2.961413e+01	1713	happy	happy_13.png	
IEV	   1	 118	  10	   0	1.037965e+03	  35	   0	7.951732e-01	2.762826e+01	1747	happy	happy_18.png	
IEV	   1	 119	  10	   0	1.045059e+03	  45	   0	7.109825e-01	3.186292e+01	2313	happy	happy_7.png	
IEV	   1	 120	  10	   0	1.051573e+03	  29	  29	8.571887e-01	2.518539e+01	1152	happy	happy_17.png	
IEV	   1	 121	  10	   0	1.058292e+03	  28	  28	8.174106e-01	2.297532e+01	1563	happy	happy_4.png	
IEV	   1	 122	  10	   0	1.064477e+03	  25	  25	8.451927e-01	2.152331e+01	1292	happy	happy_14.png	
IEV	   1	 123	  10	   0	1.071478e+03	  60	   0	6.365503e-01	3.795080e+01	2728	happy	happy_3.png	
IEV	   1	 124	  10	   0	1.078186e+03	  21	  21	8.580632e-01	1.821360e+01	1141	happy	happy_15.png	
IEV	   1	 125	  10	   0	1.084209e+03	  26	  26	8.558177e-01	2.192895e+01	1169	happy	happy_12.png	
IEV	   1	 126	  10	   0	1.091877e+03	  45	   0	7.516951e-01	3.374329e+01	2058	happy	happy_16.png	
CEVR	   1	 127	   9	   0	1.162710e+03	  72	  72	5.413880e-01	3.916555e+01	3908	fear	fear_10.png	
CEVR	   1	 128	   9	   0	1.169913e+03	  73	  73	5.225989e-01	3.804520e+01	3822	fear	fear_16.png	
CEVR	   1	 129	   9	   0	1.176998e+03	  89	   0	3.915936e-01	3.504203e+01	2993	fear	fear_2.png	
CEVR	   1	 130	   9	   0	1.184073e+03	  95	   0	3.877246e-01	  37	2960	fear	fear_15.png	
CEVR	   1	 131	   9	   0	1.190456e+03	 128	   0	2.992144e-01	3.819686e+01	1972	fear	fear_21.png	
CEVR	   1	 132	   9	   0	1.197774e+03	 122	   0	3.047059e-01	3.730471e+01	2050	fear	fear_5.png	
CEVR	   1	 133	   9	   0	1.205525e+03	  71	   0	5.420678e-01	3.862620e+01	3911	fear	fear_11.png	
CEVR	   1	 134	   9	   0	1.212250e+03	 164	   0	2.216707e-01	3.633499e+01	 458	fear	fear_8.png	
CEVR	   1	 135	   9	   0	1.218948e+03	 155	 155	2.446165e-01	3.797847e+01	1006	fear	fear_6.png	
CEVR	   1	 136	   9	   0	1.225457e+03	 150	 150	2.459639e-01	3.700000e+01	1035	fear	fear_18.png	
CEVR	   1	 137	   9	   0	1.232168e+03	 156	   0	2.455907e-01	3.822795e+01	1027	fear	fear_13.png	
CEVR	   1	 138	   9	   0	1.237925e+03	 152	   0	2.435584e-01	  37	 983	fear	fear_1.png	
CEVR	   1	 139	   9	   0	1.244738e+03	 147	   0	2.457772e-01	3.601689e+01	1031	fear	fear_3.png	
CEVR	   1	 140	   9	   0	1.250957e+03	 145	 145	2.461041e-01	3.576948e+01	1038	fear	fear_20.png	
CEVR	   1	 141	   9	   0	1.256688e+03	 149	 149	2.479418e-01	3.700000e+01	1077	fear	fear_17.png	
CEVR	   1	 142	   9	   0	1.263793e+03	 149	   0	2.529297e-01	3.775879e+01	1180	fear	fear_19.png	
CEVR	   1	 143	   9	   0	1.269900e+03	 153	 153	2.445703e-01	3.748914e+01	1005	fear	fear_12.png	
CEVR	   1	 144	   9	   0	1.276666e+03	 156	   0	2.407958e-01	3.748159e+01	 922	fear	fear_7.png	
CEVR	   1	 145	   9	   0	1.282418e+03	 160	   0	2.392389e-01	3.819619e+01	 887	fear	fear_9.png	
CEVR	   1	 146	   9	   0	1.288758e+03	 152	   0	2.480843e-01	3.774425e+01	1080	fear	fear_4.png	
CEVR	   1	 147	   9	   0	1.294478e+03	 165	   0	2.223176e-01	3.677768e+01	 475	fear	fear_14.png	
CEVR	   1	 148	   9	   0	1.301633e+03	 143	 143	2.518475e-01	3.599261e+01	1158	fear	fear_21.png	
CEVR	   1	 149	   9	   0	1.308554e+03	 124	   0	2.905542e-01	3.612834e+01	1843	fear	fear_7.png	
CEVR	   1	 150	   9	   0	1.315235e+03	 151	   0	2.508232e-01	3.775247e+01	1137	fear	fear_18.png	
CEVR	   1	 151	   9	   0	1.321517e+03	 151	   0	2.394158e-01	3.604234e+01	 891	fear	fear_3.png	
CEVR	   1	 152	   9	   0	1.328221e+03	 146	   0	2.532264e-01	3.700000e+01	1186	fear	fear_19.png	
CEVR	   1	 153	   9	   0	1.335354e+03	  77	   0	4.912747e-01	3.798255e+01	3664	fear	fear_12.png	
CEVR	   1	 154	   9	   0	1.341750e+03	 144	   0	2.530285e-01	3.649394e+01	1182	fear	fear_16.png	
CEVR	   1	 155	   9	   0	1.347419e+03	 149	   0	2.405722e-01	3.579714e+01	 917	fear	fear_2.png	
CEVR	   1	 156	   9	   0	1.353237e+03	 148	 148	2.449404e-01	3.626518e+01	1013	fear	fear_15.png	
CEVR	   1	 157	   9	   0	1.359817e+03	 152	 152	2.425548e-01	3.675745e+01	 961	fear	fear_1.png	
CEVR	   1	 158	   9	   0	1.366807e+03	 152	   0	2.426457e-01	3.700000e+01	 963	fear	fear_13.png	
CEVR	   1	 159	   9	   0	1.373224e+03	 156	   0	2.450331e-01	3.822517e+01	1015	fear	fear_6.png	
CEVR	   1	 160	   9	   0	1.380168e+03	 146	   0	2.474680e-01	3.601013e+01	1067	fear	fear_11.png	
CEVR	   1	 161	   9	   0	1.386057e+03	 145	   0	2.520927e-01	3.649581e+01	1163	fear	fear_17.png	
CEVR	   1	 162	   9	   0	1.392716e+03	 149	   0	2.481794e-01	  37	1082	fear	fear_9.png	
CEVR	   1	 163	   9	   0	1.398749e+03	 172	   0	2.140496e-01	3.678595e+01	 250	fear	fear_8.png	
CEVR	   1	 164	   9	   0	1.406450e+03	 122	   0	2.991453e-01	3.640171e+01	1971	fear	fear_10.png	
CEVR	   1	 165	   9	   0	1.412909e+03	 150	   0	2.492782e-01	3.749856e+01	1105	fear	fear_20.png	
CEVR	   1	 166	   9	   0	1.419792e+03	 110	   0	3.435013e-01	3.768700e+01	2530	fear	fear_14.png	
CEVR	   1	 167	   9	   0	1.426675e+03	  93	  93	3.862213e-01	3.584134e+01	2947	fear	fear_4.png	
CEVR	   1	 168	   9	   0	1.435079e+03	  99	  99	3.919492e-01	3.895975e+01	2996	fear	fear_5.png	
DEV	   1	 169	   8	   0	1.505672e+03	  70	  70	6.132571e-01	4.308193e+01	1154	scram	scram_13.png	
DEV	   1	 170	   8	   0	1.510895e+03	  75	  75	7.528755e-01	5.667416e+01	 546	scram	scram_11.png	
DEV	   1	 171	   8	   0	1.518185e+03	  74	  74	5.286882e-01	3.935169e+01	1606	scram	scram_9.png	
DEV	   1	 172	   8	   0	1.525248e+03	  79	   0	4.717207e-01	3.722681e+01	1975	scram	scram_16.png	
DEV	   1	 173	   8	   0	1.531703e+03	  69	   0	7.133974e-01	4.957044e+01	 706	scram	scram_3.png	
DEV	   1	 174	   8	   0	1.538759e+03	  83	   0	3.577965e-01	2.977204e+01	3018	scram	scram_10.png	
DEV	   1	 175	   8	   0	1.544946e+03	  72	  72	6.291181e-01	4.519109e+01	1078	scram	scram_20.png	
DEV	   1	 176	   8	   0	1.551249e+03	  75	  75	6.219642e-01	4.666092e+01	1112	scram	scram_4.png	
DEV	   1	 177	   8	   0	1.558220e+03	  76	  76	6.359368e-01	4.810914e+01	1046	scram	scram_17.png	
DEV	   1	 178	   8	   0	1.564710e+03	  75	  75	5.872213e-01	4.399973e+01	1284	scram	scram_8.png	
DEV	   1	 179	   8	   0	1.573357e+03	  82	  82	2.967973e-01	2.436589e+01	3790	scram	scram_19.png	
DEV	   1	 180	   8	   0	1.581447e+03	  84	  84	3.204858e-01	2.704434e+01	3482	scram	scram_21.png	
DEV	   1	 181	   8	   0	1.588755e+03	  86	   0	3.174818e-01	2.745528e+01	3521	scram	scram_15.png	
DEV	   1	 182	   8	   0	1.594824e+03	  79	  79	5.574444e-01	4.386806e+01	1442	scram	scram_1.png	
DEV	   1	 183	   8	   0	1.601052e+03	  78	  78	5.368798e-01	4.199600e+01	1558	scram	scram_12.png	
DEV	   1	 184	   8	   0	1.607425e+03	  82	   0	5.220026e-01	4.259785e+01	1646	scram	scram_7.png	
DEV	   1	 185	   8	   0	1.615940e+03	  87	  87	3.012761e-01	2.620079e+01	3732	scram	scram_14.png	
DEV	   1	 186	   8	   0	1.622910e+03	  85	  85	3.095736e-01	2.622688e+01	3624	scram	scram_2.png	
DEV	   1	 187	   8	   0	1.629237e+03	  78	  78	4.742616e-01	3.692104e+01	1957	scram	scram_18.png	
DEV	   1	 188	   8	   0	1.635964e+03	  78	  78	4.025847e-01	3.133821e+01	2543	scram	scram_5.png	
DEV	   1	 189	   8	   0	1.643566e+03	  81	  81	3.505500e-01	2.854812e+01	3104	scram	scram_6.png	
DEV	   1	 190	   8	   0	1.649346e+03	  73	  73	7.240690e-01	5.297802e+01	 662	scram	scram_8.png	
DEV	   1	 191	   8	   0	1.654955e+03	  71	  71	8.121679e-01	5.787180e+01	 318	scram	scram_7.png	
DEV	   1	 192	   8	   0	1.662332e+03	  84	  84	3.383385e-01	2.836117e+01	3254	scram	scram_15.png	
DEV	   1	 193	   8	   0	1.669451e+03	  78	  78	3.650848e-01	2.846964e+01	2934	scram	scram_16.png	
DEV	   1	 194	   8	   0	1.676856e+03	  81	   0	4.062874e-01	3.280122e+01	2508	scram	scram_2.png	
DEV	   1	 195	   8	   0	1.683434e+03	  77	   0	5.206808e-01	3.990430e+01	1654	scram	scram_18.png	
DEV	   1	 196	   8	   0	1.689249e+03	  71	   0	8.094976e-01	5.776065e+01	 328	scram	scram_3.png	
DEV	   1	 197	   8	   0	1.696304e+03	  84	   0	2.967199e-01	2.495364e+01	3791	scram	scram_6.png	
DEV	   1	 198	   8	   0	1.702433e+03	  71	  71	6.128461e-01	4.367251e+01	1156	scram	scram_20.png	
DEV	   1	 199	   8	   0	1.709950e+03	  80	  80	5.417439e-01	4.339237e+01	1530	scram	scram_13.png	
DEV	   1	 200	   8	   0	1.716840e+03	  74	  74	5.169086e-01	3.811475e+01	1677	scram	scram_9.png	
DEV	   1	 201	   8	   0	1.723172e+03	  76	  76	4.741198e-01	3.596355e+01	1958	scram	scram_5.png	
DEV	   1	 202	   8	   0	1.731071e+03	  81	   0	3.515492e-01	2.861839e+01	3092	scram	scram_11.png	
DEV	   1	 203	   8	   0	1.737805e+03	  78	   0	5.034849e-01	3.931372e+01	1761	scram	scram_19.png	
DEV	   1	 204	   8	   0	1.744632e+03	  73	   0	7.035829e-01	5.120147e+01	 747	scram	scram_4.png	
DEV	   1	 205	   8	   0	1.752501e+03	  83	   0	3.563478e-01	2.966774e+01	3035	scram	scram_1.png	
DEV	   1	 206	   8	   0	1.760088e+03	  80	   0	3.216437e-01	2.584391e+01	3467	scram	scram_14.png	
DEV	   1	 207	   8	   0	1.767013e+03	  74	   0	5.758626e-01	4.274153e+01	1343	scram	scram_10.png	
DEV	   1	 208	   8	   0	1.774028e+03	  83	  83	4.050107e-01	3.352329e+01	2520	scram	scram_21.png	
DEV	   1	 209	   8	   0	1.780992e+03	  79	  79	3.970977e-01	3.137257e+01	2596	scram	scram_12.png	
DEV	   1	 210	   8	   0	1.788466e+03	  83	   0	3.925482e-01	3.263656e+01	2641	scram	scram_17.png	
CEVR	   1	 211	   7	   0	1.858695e+03	 145	   0	2.518475e-01	3.649630e+01	1158	happy	happy_21.png	
CEVR	   1	 212	   7	   0	1.864197e+03	 168	 168	2.230835e-01	3.744617e+01	 495	happy	happy_16.png	
CEVR	   1	 213	   7	   0	1.870245e+03	 164	   0	2.267157e-01	3.722672e+01	 588	happy	happy_9.png	
CEVR	   1	 214	   7	   0	1.876662e+03	 112	 112	3.428647e-01	3.837146e+01	2523	happy	happy_10.png	
CEVR	   1	 215	   7	   0	1.884190e+03	 107	   0	3.448735e-01	3.700000e+01	2545	happy	happy_8.png	
CEVR	   1	 216	   7	   0	1.890890e+03	 137	   0	2.693428e-01	3.700000e+01	1492	happy	happy_7.png	
CEVR	   1	 217	   7	   0	1.898642e+03	  81	   0	4.454764e-01	3.610905e+01	3393	happy	happy_13.png	
CEVR	   1	 218	   7	   0	1.904853e+03	 160	 160	2.310849e-01	  37	 696	happy	happy_14.png	
CEVR	   1	 219	   7	   0	1.910994e+03	 161	   0	2.260429e-01	3.632187e+01	 571	happy	happy_17.png	
CEVR	   1	 220	   7	   0	1.918120e+03	 159	 159	2.329137e-01	  37	 740	happy	happy_20.png	
CEVR	   1	 221	   7	   0	1.924591e+03	 103	   0	3.527649e-01	3.629447e+01	2629	happy	happy_6.png	
CEVR	   1	 222	   7	   0	1.931103e+03	 105	   0	3.418691e-01	3.597439e+01	2512	happy	happy_1.png	
CEVR	   1	 223	   7	   0	1.937916e+03	 157	   0	2.317881e-01	3.630464e+01	 713	happy	happy_19.png	
CEVR	   1	 224	   7	   0	1.943730e+03	 135	   0	2.706940e-01	3.645861e+01	1516	happy	happy_2.png	
CEVR	   1	 225	   7	   0	1.950443e+03	 145	   0	2.496626e-01	3.625101e+01	1113	happy	happy_11.png	
CEVR	   1	 226	   7	   0	1.958207e+03	 119	   0	2.997685e-01	3.580093e+01	1980	happy	happy_3.png	
CEVR	   1	 227	   7	   0	1.965747e+03	  97	   0	3.883058e-01	3.777661e+01	2965	happy	happy_5.png	
CEVR	   1	 228	   7	   0	1.972558e+03	 107	   0	3.415084e-01	3.665849e+01	2508	happy	happy_12.png	
CEVR	   1	 229	   7	   0	1.977747e+03	 162	   0	2.297729e-01	3.722977e+01	 664	happy	happy_18.png	
CEVR	   1	 230	   7	   0	1.984413e+03	 135	   0	2.764141e-01	3.727641e+01	1615	happy	happy_4.png	
CEVR	   1	 231	   7	   0	1.991750e+03	 104	   0	3.451493e-01	3.596455e+01	2548	happy	happy_15.png	
CEVR	   1	 232	   7	   0	1.998469e+03	 156	 156	2.322037e-01	3.630339e+01	 723	happy	happy_20.png	
CEVR	   1	 233	   7	   0	2.004949e+03	 163	   0	2.289199e-01	3.722892e+01	 643	happy	happy_15.png	
CEVR	   1	 234	   7	   0	2.011047e+03	 161	   0	2.301404e-01	  37	 673	happy	happy_2.png	
CEVR	   1	 235	   7	   0	2.017165e+03	 168	   0	2.240097e-01	3.767203e+01	 519	happy	happy_8.png	
CEVR	   1	 236	   7	   0	2.025225e+03	  79	  79	4.799852e-01	3.795997e+01	3602	happy	happy_18.png	
CEVR	   1	 237	   7	   0	2.031875e+03	 167	   0	2.259641e-01	3.767789e+01	 569	happy	happy_21.png	
CEVR	   1	 238	   7	   0	2.039283e+03	  67	   0	5.386855e-01	3.592263e+01	3896	happy	happy_12.png	
CEVR	   1	 239	   7	   0	2.046872e+03	  94	   0	3.996914e-01	3.739969e+01	3060	happy	happy_4.png	
CEVR	   1	 240	   7	   0	2.054516e+03	  82	  82	4.743590e-01	3.889744e+01	3570	happy	happy_13.png	
CEVR	   1	 241	   7	   0	2.060920e+03	 158	 158	2.307555e-01	3.653849e+01	 688	happy	happy_19.png	
CEVR	   1	 242	   7	   0	2.068581e+03	  81	   0	4.805195e-01	3.892208e+01	3605	happy	happy_11.png	
CEVR	   1	 243	   7	   0	2.074344e+03	 157	   0	2.356688e-01	  37	 805	happy	happy_16.png	
CEVR	   1	 244	   7	   0	2.081671e+03	  80	   0	4.646573e-01	3.700000e+01	3513	happy	happy_6.png	
CEVR	   1	 245	   7	   0	2.088070e+03	 155	   0	2.388418e-01	  37	 878	happy	happy_17.png	
CEVR	   1	 246	   7	   0	2.095203e+03	  79	   0	4.698839e-01	3.700000e+01	3544	happy	happy_14.png	
CEVR	   1	 247	   7	   0	2.102646e+03	 121	 121	2.987313e-01	3.610381e+01	1965	happy	happy_7.png	
CEVR	   1	 248	   7	   0	2.109471e+03	 121	 121	2.962709e-01	3.581492e+01	1929	happy	happy_9.png	
CEVR	   1	 249	   7	   0	2.115688e+03	 125	   0	2.945190e-01	3.670548e+01	1903	happy	happy_1.png	
CEVR	   1	 250	   7	   0	2.123216e+03	 124	   0	2.965422e-01	3.670346e+01	1933	happy	happy_10.png	
CEVR	   1	 251	   7	   0	2.130092e+03	 129	   0	2.897740e-01	3.728977e+01	1831	happy	happy_3.png	
CEVR	   1	 252	   7	   0	2.137361e+03	 121	   0	3.169359e-01	3.826774e+01	2214	happy	happy_5.png	
#04-Jun-2013
IEV	   2	 253	   6	   0	2.209980e+01	  26	  26	8.622133e-01	2.283488e+01	1087	scram	scram_3.png	
IEV	   2	 254	   6	   0	2.874113e+01	  39	  39	7.664516e-01	3.023389e+01	1958	scram	scram_17.png	
IEV	   2	 255	   6	   0	3.509095e+01	  72	  72	5.881025e-01	4.221677e+01	2977	scram	scram_18.png	
IEV	   2	 256	   6	   0	4.281463e+01	 132	 132	3.921129e-01	5.168152e+01	3926	scram	scram_2.png	
IEV	   2	 257	   6	   0	5.112509e+01	 134	   0	3.979077e-01	5.344691e+01	3898	scram	scram_13.png	
IEV	   2	 258	   6	   0	5.800928e+01	 115	 115	4.506090e-01	5.197133e+01	3645	scram	scram_9.png	
IEV	   2	 259	   6	   0	6.601470e+01	 104	 104	4.840313e-01	5.015609e+01	3485	scram	scram_8.png	
IEV	   2	 260	   6	   0	7.399932e+01	 112	   0	4.566698e-01	5.128159e+01	3616	scram	scram_7.png	
IEV	   2	 261	   6	   0	8.191517e+01	  89	  89	5.210150e-01	4.642895e+01	3307	scram	scram_4.png	
IEV	   2	 262	   6	   0	8.981203e+01	  91	   0	5.288579e-01	4.814617e+01	3269	scram	scram_14.png	
IEV	   2	 263	   6	   0	9.674658e+01	  70	   0	5.948498e-01	4.181723e+01	2943	scram	scram_12.png	
IEV	   2	 264	   6	   0	1.039011e+02	  40	   0	7.628296e-01	3.054661e+01	1983	scram	scram_1.png	
IEV	   2	 265	   6	   0	1.105724e+02	  29	  29	8.519042e-01	2.496789e+01	1216	scram	scram_10.png	
IEV	   2	 266	   6	   0	1.160080e+02	  21	   0	8.964963e-01	1.923698e+01	 343	scram	scram_16.png	
IEV	   2	 267	   6	   0	1.232086e+02	  88	   0	5.276211e-01	4.662159e+01	3275	scram	scram_20.png	
IEV	   2	 268	   6	   0	1.299906e+02	  55	  55	6.895382e-01	3.765843e+01	2438	scram	scram_11.png	
IEV	   2	 269	   6	   0	1.359447e+02	  38	  38	7.631210e-01	2.899533e+01	1981	scram	scram_21.png	
IEV	   2	 270	   6	   0	1.437106e+02	  61	   0	6.597183e-01	4.032371e+01	2604	scram	scram_6.png	
IEV	   2	 271	   6	   0	1.508134e+02	  46	  46	7.486591e-01	3.473464e+01	2078	scram	scram_5.png	
IEV	   2	 272	   6	   0	1.579691e+02	  36	  36	7.906426e-01	2.884604e+01	1782	scram	scram_19.png	
IEV	   2	 273	   6	   0	1.663734e+02	  96	  96	4.850742e-01	4.671617e+01	3480	scram	scram_15.png	
IEV	   2	 274	   6	   0	1.748351e+02	 125	   0	4.195125e-01	5.227081e+01	3794	scram	scram_12.png	
IEV	   2	 275	   6	   0	1.825237e+02	 108	   0	4.501910e-01	4.883593e+01	3647	scram	scram_14.png	
IEV	   2	 276	   6	   0	1.891413e+02	  27	  27	8.237508e-01	2.229265e+01	1506	scram	scram_18.png	
IEV	   2	 277	   6	   0	1.966009e+02	  27	  27	8.690745e-01	2.366225e+01	 990	scram	scram_6.png	
IEV	   2	 278	   6	   0	2.031857e+02	  46	  46	7.573864e-01	3.479749e+01	2020	scram	scram_4.png	
IEV	   2	 279	   6	   0	2.095668e+02	  35	   0	8.055359e-01	2.823657e+01	1664	scram	scram_7.png	
IEV	   2	 280	   6	   0	2.171133e+02	  62	   0	6.677622e-01	4.113940e+01	2560	scram	scram_5.png	
IEV	   2	 281	   6	   0	2.233857e+02	  37	   0	7.588672e-01	2.784958e+01	2010	scram	scram_8.png	
IEV	   2	 282	   6	   0	2.295763e+02	  18	   0	8.984662e-01	1.613641e+01	 222	scram	scram_17.png	
IEV	   2	 283	   6	   0	2.368046e+02	 134	   0	3.927333e-01	5.244315e+01	3923	scram	scram_15.png	
IEV	   2	 284	   6	   0	2.446562e+02	  76	  76	5.894947e-01	4.508225e+01	2970	scram	scram_13.png	
IEV	   2	 285	   6	   0	2.521049e+02	  73	   0	5.906867e-01	4.324576e+01	2964	scram	scram_3.png	
IEV	   2	 286	   6	   0	2.590314e+02	  45	   0	7.423489e-01	3.374156e+01	2119	scram	scram_9.png	
IEV	   2	 287	   6	   0	2.654039e+02	  35	  35	8.118687e-01	2.842917e+01	1611	scram	scram_10.png	
IEV	   2	 288	   6	   0	2.714998e+02	  21	  21	8.643442e-01	1.823587e+01	1058	scram	scram_11.png	
IEV	   2	 289	   6	   0	2.781071e+02	  30	  30	8.038259e-01	2.438208e+01	1678	scram	scram_16.png	
IEV	   2	 290	   6	   0	2.851210e+02	 103	   0	4.825710e-01	4.973550e+01	3492	scram	scram_21.png	
IEV	   2	 291	   6	   0	2.929064e+02	 115	   0	4.526988e-01	5.189138e+01	3635	scram	scram_19.png	
IEV	   2	 292	   6	   0	2.995253e+02	  31	  31	8.442743e-01	2.585374e+01	1302	scram	scram_20.png	
IEV	   2	 293	   6	   0	3.057826e+02	  23	  23	8.900948e-01	2.045554e+01	 576	scram	scram_2.png	
IEV	   2	 294	   6	   0	3.127498e+02	  36	  36	7.607815e-01	2.767889e+01	1997	scram	scram_1.png	
CEV	   2	 295	   5	   0	3.826525e+02	 115	   0	3.345714e-01	3.833829e+01	3958	happy	happy_14.png	
CEV	   2	 296	   5	   0	3.877676e+02	  48	  48	8.302857e-01	3.949086e+01	 488	happy	happy_20.png	
CEV	   2	 297	   5	   0	3.934751e+02	  51	  51	7.461429e-01	3.774614e+01	1077	happy	happy_1.png	
CEV	   2	 298	   5	   0	3.995971e+02	  49	  49	6.848571e-01	3.357571e+01	1506	happy	happy_10.png	
CEV	   2	 299	   5	   0	4.071618e+02	  59	  59	6.155714e-01	3.638443e+01	1991	happy	happy_8.png	
CEV	   2	 300	   5	   0	4.141425e+02	  67	  67	5.545714e-01	3.700000e+01	2418	happy	happy_21.png	
CEV	   2	 301	   5	   0	4.216793e+02	  73	  73	4.810000e-01	3.507600e+01	2933	happy	happy_16.png	
CEV	   2	 302	   5	   0	4.288134e+02	  83	  83	4.245714e-01	3.530171e+01	3328	happy	happy_6.png	
CEV	   2	 303	   5	   0	4.367099e+02	  86	   0	4.067143e-01	3.496643e+01	3453	happy	happy_19.png	
CEV	   2	 304	   5	   0	4.449485e+02	  80	   0	4.517143e-01	3.609657e+01	3138	happy	happy_4.png	
CEV	   2	 305	   5	   0	4.519534e+02	  52	  52	7.474286e-01	3.849486e+01	1068	happy	happy_11.png	
CEV	   2	 306	   5	   0	4.582762e+02	  50	  50	7.425714e-01	  37	1102	happy	happy_12.png	
CEV	   2	 307	   5	   0	4.641108e+02	  46	  46	7.392857e-01	3.404286e+01	1125	happy	happy_13.png	
CEV	   2	 308	   5	   0	4.706891e+02	  55	   0	7.270000e-01	3.990800e+01	1211	happy	happy_2.png	
CEV	   2	 309	   5	   0	4.766482e+02	  47	  47	7.608571e-01	3.547829e+01	 974	happy	happy_5.png	
CEV	   2	 310	   5	   0	4.835365e+02	  48	  48	7.807143e-01	3.778071e+01	 835	happy	happy_3.png	
CEV	   2	 311	   5	   0	4.894749e+02	  46	  46	7.952857e-01	3.620471e+01	 733	happy	happy_17.png	
CEV	   2	 312	   5	   0	4.961874e+02	  52	  52	7.742857e-01	4.009714e+01	 880	happy	happy_15.png	
CEV	   2	 313	   5	   0	5.015450e+02	  43	  43	7.898571e-01	3.384057e+01	 771	happy	happy_18.png	
CEV	   2	 314	   5	   0	5.075075e+02	  46	  46	7.598571e-01	3.472043e+01	 981	happy	happy_7.png	
CEV	   2	 315	   5	   0	5.132553e+02	  48	  48	7.927143e-01	3.779271e+01	 751	happy	happy_9.png	
CEV	   2	 316	   5	   0	5.198574e+02	  52	  52	7.775714e-01	4.011029e+01	 857	happy	happy_21.png	
CEV	   2	 317	   5	   0	5.259108e+02	  49	  49	7.914286e-01	3.858286e+01	 760	happy	happy_10.png	
CEV	   2	 318	   5	   0	5.321626e+02	  51	   0	7.915714e-01	4.016629e+01	 759	happy	happy_16.png	
CEV	   2	 319	   5	   0	5.391950e+02	  67	   0	5.974286e-01	3.998714e+01	2118	happy	happy_14.png	
CEV	   2	 320	   5	   0	5.451694e+02	  50	  50	7.852857e-01	3.935586e+01	 803	happy	happy_1.png	
CEV	   2	 321	   5	   0	5.516647e+02	  44	  44	7.841429e-01	3.464757e+01	 811	happy	happy_5.png	
CEV	   2	 322	   5	   0	5.590223e+02	  43	  43	7.931429e-01	3.382743e+01	 748	happy	happy_4.png	
CEV	   2	 323	   5	   0	5.650586e+02	  50	  50	7.968571e-01	4.018743e+01	 722	happy	happy_2.png	
CEV	   2	 324	   5	   0	5.718871e+02	  46	  46	7.702857e-01	3.545943e+01	 908	happy	happy_6.png	
CEV	   2	 325	   5	   0	5.786879e+02	  53	  53	6.925714e-01	3.700000e+01	1452	happy	happy_17.png	
CEV	   2	 326	   5	   0	5.845127e+02	  49	   0	6.892857e-01	3.355357e+01	1475	happy	happy_9.png	
CEV	   2	 327	   5	   0	5.917986e+02	  68	   0	5.538571e-01	3.755386e+01	2423	happy	happy_20.png	
CEV	   2	 328	   5	   0	5.998924e+02	  77	  77	4.662857e-01	3.606743e+01	3036	happy	happy_3.png	
CEV	   2	 329	   5	   0	6.070281e+02	  78	  78	4.538571e-01	3.518457e+01	3123	happy	happy_7.png	
CEV	   2	 330	   5	   0	6.139623e+02	  87	  87	4.338571e-01	3.786771e+01	3263	happy	happy_12.png	
CEV	   2	 331	   5	   0	6.223815e+02	  85	  85	4.588571e-01	3.883543e+01	3088	happy	happy_11.png	
CEV	   2	 332	   5	   0	6.293070e+02	  90	   0	4.338571e-01	3.916929e+01	3263	happy	happy_8.png	
CEV	   2	 333	   5	   0	6.360073e+02	  50	   0	7.784286e-01	3.855686e+01	 851	happy	happy_13.png	
CEV	   2	 334	   5	   0	6.440357e+02	  84	  84	4.278571e-01	3.614429e+01	3305	happy	happy_18.png	
CEV	   2	 335	   5	   0	6.512557e+02	  86	   0	4.305714e-01	  37	3286	happy	happy_15.png	
CEV	   2	 336	   5	   0	6.574340e+02	  48	  48	8.134286e-01	3.944029e+01	 606	happy	happy_19.png	
CEVR	   2	 337	   4	   0	7.265545e+02	 144	   0	2.518475e-01	3.624446e+01	1158	scram	scram_12.png	
CEVR	   2	 338	   4	   0	7.332520e+02	 118	   0	3.039906e-01	3.578404e+01	2040	scram	scram_20.png	
CEVR	   2	 339	   4	   0	7.416448e+02	  91	  91	3.960245e-01	3.620795e+01	3030	scram	scram_6.png	
CEVR	   2	 340	   4	   0	7.491471e+02	  67	   0	5.287873e-01	3.541364e+01	3851	scram	scram_17.png	
CEVR	   2	 341	   4	   0	7.565682e+02	 100	   0	3.786550e-01	3.775731e+01	2880	scram	scram_19.png	
CEVR	   2	 342	   4	   0	7.635994e+02	  95	  95	4.055747e-01	3.862230e+01	3107	scram	scram_14.png	
CEVR	   2	 343	   4	   0	7.714866e+02	  90	   0	4.205911e-01	3.784118e+01	3221	scram	scram_3.png	
CEVR	   2	 344	   4	   0	7.777424e+02	 136	 136	2.730915e-01	3.727309e+01	1558	scram	scram_13.png	
CEVR	   2	 345	   4	   0	7.841052e+02	 136	   0	2.739002e-01	3.727390e+01	1572	scram	scram_7.png	
CEVR	   2	 346	   4	   0	7.908165e+02	 105	 105	3.380318e-01	3.564787e+01	2469	scram	scram_2.png	
CEVR	   2	 347	   4	   0	7.969708e+02	 168	 168	2.252958e-01	3.790118e+01	 552	scram	scram_11.png	
CEVR	   2	 348	   4	   0	8.050166e+02	  76	  76	4.683544e-01	3.559494e+01	3535	scram	scram_18.png	
CEVR	   2	 349	   4	   0	8.110551e+02	 147	 147	2.500000e-01	3.675000e+01	1120	scram	scram_21.png	
CEVR	   2	 350	   4	   0	8.185242e+02	  99	  99	3.901778e-01	3.856071e+01	2981	scram	scram_10.png	
CEVR	   2	 351	   4	   0	8.247999e+02	 120	   0	2.987313e-01	3.580507e+01	1965	scram	scram_9.png	
CEVR	   2	 352	   4	   0	8.304552e+02	 153	 153	2.421466e-01	3.700000e+01	 952	scram	scram_5.png	
CEVR	   2	 353	   4	   0	8.376125e+02	 101	 101	3.872608e-01	3.893630e+01	2956	scram	scram_1.png	
CEVR	   2	 354	   4	   0	8.441590e+02	 163	 163	2.245146e-01	3.655097e+01	 532	scram	scram_4.png	
CEVR	   2	 355	   4	   0	8.509697e+02	 108	 108	3.375912e-01	3.632482e+01	2464	scram	scram_8.png	
CEVR	   2	 356	   4	   0	8.582929e+02	 132	   0	2.807284e-01	3.700000e+01	1687	scram	scram_15.png	
CEVR	   2	 357	   4	   0	8.664603e+02	  79	  79	4.750550e-01	3.747506e+01	3574	scram	scram_16.png	
CEVR	   2	 358	   4	   0	8.736447e+02	 130	   0	2.760605e-01	3.589576e+01	1609	scram	scram_6.png	
CEVR	   2	 359	   4	   0	8.806463e+02	 154	   0	2.463382e-01	3.798535e+01	1043	scram	scram_7.png	
CEVR	   2	 360	   4	   0	8.862887e+02	 161	   0	2.242424e-01	3.610303e+01	 525	scram	scram_1.png	
CEVR	   2	 361	   4	   0	8.940706e+02	  92	  92	3.930197e-01	3.621396e+01	3005	scram	scram_16.png	
CEVR	   2	 362	   4	   0	9.005868e+02	 151	 151	2.477047e-01	3.749541e+01	1072	scram	scram_15.png	
CEVR	   2	 363	   4	   0	9.078624e+02	  72	   0	4.780362e-01	3.460982e+01	3591	scram	scram_10.png	
CEVR	   2	 364	   4	   0	9.152467e+02	  95	   0	3.933779e-01	3.739338e+01	3008	scram	scram_18.png	
CEVR	   2	 365	   4	   0	9.223814e+02	 110	   0	3.413284e-01	3.768266e+01	2506	scram	scram_8.png	
CEVR	   2	 366	   4	   0	9.283489e+02	 167	   0	2.260429e-01	3.767813e+01	 571	scram	scram_13.png	
CEVR	   2	 367	   4	   0	9.362423e+02	  96	   0	3.954198e-01	3.779084e+01	3025	scram	scram_20.png	
CEVR	   2	 368	   4	   0	9.436836e+02	 130	 130	2.827511e-01	3.671725e+01	1720	scram	scram_12.png	
CEVR	   2	 369	   4	   0	9.506239e+02	 134	   0	2.825660e-01	3.784770e+01	1717	scram	scram_17.png	
CEVR	   2	 370	   4	   0	9.581308e+02	  77	   0	4.884949e-01	3.748849e+01	3649	scram	scram_14.png	
CEVR	   2	 371	   4	   0	9.641037e+02	 148	 148	2.434668e-01	3.602613e+01	 981	scram	scram_3.png	
CEVR	   2	 372	   4	   0	9.712487e+02	  96	   0	3.837037e-01	3.700000e+01	2925	scram	scram_21.png	
CEVR	   2	 373	   4	   0	9.778784e+02	 153	   0	2.487992e-01	3.799520e+01	1095	scram	scram_5.png	
CEVR	   2	 374	   4	   0	9.833614e+02	 160	 160	2.340926e-01	3.746819e+01	 768	scram	scram_19.png	
CEVR	   2	 375	   4	   0	9.905003e+02	 104	 104	3.418691e-01	3.563252e+01	2512	scram	scram_9.png	
CEVR	   2	 376	   4	   0	9.972870e+02	 154	   0	2.447090e-01	3.773413e+01	1008	scram	scram_4.png	
CEVR	   2	 377	   4	   0	1.003699e+03	 135	 135	2.789746e-01	3.755795e+01	1658	scram	scram_2.png	
CEVR	   2	 378	   4	   0	1.011170e+03	  80	  80	4.755784e-01	3.795116e+01	3577	scram	scram_11.png	
IEV	   2	 379	   3	   0	1.081321e+03	  21	  21	8.567075e-01	1.839047e+01	1158	fear	fear_17.png	
IEV	   2	 380	   3	   0	1.088603e+03	  72	   0	5.849146e-01	4.240367e+01	2993	fear	fear_9.png	
IEV	   2	 381	   3	   0	1.095282e+03	  21	  21	8.896652e-01	1.875220e+01	 588	fear	fear_11.png	
IEV	   2	 382	   3	   0	1.101712e+03	  57	  57	6.798201e-01	3.900671e+01	2493	fear	fear_12.png	
IEV	   2	 383	   3	   0	1.108151e+03	  33	   0	8.234237e-01	2.726886e+01	1509	fear	fear_8.png	
IEV	   2	 384	   3	   0	1.115855e+03	  58	  58	6.891878e-01	3.975036e+01	2440	fear	fear_10.png	
IEV	   2	 385	   3	   0	1.123231e+03	  57	  57	6.635695e-01	3.808529e+01	2583	fear	fear_14.png	
IEV	   2	 386	   3	   0	1.130024e+03	  35	  35	8.110451e-01	2.850976e+01	1618	fear	fear_4.png	
IEV	   2	 387	   3	   0	1.137074e+03	 106	 106	4.748478e-01	5.054228e+01	3529	fear	fear_21.png	
IEV	   2	 388	   3	   0	1.144549e+03	  29	  29	8.182034e-01	2.370914e+01	1556	fear	fear_2.png	
IEV	   2	 389	   3	   0	1.151131e+03	  28	  28	8.567075e-01	2.438742e+01	1158	fear	fear_18.png	
IEV	   2	 390	   3	   0	1.158848e+03	  77	  77	5.710791e-01	4.377221e+01	3062	fear	fear_6.png	
IEV	   2	 391	   3	   0	1.164297e+03	  22	  22	8.591620e-01	1.892821e+01	1127	fear	fear_7.png	
IEV	   2	 392	   3	   0	1.171854e+03	  72	  72	5.950477e-01	4.299553e+01	2942	fear	fear_5.png	
IEV	   2	 393	   3	   0	1.180055e+03	  79	  79	5.775127e-01	4.572061e+01	3030	fear	fear_15.png	
IEV	   2	 394	   3	   0	1.187586e+03	  77	  77	5.656290e-01	4.350925e+01	3089	fear	fear_13.png	
IEV	   2	 395	   3	   0	1.194239e+03	  64	  64	6.354117e-01	4.056848e+01	2734	fear	fear_20.png	
IEV	   2	 396	   3	   0	1.201938e+03	  85	  85	5.379084e-01	4.556303e+01	3225	fear	fear_1.png	
IEV	   2	 397	   3	   0	1.209345e+03	  94	   0	4.938274e-01	4.627786e+01	3438	fear	fear_19.png	
IEV	   2	 398	   3	   0	1.217245e+03	  84	   0	5.377031e-01	4.503603e+01	3226	fear	fear_3.png	
IEV	   2	 399	   3	   0	1.223886e+03	  30	  30	8.607039e-01	2.561061e+01	1107	fear	fear_16.png	
IEV	   2	 400	   3	   0	1.231174e+03	  77	   0	5.829181e-01	4.485178e+01	3003	fear	fear_10.png	
IEV	   2	 401	   3	   0	1.239690e+03	  77	   0	5.716835e-01	4.373844e+01	3059	fear	fear_15.png	
IEV	   2	 402	   3	   0	1.246837e+03	  67	   0	5.995896e-01	4.033414e+01	2919	fear	fear_7.png	
IEV	   2	 403	   3	   0	1.253296e+03	  37	  37	7.687459e-01	2.849660e+01	1942	fear	fear_6.png	
IEV	   2	 404	   3	   0	1.259623e+03	  27	  27	8.629558e-01	2.360175e+01	1077	fear	fear_21.png	
IEV	   2	 405	   3	   0	1.265256e+03	  23	  23	8.855957e-01	2.033729e+01	 690	fear	fear_20.png	
IEV	   2	 406	   3	   0	1.272027e+03	  49	  49	7.020023e-01	3.467281e+01	2366	fear	fear_3.png	
IEV	   2	 407	   3	   0	1.279526e+03	  55	  55	6.930303e-01	3.810759e+01	2418	fear	fear_1.png	
IEV	   2	 408	   3	   0	1.286579e+03	  35	  35	7.974663e-01	2.820700e+01	1729	fear	fear_18.png	
IEV	   2	 409	   3	   0	1.292850e+03	  54	  54	6.672169e-01	3.583611e+01	2563	fear	fear_9.png	
IEV	   2	 410	   3	   0	1.300040e+03	  62	   0	6.602698e-01	4.094864e+01	2601	fear	fear_2.png	
IEV	   2	 411	   3	   0	1.306855e+03	  26	  26	8.295144e-01	2.165585e+01	1452	fear	fear_16.png	
IEV	   2	 412	   3	   0	1.313792e+03	  58	  58	6.424084e-01	3.755686e+01	2697	fear	fear_14.png	
IEV	   2	 413	   3	   0	1.321422e+03	  61	   0	6.456026e-01	3.927692e+01	2680	fear	fear_11.png	
IEV	   2	 414	   3	   0	1.328657e+03	 132	   0	4.006017e-01	5.295446e+01	3885	fear	fear_8.png	
IEV	   2	 415	   3	   0	1.334745e+03	  15	  15	8.893731e-01	1.346785e+01	 596	fear	fear_19.png	
IEV	   2	 416	   3	   0	1.341578e+03	  45	  45	7.156579e-01	3.220649e+01	2285	fear	fear_13.png	
IEV	   2	 417	   3	   0	1.348155e+03	  42	  42	7.338642e-01	3.073701e+01	2173	fear	fear_5.png	
IEV	   2	 418	   3	   0	1.355045e+03	  34	  34	7.890675e-01	2.662424e+01	1794	fear	fear_17.png	
IEV	   2	 419	   3	   0	1.361932e+03	  31	  31	8.143160e-01	2.493085e+01	1590	fear	fear_12.png	
IEV	   2	 420	   3	   0	1.369327e+03	  50	  50	6.947678e-01	3.451341e+01	2408	fear	fear_4.png	
DEV	   2	 421	   2	   0	1.437566e+03	  79	   0	6.263717e-01	4.942404e+01	1091	happy	happy_6.png	
DEV	   2	 422	   2	   0	1.445853e+03	  83	  83	3.602014e-01	2.994491e+01	2990	happy	happy_14.png	
DEV	   2	 423	   2	   0	1.452818e+03	  78	  78	3.822989e-01	2.999123e+01	2746	happy	happy_4.png	
DEV	   2	 424	   2	   0	1.460338e+03	  87	   0	3.379393e-01	2.934579e+01	3259	happy	happy_9.png	
DEV	   2	 425	   2	   0	1.466994e+03	  81	  81	4.263990e-01	3.460508e+01	2328	happy	happy_21.png	
DEV	   2	 426	   2	   0	1.474204e+03	  76	   0	4.631471e-01	3.526688e+01	2037	happy	happy_8.png	
DEV	   2	 427	   2	   0	1.482153e+03	  86	  86	4.056481e-01	3.478543e+01	2514	happy	happy_1.png	
DEV	   2	 428	   2	   0	1.489006e+03	  75	  75	5.431452e-01	4.076937e+01	1522	happy	happy_12.png	
DEV	   2	 429	   2	   0	1.496076e+03	  77	   0	4.032149e-01	3.097659e+01	2537	happy	happy_15.png	
DEV	   2	 430	   2	   0	1.504348e+03	  83	   0	2.834801e-01	2.366143e+01	3960	happy	happy_5.png	
DEV	   2	 431	   2	   0	1.512083e+03	  82	   0	3.204858e-01	2.640337e+01	3482	happy	happy_13.png	
DEV	   2	 432	   2	   0	1.519111e+03	  78	  78	4.102727e-01	3.184456e+01	2471	happy	happy_16.png	
DEV	   2	 433	   2	   0	1.526637e+03	  78	   0	4.109260e-01	3.188748e+01	2465	happy	happy_11.png	
DEV	   2	 434	   2	   0	1.532962e+03	  83	  83	4.593643e-01	3.824114e+01	2065	happy	happy_19.png	
DEV	   2	 435	   2	   0	1.539561e+03	  81	  81	4.665712e-01	3.781766e+01	2012	happy	happy_20.png	
DEV	   2	 436	   2	   0	1.546764e+03	  79	   0	4.664334e-01	3.687534e+01	2013	happy	happy_10.png	
DEV	   2	 437	   2	   0	1.554446e+03	  82	  82	3.989453e-01	3.269352e+01	2578	happy	happy_18.png	
DEV	   2	 438	   2	   0	1.561438e+03	  78	   0	4.209678e-01	3.296624e+01	2375	happy	happy_3.png	
DEV	   2	 439	   2	   0	1.568396e+03	  76	  76	5.420937e-01	4.124715e+01	1528	happy	happy_7.png	
DEV	   2	 440	   2	   0	1.575018e+03	  82	   0	4.122385e-01	3.362262e+01	2453	happy	happy_17.png	
DEV	   2	 441	   2	   0	1.581478e+03	  77	  77	5.082158e-01	3.911259e+01	1731	happy	happy_2.png	
DEV	   2	 442	   2	   0	1.588085e+03	  74	  74	4.936239e-01	3.669599e+01	1825	happy	happy_18.png	
DEV	   2	 443	   2	   0	1.595853e+03	  76	  76	5.058416e-01	3.845514e+01	1746	happy	happy_19.png	
DEV	   2	 444	   2	   0	1.602208e+03	  79	   0	5.436721e-01	4.297625e+01	1519	happy	happy_3.png	
DEV	   2	 445	   2	   0	1.608145e+03	  82	  82	5.157689e-01	4.217202e+01	1684	happy	happy_20.png	
DEV	   2	 446	   2	   0	1.614571e+03	  75	   0	5.193640e-01	3.878228e+01	1662	happy	happy_15.png	
DEV	   2	 447	   2	   0	1.622301e+03	  84	   0	4.105991e-01	3.432960e+01	2468	happy	happy_12.png	
DEV	   2	 448	   2	   0	1.629484e+03	  76	  76	6.511406e-01	4.964403e+01	 976	happy	happy_6.png	
DEV	   2	 449	   2	   0	1.635078e+03	  76	  76	6.469749e-01	4.939937e+01	 995	happy	happy_16.png	
DEV	   2	 450	   2	   0	1.641148e+03	  71	  71	6.638102e-01	4.706125e+01	 919	happy	happy_14.png	
DEV	   2	 451	   2	   0	1.647329e+03	  73	  73	7.986138e-01	5.809499e+01	 369	happy	happy_10.png	
DEV	   2	 452	   2	   0	1.652869e+03	  69	  69	7.179880e-01	4.979174e+01	 687	happy	happy_7.png	
DEV	   2	 453	   2	   0	1.660083e+03	  77	  77	6.829480e-01	5.283481e+01	 835	happy	happy_4.png	
DEV	   2	 454	   2	   0	1.665558e+03	  75	  75	7.009713e-01	5.246644e+01	 758	happy	happy_21.png	
DEV	   2	 455	   2	   0	1.671456e+03	  78	  78	6.908503e-01	5.398226e+01	 801	happy	happy_8.png	
DEV	   2	 456	   2	   0	1.676920e+03	  76	  76	6.602277e-01	5.017333e+01	 935	happy	happy_17.png	
DEV	   2	 457	   2	   0	1.683103e+03	  77	   0	6.520212e-01	5.034762e+01	 972	happy	happy_13.png	
DEV	   2	 458	   2	   0	1.689578e+03	  69	  69	7.019199e-01	4.830664e+01	 754	happy	happy_11.png	
DEV	   2	 459	   2	   0	1.695694e+03	  70	  70	7.304417e-01	5.111218e+01	 636	happy	happy_1.png	
DEV	   2	 460	   2	   0	1.701812e+03	  71	  71	7.294580e-01	5.179462e+01	 640	happy	happy_9.png	
DEV	   2	 461	   2	   0	1.708232e+03	  69	  69	7.292123e-01	5.032419e+01	 641	happy	happy_5.png	
DEV	   2	 462	   2	   0	1.714845e+03	  72	   0	5.594512e-01	4.008103e+01	1431	happy	happy_2.png	
CEV	   2	 463	   1	   0	1.784286e+03	  63	   0	6.100000e-01	3.822000e+01	2030	fear	fear_5.png	
CEV	   2	 464	   1	   0	1.791555e+03	  47	   0	7.374286e-01	3.478771e+01	1138	fear	fear_11.png	
CEV	   2	 465	   1	   0	1.799847e+03	  81	   0	4.735714e-01	3.842071e+01	2985	fear	fear_8.png	
CEV	   2	 466	   1	   0	1.807832e+03	 110	 110	3.347143e-01	3.666529e+01	3957	fear	fear_21.png	
CEV	   2	 467	   1	   0	1.815414e+03	 113	 113	3.354286e-01	3.800629e+01	3952	fear	fear_4.png	
CEV	   2	 468	   1	   0	1.823223e+03	 108	   0	3.295714e-01	3.568171e+01	3993	fear	fear_9.png	
CEV	   2	 469	   1	   0	1.830483e+03	  61	   0	6.261429e-01	3.825229e+01	1917	fear	fear_17.png	
CEV	   2	 470	   1	   0	1.838195e+03	 113	   0	3.292857e-01	3.732929e+01	3995	fear	fear_16.png	
CEV	   2	 471	   1	   0	1.845609e+03	  96	   0	3.822857e-01	3.661771e+01	3624	fear	fear_2.png	
CEV	   2	 472	   1	   0	1.851880e+03	  46	   0	7.657143e-01	3.546857e+01	 940	fear	fear_10.png	
CEV	   2	 473	   1	   0	1.859515e+03	  83	   0	4.615714e-01	3.838471e+01	3069	fear	fear_19.png	
CEV	   2	 474	   1	   0	1.866875e+03	 114	   0	3.244286e-01	  37	4029	fear	fear_6.png	
CEV	   2	 475	   1	   0	1.875026e+03	 112	   0	3.442857e-01	3.872143e+01	3890	fear	fear_13.png	
CEV	   2	 476	   1	   0	1.881950e+03	  52	   0	6.648571e-01	3.434057e+01	1646	fear	fear_7.png	
CEV	   2	 477	   1	   0	1.888158e+03	  68	  68	5.555714e-01	3.755557e+01	2411	fear	fear_1.png	
CEV	   2	 478	   1	   0	1.895232e+03	  74	  74	5.368571e-01	3.968429e+01	2542	fear	fear_14.png	
CEV	   2	 479	   1	   0	1.903185e+03	  83	   0	4.588571e-01	3.791771e+01	3088	fear	fear_20.png	
CEV	   2	 480	   1	   0	1.909923e+03	  70	  70	5.185714e-01	3.648143e+01	2670	fear	fear_18.png	
CEV	   2	 481	   1	   0	1.917186e+03	  64	  64	5.401429e-01	3.429929e+01	2519	fear	fear_15.png	
CEV	   2	 482	   1	   0	1.924180e+03	  67	   0	5.310000e-01	3.540700e+01	2583	fear	fear_12.png	
CEV	   2	 483	   1	   0	1.932251e+03	  68	   0	5.378571e-01	3.646214e+01	2535	fear	fear_3.png	
CEV	   2	 484	   1	   0	1.939422e+03	  56	  56	6.814286e-01	3.836286e+01	1530	fear	fear_2.png	
CEV	   2	 485	   1	   0	1.946447e+03	  53	   0	6.665714e-01	3.500029e+01	1634	fear	fear_3.png	
CEV	   2	 486	   1	   0	1.954037e+03	  64	   0	5.610000e-01	3.587800e+01	2373	fear	fear_19.png	
CEV	   2	 487	   1	   0	1.960101e+03	  43	  43	7.971429e-01	3.460857e+01	 720	fear	fear_20.png	
CEV	   2	 488	   1	   0	1.965936e+03	  42	  42	8.055714e-01	3.377771e+01	 661	fear	fear_13.png	
CEV	   2	 489	   1	   0	1.971727e+03	  42	  42	8.178571e-01	3.454643e+01	 575	fear	fear_18.png	
CEV	   2	 490	   1	   0	1.977685e+03	  58	  58	6.577143e-01	3.831543e+01	1696	fear	fear_16.png	
CEV	   2	 491	   1	   0	1.984784e+03	  62	  62	6.155714e-01	3.823114e+01	1991	fear	fear_7.png	
CEV	   2	 492	   1	   0	1.992093e+03	  61	  61	6.131429e-01	3.761314e+01	2008	fear	fear_5.png	
CEV	   2	 493	   1	   0	1.998604e+03	  64	   0	6.127143e-01	3.945086e+01	2011	fear	fear_14.png	
CEV	   2	 494	   1	   0	2.006185e+03	 112	   0	3.352857e-01	3.767057e+01	3953	fear	fear_15.png	
CEV	   2	 495	   1	   0	2.012641e+03	  55	  55	6.570000e-01	3.634300e+01	1701	fear	fear_17.png	
CEV	   2	 496	   1	   0	2.019614e+03	  60	  60	6.234286e-01	3.762343e+01	1936	fear	fear_12.png	
CEV	   2	 497	   1	   0	2.026169e+03	  57	  57	6.287143e-01	3.574257e+01	1899	fear	fear_11.png	
CEV	   2	 498	   1	   0	2.032225e+03	  59	  59	6.285714e-01	  37	1900	fear	fear_9.png	
CEV	   2	 499	   1	   0	2.039172e+03	  62	   0	6.311429e-01	3.889343e+01	1882	fear	fear_6.png	
CEV	   2	 500	   1	   0	2.046500e+03	  59	  59	5.797143e-01	3.410143e+01	2242	fear	fear_1.png	
CEV	   2	 501	   1	   0	2.053308e+03	  51	   0	6.710000e-01	3.431600e+01	1603	fear	fear_21.png	
CEV	   2	 502	   1	   0	2.059648e+03	  54	  54	7.475714e-01	4.073786e+01	1067	fear	fear_8.png	
CEV	   2	 503	   1	   0	2.066420e+03	  56	  56	7.098571e-01	3.983943e+01	1331	fear	fear_4.png	
CEV	   2	 504	   1	   0	2.072976e+03	  56	   0	6.860000e-01	3.837200e+01	1498	fear	fear_10.png	
