#Subj:	10957
#Run:	1
#Age:	30
#Gender:	female
#29-May-2013
Func	Run	Trial	Block	Null	trialStartTime	Mag	ScoreInc	Freq	EV	RT	Emotion	Image
CEV	   1	   1	  12	   0	8.724542e+01	  55	   0	6.974286e-01	3.839486e+01	1418	 115	  99	 114	  97	 109	scram	scram_16.png	
CEV	   1	   2	  12	   0	9.358105e+01	  48	  48	8.085714e-01	3.861714e+01	 640	 115	  99	 114	  97	 109	scram	scram_8.png	
CEV	   1	   3	  12	   0	1.000158e+02	  45	  45	8.517143e-01	3.870343e+01	 338	 115	  99	 114	  97	 109	scram	scram_15.png	
CEV	   1	   4	  12	   0	1.053294e+02	  46	  46	8.450000e-01	3.869000e+01	 385	 115	  99	 114	  97	 109	scram	scram_12.png	
CEV	   1	   5	  12	   0	1.120185e+02	  41	  41	8.518571e-01	3.529629e+01	 337	 115	  99	 114	  97	 109	scram	scram_3.png	
CEV	   1	   6	  12	   0	1.193169e+02	  68	   0	5.120000e-01	3.495200e+01	2716	 115	  99	 114	  97	 109	scram	scram_2.png	
CEV	   1	   7	  12	   0	1.261134e+02	  61	  61	6.247143e-01	3.824943e+01	1927	 115	  99	 114	  97	 109	scram	scram_5.png	
CEV	   1	   8	  12	   0	1.329998e+02	  64	  64	6.267143e-01	4.013357e+01	1913	 115	  99	 114	  97	 109	scram	scram_18.png	
CEV	   1	   9	  12	   0	1.394035e+02	  55	  55	6.561429e-01	3.634386e+01	1707	 115	  99	 114	  97	 109	scram	scram_7.png	
CEV	   1	  10	  12	   0	1.465313e+02	  65	   0	5.945714e-01	3.878371e+01	2138	 115	  99	 114	  97	 109	scram	scram_21.png	
CEV	   1	  11	  12	   0	1.543387e+02	  63	  63	5.645714e-01	3.530629e+01	2348	 115	  99	 114	  97	 109	scram	scram_6.png	
CEV	   1	  12	  12	   0	1.612963e+02	  66	   0	5.501429e-01	3.644986e+01	2449	 115	  99	 114	  97	 109	scram	scram_19.png	
CEV	   1	  13	  12	   0	1.689514e+02	  93	   0	4.087143e-01	3.781743e+01	3439	 115	  99	 114	  97	 109	scram	scram_9.png	
CEV	   1	  14	  12	   0	1.764266e+02	  79	   0	4.567143e-01	3.608657e+01	3103	 115	  99	 114	  97	 109	scram	scram_20.png	
CEV	   1	  15	  12	   0	1.827636e+02	  60	  60	6.421429e-01	3.828429e+01	1805	 115	  99	 114	  97	 109	scram	scram_17.png	
CEV	   1	  16	  12	   0	1.897758e+02	  56	  56	6.210000e-01	3.451600e+01	1953	 115	  99	 114	  97	 109	scram	scram_11.png	
CEV	   1	  17	  12	   0	1.964814e+02	 106	 106	3.654286e-01	3.882714e+01	3742	 115	  99	 114	  97	 109	scram	scram_14.png	
CEV	   1	  18	  12	   0	2.034526e+02	 108	 108	3.454286e-01	3.734543e+01	3882	 115	  99	 114	  97	 109	scram	scram_10.png	
CEV	   1	  19	  12	   0	2.115195e+02	 109	 109	3.478571e-01	3.804357e+01	3865	 115	  99	 114	  97	 109	scram	scram_13.png	
CEV	   1	  20	  12	   0	2.201871e+02	 106	   0	3.478571e-01	  37	3865	 115	  99	 114	  97	 109	scram	scram_1.png	
CEV	   1	  21	  12	   0	2.279867e+02	 105	   0	3.672857e-01	3.846914e+01	3729	 115	  99	 114	  97	 109	scram	scram_4.png	
CEV	   1	  22	  12	   0	2.357266e+02	 105	 105	3.528571e-01	  37	3830	 115	  99	 114	  97	 109	scram	scram_12.png	
CEV	   1	  23	  12	   0	2.424753e+02	  56	  56	6.134286e-01	3.454629e+01	2006	 115	  99	 114	  97	 109	scram	scram_3.png	
CEV	   1	  24	  12	   0	2.512067e+02	 106	 106	3.587143e-01	3.807614e+01	3789	 115	  99	 114	  97	 109	scram	scram_2.png	
CEV	   1	  25	  12	   0	2.588344e+02	  77	  77	4.975714e-01	3.849271e+01	2817	 115	  99	 114	  97	 109	scram	scram_11.png	
CEV	   1	  26	  12	   0	2.654464e+02	  81	  81	4.785714e-01	3.891429e+01	2950	 115	  99	 114	  97	 109	scram	scram_9.png	
CEV	   1	  27	  12	   0	2.725393e+02	  78	  78	4.565714e-01	3.563029e+01	3104	 115	  99	 114	  97	 109	scram	scram_5.png	
CEV	   1	  28	  12	   0	2.802492e+02	  78	  78	4.792857e-01	3.747929e+01	2945	 115	  99	 114	  97	 109	scram	scram_21.png	
CEV	   1	  29	  12	   0	2.872818e+02	  73	   0	4.972857e-01	3.650271e+01	2819	 115	  99	 114	  97	 109	scram	scram_20.png	
CEV	   1	  30	  12	   0	2.951829e+02	  83	   0	4.491429e-01	3.744914e+01	3156	 115	  99	 114	  97	 109	scram	scram_19.png	
CEV	   1	  31	  12	   0	3.033043e+02	 105	 105	3.657143e-01	3.846286e+01	3740	 115	  99	 114	  97	 109	scram	scram_10.png	
CEV	   1	  32	  12	   0	3.105023e+02	 104	   0	3.658571e-01	3.809757e+01	3739	 115	  99	 114	  97	 109	scram	scram_8.png	
CEV	   1	  33	  12	   0	3.173541e+02	 103	   0	3.561429e-01	3.664386e+01	3807	 115	  99	 114	  97	 109	scram	scram_6.png	
CEV	   1	  34	  12	   0	3.245667e+02	  97	  97	3.664286e-01	3.553429e+01	3735	 115	  99	 114	  97	 109	scram	scram_14.png	
CEV	   1	  35	  12	   0	3.320571e+02	  99	   0	3.731429e-01	3.700000e+01	3688	 115	  99	 114	  97	 109	scram	scram_15.png	
CEV	   1	  36	  12	   0	3.394079e+02	 108	 108	3.561429e-01	3.842457e+01	3807	 115	  99	 114	  97	 109	scram	scram_7.png	
CEV	   1	  37	  12	   0	3.474240e+02	 111	   0	3.372857e-01	3.733729e+01	3939	 115	  99	 114	  97	 109	scram	scram_4.png	
CEV	   1	  38	  12	   0	3.537531e+02	  39	  39	8.478571e-01	3.276071e+01	 365	 115	  99	 114	  97	 109	scram	scram_18.png	
CEV	   1	  39	  12	   0	3.587822e+02	  41	  41	8.447143e-01	3.446586e+01	 387	 115	  99	 114	  97	 109	scram	scram_16.png	
CEV	   1	  40	  12	   0	3.658529e+02	  46	  46	7.767143e-01	3.544657e+01	 863	 115	  99	 114	  97	 109	scram	scram_13.png	
CEV	   1	  41	  12	   0	3.724660e+02	  47	  47	7.430000e-01	3.477100e+01	1099	 115	  99	 114	  97	 109	scram	scram_1.png	
CEV	   1	  42	  12	   0	3.787529e+02	  48	  48	7.400000e-01	3.552000e+01	1120	 115	  99	 114	  97	 109	scram	scram_17.png	
DEV	   1	  43	  11	   0	4.511135e+02	  82	   0	4.442665e-01	3.627832e+01	2181	 102	 101	  97	 114	fear	fear_7.png	
DEV	   1	  44	  11	   0	4.587014e+02	  84	  84	2.901817e-01	2.445757e+01	3875	 102	 101	  97	 114	fear	fear_13.png	
DEV	   1	  45	  11	   0	4.656670e+02	  75	   0	4.898569e-01	3.695406e+01	1850	 102	 101	  97	 114	fear	fear_18.png	
DEV	   1	  46	  11	   0	4.717537e+02	  76	   0	4.797031e-01	3.631615e+01	1919	 102	 101	  97	 114	fear	fear_16.png	
DEV	   1	  47	  11	   0	4.779434e+02	  75	   0	6.280602e-01	4.701691e+01	1083	 102	 101	  97	 114	fear	fear_11.png	
DEV	   1	  48	  11	   0	4.839236e+02	  65	  65	8.266913e-01	5.349595e+01	 264	 102	 101	  97	 114	fear	fear_6.png	
DEV	   1	  49	  11	   0	4.893543e+02	  66	   0	7.996710e-01	5.254423e+01	 365	 102	 101	  97	 114	fear	fear_17.png	
DEV	   1	  50	  11	   0	4.961134e+02	  75	   0	4.370530e-01	3.271702e+01	2239	 102	 101	  97	 114	fear	fear_9.png	
DEV	   1	  51	  11	   0	5.027529e+02	  85	   0	3.573695e-01	3.045605e+01	3023	 102	 101	  97	 114	fear	fear_10.png	
DEV	   1	  52	  11	   0	5.102004e+02	  79	   0	3.429227e-01	2.698103e+01	3197	 102	 101	  97	 114	fear	fear_21.png	
DEV	   1	  53	  11	   0	5.186232e+02	  82	   0	2.997342e-01	2.458153e+01	3752	 102	 101	  97	 114	fear	fear_12.png	
DEV	   1	  54	  11	   0	5.256461e+02	  78	   0	4.759685e-01	3.703238e+01	1945	 102	 101	  97	 114	fear	fear_15.png	
DEV	   1	  55	  11	   0	5.338772e+02	  81	  81	2.958675e-01	2.400159e+01	3802	 102	 101	  97	 114	fear	fear_2.png	
DEV	   1	  56	  11	   0	5.404149e+02	  74	  74	4.980533e-01	3.696773e+01	1796	 102	 101	  97	 114	fear	fear_8.png	
DEV	   1	  57	  11	   0	5.476239e+02	  86	   0	3.648206e-01	3.137061e+01	2937	 102	 101	  97	 114	fear	fear_1.png	
DEV	   1	  58	  11	   0	5.556512e+02	  84	  84	3.132564e-01	2.619065e+01	3576	 102	 101	  97	 114	fear	fear_4.png	
DEV	   1	  59	  11	   0	5.626142e+02	  84	   0	4.183575e-01	3.530315e+01	2398	 102	 101	  97	 114	fear	fear_20.png	
DEV	   1	  60	  11	   0	5.697629e+02	  77	   0	4.983611e-01	3.848167e+01	1794	 102	 101	  97	 114	fear	fear_3.png	
DEV	   1	  61	  11	   0	5.770039e+02	  83	  83	2.962551e-01	2.462225e+01	3797	 102	 101	  97	 114	fear	fear_14.png	
DEV	   1	  62	  11	   0	5.834963e+02	  75	  75	5.188715e-01	3.875209e+01	1665	 102	 101	  97	 114	fear	fear_19.png	
DEV	   1	  63	  11	   0	5.918520e+02	  81	  81	2.961001e-01	2.401849e+01	3799	 102	 101	  97	 114	fear	fear_5.png	
DEV	   1	  64	  11	   0	5.983578e+02	  77	  77	5.042685e-01	3.886039e+01	1756	 102	 101	  97	 114	fear	fear_3.png	
DEV	   1	  65	  11	   0	6.061876e+02	  88	   0	2.984216e-01	2.627578e+01	3769	 102	 101	  97	 114	fear	fear_1.png	
DEV	   1	  66	  11	   0	6.138509e+02	  78	  78	4.895575e-01	3.840399e+01	1852	 102	 101	  97	 114	fear	fear_19.png	
DEV	   1	  67	  11	   0	6.216256e+02	  79	   0	3.898648e-01	3.088538e+01	2668	 102	 101	  97	 114	fear	fear_7.png	
DEV	   1	  68	  11	   0	6.289423e+02	  77	  77	5.086928e-01	3.914301e+01	1728	 102	 101	  97	 114	fear	fear_9.png	
DEV	   1	  69	  11	   0	6.357593e+02	  81	  81	5.036414e-01	4.083483e+01	1760	 102	 101	  97	 114	fear	fear_16.png	
DEV	   1	  70	  11	   0	6.430473e+02	  73	  73	5.954813e-01	4.330027e+01	1242	 102	 101	  97	 114	fear	fear_4.png	
DEV	   1	  71	  11	   0	6.482977e+02	  69	  69	6.950699e-01	4.797249e+01	 783	 102	 101	  97	 114	fear	fear_10.png	
DEV	   1	  72	  11	   0	6.545855e+02	  85	   0	4.063942e-01	3.443415e+01	2507	 102	 101	  97	 114	fear	fear_21.png	
DEV	   1	  73	  11	   0	6.614229e+02	  81	  81	4.231476e-01	3.438016e+01	2356	 102	 101	  97	 114	fear	fear_17.png	
DEV	   1	  74	  11	   0	6.687840e+02	  81	   0	2.924471e-01	2.375256e+01	3846	 102	 101	  97	 114	fear	fear_5.png	
DEV	   1	  75	  11	   0	6.759719e+02	  81	  81	5.117298e-01	4.138342e+01	1709	 102	 101	  97	 114	fear	fear_6.png	
DEV	   1	  76	  11	   0	6.838269e+02	  73	  73	4.969782e-01	3.640488e+01	1803	 102	 101	  97	 114	fear	fear_12.png	
DEV	   1	  77	  11	   0	6.901180e+02	  81	   0	4.312459e-01	3.493965e+01	2287	 102	 101	  97	 114	fear	fear_20.png	
DEV	   1	  78	  11	   0	6.971255e+02	  81	   0	4.288687e-01	3.477567e+01	2307	 102	 101	  97	 114	fear	fear_8.png	
DEV	   1	  79	  11	   0	7.043812e+02	  78	  78	4.971316e-01	3.889978e+01	1802	 102	 101	  97	 114	fear	fear_11.png	
DEV	   1	  80	  11	   0	7.103335e+02	  80	  80	5.005246e-01	4.012212e+01	1780	 102	 101	  97	 114	fear	fear_18.png	
DEV	   1	  81	  11	   0	7.171851e+02	  80	  80	5.033284e-01	4.031021e+01	1762	 102	 101	  97	 114	fear	fear_2.png	
DEV	   1	  82	  11	   0	7.244008e+02	  80	   0	4.016429e-01	3.207932e+01	2552	 102	 101	  97	 114	fear	fear_13.png	
DEV	   1	  83	  11	   0	7.306737e+02	  81	  81	4.972850e-01	4.040165e+01	1801	 102	 101	  97	 114	fear	fear_14.png	
DEV	   1	  84	  11	   0	7.371227e+02	  77	   0	6.934260e-01	5.343909e+01	 790	 102	 101	  97	 114	fear	fear_15.png	
IEV	   1	  85	  10	   0	8.089184e+02	  52	  52	6.992584e-01	3.627541e+01	2382	 104	  97	 112	 112	 121	happy	happy_19.png	
IEV	   1	  86	  10	   0	8.155304e+02	  34	  34	7.968318e-01	2.747022e+01	1734	 104	  97	 112	 112	 121	happy	happy_18.png	
IEV	   1	  87	  10	   0	8.226590e+02	 121	   0	4.232623e-01	5.128455e+01	3776	 104	  97	 112	 112	 121	happy	happy_12.png	
IEV	   1	  88	  10	   0	8.301575e+02	  30	  30	8.474528e-01	2.548975e+01	1267	 104	  97	 112	 112	 121	happy	happy_14.png	
IEV	   1	  89	  10	   0	8.362731e+02	  23	  23	8.744672e-01	2.029292e+01	 905	 104	  97	 112	 112	 121	happy	happy_17.png	
IEV	   1	  90	  10	   0	8.431471e+02	  79	  79	5.781144e-01	4.568896e+01	3027	 104	  97	 112	 112	 121	happy	happy_5.png	
IEV	   1	  91	  10	   0	8.503571e+02	  71	   0	5.972221e-01	4.227269e+01	2931	 104	  97	 112	 112	 121	happy	happy_8.png	
IEV	   1	  92	  10	   0	8.578262e+02	  81	  81	5.738974e-01	4.648386e+01	3048	 104	  97	 112	 112	 121	happy	happy_13.png	
IEV	   1	  93	  10	   0	8.650698e+02	  42	  42	7.607815e-01	3.224358e+01	1997	 104	  97	 112	 112	 121	happy	happy_6.png	
IEV	   1	  94	  10	   0	8.720375e+02	  35	  35	7.822507e-01	2.726534e+01	1845	 104	  97	 112	 112	 121	happy	happy_15.png	
IEV	   1	  95	  10	   0	8.798959e+02	 125	 125	4.130609e-01	5.168185e+01	3825	 104	  97	 112	 112	 121	happy	happy_2.png	
IEV	   1	  96	  10	   0	8.877469e+02	 124	 124	4.245128e-01	5.250869e+01	3770	 104	  97	 112	 112	 121	happy	happy_7.png	
IEV	   1	  97	  10	   0	8.954003e+02	 119	 119	4.201373e-01	5.014693e+01	3791	 104	  97	 112	 112	 121	happy	happy_4.png	
IEV	   1	  98	  10	   0	9.035428e+02	 118	   0	4.236791e-01	4.999707e+01	3774	 104	  97	 112	 112	 121	happy	happy_10.png	
IEV	   1	  99	  10	   0	9.115323e+02	 126	   0	4.049579e-01	5.118025e+01	3864	 104	  97	 112	 112	 121	happy	happy_21.png	
IEV	   1	 100	  10	   0	9.181913e+02	  20	  20	8.800840e-01	1.769148e+01	 805	 104	  97	 112	 112	 121	happy	happy_20.png	
IEV	   1	 101	  10	   0	9.264953e+02	 135	   0	3.995653e-01	5.379004e+01	3890	 104	  97	 112	 112	 121	happy	happy_9.png	
IEV	   1	 102	  10	   0	9.338364e+02	  36	  36	7.880113e-01	2.830051e+01	1802	 104	  97	 112	 112	 121	happy	happy_16.png	
IEV	   1	 103	  10	   0	9.414056e+02	 125	 125	4.095269e-01	5.099806e+01	3842	 104	  97	 112	 112	 121	happy	happy_3.png	
IEV	   1	 104	  10	   0	9.486489e+02	 121	 121	4.255551e-01	5.161941e+01	3765	 104	  97	 112	 112	 121	happy	happy_11.png	
IEV	   1	 105	  10	   0	9.569239e+02	 127	   0	4.111896e-01	5.216482e+01	3834	 104	  97	 112	 112	 121	happy	happy_1.png	
IEV	   1	 106	  10	   0	9.638171e+02	  45	  45	7.199557e-01	3.258521e+01	2259	 104	  97	 112	 112	 121	happy	happy_21.png	
IEV	   1	 107	  10	   0	9.719787e+02	 121	 121	4.176386e-01	5.066956e+01	3803	 104	  97	 112	 112	 121	happy	happy_10.png	
IEV	   1	 108	  10	   0	9.796336e+02	 121	   0	4.207621e-01	5.096211e+01	3788	 104	  97	 112	 112	 121	happy	happy_8.png	
IEV	   1	 109	  10	   0	9.856174e+02	  44	  44	7.215974e-01	3.173401e+01	2249	 104	  97	 112	 112	 121	happy	happy_1.png	
IEV	   1	 110	  10	   0	9.925875e+02	  41	  41	7.800714e-01	3.214785e+01	1861	 104	  97	 112	 112	 121	happy	happy_9.png	
IEV	   1	 111	  10	   0	9.999210e+02	 134	   0	4.008090e-01	5.374877e+01	3884	 104	  97	 112	 112	 121	happy	happy_11.png	
IEV	   1	 112	  10	   0	1.007509e+03	  70	  70	6.041134e-01	4.246805e+01	2896	 104	  97	 112	 112	 121	happy	happy_19.png	
IEV	   1	 113	  10	   0	1.015161e+03	 117	   0	4.274316e-01	4.983694e+01	3756	 104	  97	 112	 112	 121	happy	happy_2.png	
IEV	   1	 114	  10	   0	1.023090e+03	 123	   0	4.311863e-01	5.312482e+01	3738	 104	  97	 112	 112	 121	happy	happy_5.png	
IEV	   1	 115	  10	   0	1.029182e+03	  38	  38	7.800714e-01	2.980764e+01	1861	 104	  97	 112	 112	 121	happy	happy_6.png	
IEV	   1	 116	  10	   0	1.035638e+03	  37	  37	7.895937e-01	2.894295e+01	1790	 104	  97	 112	 112	 121	happy	happy_20.png	
IEV	   1	 117	  10	   0	1.041516e+03	  29	  29	8.502708e-01	2.431082e+01	1235	 104	  97	 112	 112	 121	happy	happy_13.png	
IEV	   1	 118	  10	   0	1.047621e+03	  21	   0	8.755358e-01	1.838585e+01	 887	 104	  97	 112	 112	 121	happy	happy_18.png	
IEV	   1	 119	  10	   0	1.055240e+03	  87	   0	5.150147e-01	4.466915e+01	3336	 104	  97	 112	 112	 121	happy	happy_7.png	
IEV	   1	 120	  10	   0	1.062145e+03	  43	   0	7.749584e-01	3.336104e+01	1898	 104	  97	 112	 112	 121	happy	happy_17.png	
IEV	   1	 121	  10	   0	1.070023e+03	 122	 122	4.111896e-01	5.010887e+01	3834	 104	  97	 112	 112	 121	happy	happy_4.png	
IEV	   1	 122	  10	   0	1.076179e+03	  24	  24	8.537586e-01	2.047724e+01	1194	 104	  97	 112	 112	 121	happy	happy_14.png	
IEV	   1	 123	  10	   0	1.083744e+03	 119	   0	4.186796e-01	4.978958e+01	3798	 104	  97	 112	 112	 121	happy	happy_3.png	
IEV	   1	 124	  10	   0	1.090488e+03	  22	  22	8.524986e-01	1.892959e+01	1209	 104	  97	 112	 112	 121	happy	happy_15.png	
IEV	   1	 125	  10	   0	1.097856e+03	 127	   0	4.093191e-01	5.182502e+01	3843	 104	  97	 112	 112	 121	happy	happy_12.png	
IEV	   1	 126	  10	   0	1.104934e+03	  23	   0	8.782615e-01	2.060888e+01	 839	 104	  97	 112	 112	 121	happy	happy_16.png	
CEVR	   1	 127	   9	   0	1.176988e+03	  74	  74	5.264228e-01	3.910569e+01	3840	 102	 101	  97	 114	fear	fear_10.png	
CEVR	   1	 128	   9	   0	1.183196e+03	 128	 128	2.929202e-01	3.758584e+01	1879	 102	 101	  97	 114	fear	fear_16.png	
CEVR	   1	 129	   9	   0	1.190639e+03	  66	   0	5.175859e-01	3.441207e+01	3798	 102	 101	  97	 114	fear	fear_2.png	
CEVR	   1	 130	   9	   0	1.197133e+03	 127	   0	2.916667e-01	  37	1860	 102	 101	  97	 114	fear	fear_15.png	
CEVR	   1	 131	   9	   0	1.203938e+03	 101	   0	3.798768e-01	3.851951e+01	2891	 102	 101	  97	 114	fear	fear_21.png	
CEVR	   1	 132	   9	   0	1.211139e+03	 127	   0	2.940509e-01	3.729405e+01	1896	 102	 101	  97	 114	fear	fear_5.png	
CEVR	   1	 133	   9	   0	1.218745e+03	  77	   0	4.992290e-01	3.849769e+01	3706	 102	 101	  97	 114	fear	fear_11.png	
CEVR	   1	 134	   9	   0	1.225677e+03	 151	 151	2.406169e-01	3.627815e+01	 918	 102	 101	  97	 114	fear	fear_8.png	
CEVR	   1	 135	   9	   0	1.232270e+03	 160	 160	2.371795e-01	3.794872e+01	 840	 102	 101	  97	 114	fear	fear_6.png	
CEVR	   1	 136	   9	   0	1.238707e+03	 153	 153	2.417398e-01	3.700000e+01	 943	 102	 101	  97	 114	fear	fear_18.png	
CEVR	   1	 137	   9	   0	1.245273e+03	 161	   0	2.364433e-01	3.818222e+01	 823	 102	 101	  97	 114	fear	fear_13.png	
CEVR	   1	 138	   9	   0	1.250874e+03	 154	   0	2.404828e-01	  37	 915	 102	 101	  97	 114	fear	fear_1.png	
CEVR	   1	 139	   9	   0	1.257577e+03	 152	   0	2.379203e-01	3.604832e+01	 857	 102	 101	  97	 114	fear	fear_3.png	
CEVR	   1	 140	   9	   0	1.263679e+03	 150	 150	2.386217e-01	3.580689e+01	 873	 102	 101	  97	 114	fear	fear_20.png	
CEVR	   1	 141	   9	   0	1.270005e+03	 114	 114	3.250502e-01	3.700000e+01	2316	 102	 101	  97	 114	fear	fear_17.png	
CEVR	   1	 142	   9	   0	1.277635e+03	 117	   0	3.248056e-01	3.797442e+01	2313	 102	 101	  97	 114	fear	fear_19.png	
CEVR	   1	 143	   9	   0	1.283606e+03	 159	 159	2.354117e-01	3.747082e+01	 799	 102	 101	  97	 114	fear	fear_12.png	
CEVR	   1	 144	   9	   0	1.290290e+03	 158	   0	2.374840e-01	3.747497e+01	 847	 102	 101	  97	 114	fear	fear_7.png	
CEVR	   1	 145	   9	   0	1.295926e+03	 163	   0	2.346865e-01	3.817343e+01	 782	 102	 101	  97	 114	fear	fear_9.png	
CEVR	   1	 146	   9	   0	1.302831e+03	 117	   0	3.233458e-01	3.797004e+01	2295	 102	 101	  97	 114	fear	fear_4.png	
CEVR	   1	 147	   9	   0	1.309482e+03	 111	   0	3.294327e-01	3.667057e+01	2369	 102	 101	  97	 114	fear	fear_14.png	
CEVR	   1	 148	   9	   0	1.317197e+03	 111	 111	3.226208e-01	3.570952e+01	2286	 102	 101	  97	 114	fear	fear_21.png	
CEVR	   1	 149	   9	   0	1.324045e+03	 126	   0	2.863144e-01	3.614106e+01	1777	 102	 101	  97	 114	fear	fear_7.png	
CEVR	   1	 150	   9	   0	1.331278e+03	 115	   0	3.291815e-01	3.798754e+01	2366	 102	 101	  97	 114	fear	fear_18.png	
CEVR	   1	 151	   9	   0	1.337956e+03	 124	   0	2.889335e-01	3.584427e+01	1818	 102	 101	  97	 114	fear	fear_3.png	
CEVR	   1	 152	   9	   0	1.344366e+03	 161	   0	2.299769e-01	  37	 669	 102	 101	  97	 114	fear	fear_19.png	
CEVR	   1	 153	   9	   0	1.351420e+03	  80	   0	4.747067e-01	3.794941e+01	3572	 102	 101	  97	 114	fear	fear_12.png	
CEVR	   1	 154	   9	   0	1.357969e+03	 133	   0	2.746554e-01	3.645069e+01	1585	 102	 101	  97	 114	fear	fear_16.png	
CEVR	   1	 155	   9	   0	1.363483e+03	 155	   0	2.310849e-01	3.584458e+01	 696	 102	 101	  97	 114	fear	fear_2.png	
CEVR	   1	 156	   9	   0	1.370016e+03	 105	 105	3.418691e-01	3.597439e+01	2512	 102	 101	  97	 114	fear	fear_15.png	
CEVR	   1	 157	   9	   0	1.377706e+03	  87	  87	4.212752e-01	3.657872e+01	3226	 102	 101	  97	 114	fear	fear_1.png	
CEVR	   1	 158	   9	   0	1.385802e+03	  86	  86	4.308051e-01	3.700000e+01	3294	 102	 101	  97	 114	fear	fear_13.png	
CEVR	   1	 159	   9	   0	1.393341e+03	  89	   0	4.415274e-01	3.920764e+01	3367	 102	 101	  97	 114	fear	fear_6.png	
CEVR	   1	 160	   9	   0	1.401354e+03	  81	   0	4.331104e-01	3.526756e+01	3310	 102	 101	  97	 114	fear	fear_11.png	
CEVR	   1	 161	   9	   0	1.407750e+03	 113	   0	3.229426e-01	3.635411e+01	2290	 102	 101	  97	 114	fear	fear_17.png	
CEVR	   1	 162	   9	   0	1.415027e+03	 111	   0	3.326483e-01	3.700000e+01	2407	 102	 101	  97	 114	fear	fear_9.png	
CEVR	   1	 163	   9	   0	1.421767e+03	 128	   0	2.863144e-01	3.671369e+01	1777	 102	 101	  97	 114	fear	fear_8.png	
CEVR	   1	 164	   9	   0	1.430285e+03	  72	   0	5.011610e-01	3.599768e+01	3716	 102	 101	  97	 114	fear	fear_10.png	
CEVR	   1	 165	   9	   0	1.437042e+03	 130	   0	2.881620e-01	3.757632e+01	1806	 102	 101	  97	 114	fear	fear_20.png	
CEVR	   1	 166	   9	   0	1.443841e+03	 112	   0	3.362763e-01	3.767255e+01	2449	 102	 101	  97	 114	fear	fear_14.png	
CEVR	   1	 167	   9	   0	1.450092e+03	 127	 127	2.841782e-01	3.614747e+01	1743	 102	 101	  97	 114	fear	fear_4.png	
CEVR	   1	 168	   9	   0	1.457835e+03	 134	 134	2.870124e-01	3.843506e+01	1788	 102	 101	  97	 114	fear	fear_5.png	
DEV	   1	 169	   8	   0	1.531026e+03	  73	   0	5.059994e-01	3.694706e+01	1745	 115	  99	 114	  97	 109	scram	scram_13.png	
DEV	   1	 170	   8	   0	1.537891e+03	  88	   0	2.981898e-01	2.625737e+01	3772	 115	  99	 114	  97	 109	scram	scram_11.png	
DEV	   1	 171	   8	   0	1.546287e+03	  81	   0	2.933818e-01	2.382073e+01	3834	 115	  99	 114	  97	 109	scram	scram_9.png	
DEV	   1	 172	   8	   0	1.553279e+03	  78	   0	4.880654e-01	3.830603e+01	1862	 115	  99	 114	  97	 109	scram	scram_16.png	
DEV	   1	 173	   8	   0	1.559881e+03	  72	   0	6.316654e-01	4.533129e+01	1066	 115	  99	 114	  97	 109	scram	scram_3.png	
DEV	   1	 174	   8	   0	1.566874e+03	  83	   0	3.703440e-01	3.067086e+01	2875	 115	  99	 114	  97	 109	scram	scram_10.png	
DEV	   1	 175	   8	   0	1.574117e+03	  80	   0	3.443025e-01	2.741884e+01	3180	 115	  99	 114	  97	 109	scram	scram_20.png	
DEV	   1	 176	   8	   0	1.581779e+03	  84	  84	2.947036e-01	2.480108e+01	3817	 115	  99	 114	  97	 109	scram	scram_4.png	
DEV	   1	 177	   8	   0	1.590172e+03	  85	  85	2.890846e-01	2.466301e+01	3889	 115	  99	 114	  97	 109	scram	scram_17.png	
DEV	   1	 178	   8	   0	1.596476e+03	  72	  72	6.804106e-01	4.928504e+01	 846	 115	  99	 114	  97	 109	scram	scram_8.png	
DEV	   1	 179	   8	   0	1.603412e+03	  68	  68	7.978216e-01	5.407061e+01	 372	 115	  99	 114	  97	 109	scram	scram_19.png	
DEV	   1	 180	   8	   0	1.610385e+03	  77	  77	5.996656e-01	4.593799e+01	1221	 115	  99	 114	  97	 109	scram	scram_21.png	
DEV	   1	 181	   8	   0	1.616726e+03	  80	   0	5.379168e-01	4.313864e+01	1552	 115	  99	 114	  97	 109	scram	scram_15.png	
DEV	   1	 182	   8	   0	1.623047e+03	  81	  81	4.855461e-01	3.911150e+01	1879	 115	  99	 114	  97	 109	scram	scram_1.png	
DEV	   1	 183	   8	   0	1.629550e+03	  80	  80	4.646483e-01	3.722107e+01	2026	 115	  99	 114	  97	 109	scram	scram_12.png	
DEV	   1	 184	   8	   0	1.635921e+03	  81	   0	5.263338e-01	4.289264e+01	1620	 115	  99	 114	  97	 109	scram	scram_7.png	
DEV	   1	 185	   8	   0	1.643609e+03	  82	  82	4.593643e-01	3.778178e+01	2065	 115	  99	 114	  97	 109	scram	scram_14.png	
DEV	   1	 186	   8	   0	1.650081e+03	  82	  82	3.957733e-01	3.247083e+01	2609	 115	  99	 114	  97	 109	scram	scram_2.png	
DEV	   1	 187	   8	   0	1.656951e+03	  81	  81	3.614996e-01	2.931512e+01	2975	 115	  99	 114	  97	 109	scram	scram_18.png	
DEV	   1	 188	   8	   0	1.664001e+03	  80	  80	3.481501e-01	2.768282e+01	3133	 115	  99	 114	  97	 109	scram	scram_5.png	
DEV	   1	 189	   8	   0	1.671683e+03	  82	  82	3.381788e-01	2.767313e+01	3256	 115	  99	 114	  97	 109	scram	scram_6.png	
DEV	   1	 190	   8	   0	1.678974e+03	  85	   0	3.060435e-01	2.596020e+01	3670	 115	  99	 114	  97	 109	scram	scram_8.png	
DEV	   1	 191	   8	   0	1.686401e+03	  86	   0	2.883780e-01	2.489676e+01	3898	 115	  99	 114	  97	 109	scram	scram_7.png	
DEV	   1	 192	   8	   0	1.693233e+03	  80	  80	4.549761e-01	3.656488e+01	2098	 115	  99	 114	  97	 109	scram	scram_15.png	
DEV	   1	 193	   8	   0	1.700182e+03	  77	  77	4.021656e-01	3.090838e+01	2547	 115	  99	 114	  97	 109	scram	scram_16.png	
DEV	   1	 194	   8	   0	1.707456e+03	  80	   0	4.379121e-01	3.496045e+01	2232	 115	  99	 114	  97	 109	scram	scram_2.png	
DEV	   1	 195	   8	   0	1.713959e+03	  76	   0	5.545429e-01	4.201737e+01	1458	 115	  99	 114	  97	 109	scram	scram_18.png	
DEV	   1	 196	   8	   0	1.720753e+03	  82	   0	4.392684e-01	3.593075e+01	2221	 115	  99	 114	  97	 109	scram	scram_3.png	
DEV	   1	 197	   8	   0	1.727096e+03	  80	  80	4.208537e-01	3.380038e+01	2376	 115	  99	 114	  97	 109	scram	scram_6.png	
DEV	   1	 198	   8	   0	1.733917e+03	  77	   0	4.092965e-01	3.137109e+01	2480	 115	  99	 114	  97	 109	scram	scram_20.png	
DEV	   1	 199	   8	   0	1.741787e+03	  83	  83	4.390212e-01	3.635256e+01	2223	 115	  99	 114	  97	 109	scram	scram_13.png	
DEV	   1	 200	   8	   0	1.748868e+03	  75	  75	4.617898e-01	3.471858e+01	2047	 115	  99	 114	  97	 109	scram	scram_9.png	
DEV	   1	 201	   8	   0	1.755345e+03	  77	  77	4.361971e-01	3.353572e+01	2246	 115	  99	 114	  97	 109	scram	scram_5.png	
DEV	   1	 202	   8	   0	1.762808e+03	  79	   0	4.464224e-01	3.508869e+01	2164	 115	  99	 114	  97	 109	scram	scram_11.png	
DEV	   1	 203	   8	   0	1.769824e+03	  80	   0	4.318441e-01	3.454903e+01	2282	 115	  99	 114	  97	 109	scram	scram_19.png	
DEV	   1	 204	   8	   0	1.777393e+03	  80	   0	4.452787e-01	3.545804e+01	2173	 115	  99	 114	  97	 109	scram	scram_4.png	
DEV	   1	 205	   8	   0	1.784962e+03	  81	   0	4.241876e-01	3.445214e+01	2347	 115	  99	 114	  97	 109	scram	scram_1.png	
DEV	   1	 206	   8	   0	1.792333e+03	  79	   0	3.588243e-01	2.841066e+01	3006	 115	  99	 114	  97	 109	scram	scram_14.png	
DEV	   1	 207	   8	   0	1.799442e+03	  76	   0	5.253295e-01	3.967239e+01	1626	 115	  99	 114	  97	 109	scram	scram_10.png	
DEV	   1	 208	   8	   0	1.805988e+03	  79	  79	5.387832e-01	4.265736e+01	1547	 115	  99	 114	  97	 109	scram	scram_21.png	
DEV	   1	 209	   8	   0	1.812230e+03	  73	  73	6.103867e-01	4.475736e+01	1168	 115	  99	 114	  97	 109	scram	scram_12.png	
DEV	   1	 210	   8	   0	1.819045e+03	  78	   0	5.927119e-01	4.610502e+01	1256	 115	  99	 114	  97	 109	scram	scram_17.png	
CEVR	   1	 211	   7	   0	1.888660e+03	 127	   0	2.863777e-01	3.642724e+01	1778	 104	  97	 112	 112	 121	happy	happy_21.png	
CEVR	   1	 212	   7	   0	1.895198e+03	 109	 109	3.459792e-01	3.769196e+01	2557	 104	  97	 112	 112	 121	happy	happy_16.png	
CEVR	   1	 213	   7	   0	1.902164e+03	 112	   0	3.319662e-01	3.733197e+01	2399	 104	  97	 112	 112	 121	happy	happy_9.png	
CEVR	   1	 214	   7	   0	1.908131e+03	 138	 138	2.755906e-01	3.810236e+01	1601	 104	  97	 112	 112	 121	happy	happy_10.png	
CEVR	   1	 215	   7	   0	1.915295e+03	 130	   0	2.846154e-01	  37	1750	 104	  97	 112	 112	 121	happy	happy_8.png	
CEVR	   1	 216	   7	   0	1.922109e+03	 131	   0	2.817055e-01	  37	1703	 104	  97	 112	 112	 121	happy	happy_7.png	
CEVR	   1	 217	   7	   0	1.929354e+03	 110	   0	3.300204e-01	3.633996e+01	2376	 104	  97	 112	 112	 121	happy	happy_13.png	
CEVR	   1	 218	   7	   0	1.936405e+03	 113	 113	3.279311e-01	3.700000e+01	2351	 104	  97	 112	 112	 121	happy	happy_14.png	
CEVR	   1	 219	   7	   0	1.943418e+03	 112	   0	3.213400e-01	3.603598e+01	2270	 104	  97	 112	 112	 121	happy	happy_17.png	
CEVR	   1	 220	   7	   0	1.951372e+03	 112	 112	3.305258e-01	  37	2382	 104	  97	 112	 112	 121	happy	happy_20.png	
CEVR	   1	 221	   7	   0	1.957257e+03	 137	   0	2.656955e-01	3.646861e+01	1426	 104	  97	 112	 112	 121	happy	happy_6.png	
CEVR	   1	 222	   7	   0	1.962890e+03	 157	   0	2.307144e-01	3.630786e+01	 687	 104	  97	 112	 112	 121	happy	happy_1.png	
CEVR	   1	 223	   7	   0	1.970525e+03	 110	   0	3.270202e-01	3.601894e+01	2340	 104	  97	 112	 112	 121	happy	happy_19.png	
CEVR	   1	 224	   7	   0	1.976419e+03	 130	   0	2.792754e-01	3.644145e+01	1663	 104	  97	 112	 112	 121	happy	happy_2.png	
CEVR	   1	 225	   7	   0	1.983391e+03	 131	   0	2.765912e-01	3.617023e+01	1618	 104	  97	 112	 112	 121	happy	happy_11.png	
CEVR	   1	 226	   7	   0	1.990764e+03	 143	   0	2.520927e-01	3.599163e+01	1163	 104	  97	 112	 112	 121	happy	happy_3.png	
CEVR	   1	 227	   7	   0	1.998334e+03	  97	   0	3.914752e-01	3.778295e+01	2992	 104	  97	 112	 112	 121	happy	happy_5.png	
CEVR	   1	 228	   7	   0	2.005558e+03	  84	   0	4.358802e-01	3.656412e+01	3329	 104	  97	 112	 112	 121	happy	happy_12.png	
CEVR	   1	 229	   7	   0	2.011537e+03	 118	   0	3.165485e-01	3.731655e+01	2209	 104	  97	 112	 112	 121	happy	happy_18.png	
CEVR	   1	 230	   7	   0	2.019206e+03	  79	   0	4.715950e-01	3.747160e+01	3554	 104	  97	 112	 112	 121	happy	happy_4.png	
CEVR	   1	 231	   7	   0	2.026443e+03	 112	   0	3.229426e-01	3.603117e+01	2290	 104	  97	 112	 112	 121	happy	happy_15.png	
CEVR	   1	 232	   7	   0	2.033846e+03	 118	 118	3.067993e-01	3.607960e+01	2079	 104	  97	 112	 112	 121	happy	happy_20.png	
CEVR	   1	 233	   7	   0	2.041123e+03	 118	   0	3.163938e-01	3.731639e+01	2207	 104	  97	 112	 112	 121	happy	happy_15.png	
CEVR	   1	 234	   7	   0	2.047908e+03	 123	   0	3.001854e-01	  37	1986	 104	  97	 112	 112	 121	happy	happy_2.png	
CEVR	   1	 235	   7	   0	2.055739e+03	  73	  73	5.313911e-01	3.859417e+01	3863	 104	  97	 112	 112	 121	happy	happy_8.png	
CEVR	   1	 236	   7	   0	2.063111e+03	 120	   0	3.128019e-01	3.762560e+01	2160	 104	  97	 112	 112	 121	happy	happy_18.png	
CEVR	   1	 237	   7	   0	2.070653e+03	 115	   0	3.289307e-01	3.798679e+01	2363	 104	  97	 112	 112	 121	happy	happy_21.png	
CEVR	   1	 238	   7	   0	2.076954e+03	 130	   0	2.796372e-01	3.644073e+01	1669	 104	  97	 112	 112	 121	happy	happy_12.png	
CEVR	   1	 239	   7	   0	2.084609e+03	  92	   0	4.077456e-01	3.740775e+01	3124	 104	  97	 112	 112	 121	happy	happy_4.png	
CEVR	   1	 240	   7	   0	2.091970e+03	 100	 100	3.847296e-01	3.853892e+01	2934	 104	  97	 112	 112	 121	happy	happy_13.png	
CEVR	   1	 241	   7	   0	2.099060e+03	 119	 119	3.046342e-01	3.639073e+01	2049	 104	  97	 112	 112	 121	happy	happy_19.png	
CEVR	   1	 242	   7	   0	2.105976e+03	 124	   0	3.081866e-01	3.823275e+01	2098	 104	  97	 112	 112	 121	happy	happy_11.png	
CEVR	   1	 243	   7	   0	2.112385e+03	 122	   0	3.033497e-01	  37	2031	 104	  97	 112	 112	 121	happy	happy_16.png	
CEVR	   1	 244	   7	   0	2.119016e+03	 120	   0	3.087008e-01	  37	2105	 104	  97	 112	 112	 121	happy	happy_6.png	
CEVR	   1	 245	   7	   0	2.126029e+03	 120	   0	3.082599e-01	3.700000e+01	2099	 104	  97	 112	 112	 121	happy	happy_17.png	
CEVR	   1	 246	   7	   0	2.132431e+03	 121	   0	3.061466e-01	  37	2070	 104	  97	 112	 112	 121	happy	happy_14.png	
CEVR	   1	 247	   7	   0	2.140463e+03	  89	  89	4.008047e-01	3.579759e+01	3069	 104	  97	 112	 112	 121	happy	happy_7.png	
CEVR	   1	 248	   7	   0	2.147857e+03	  90	  90	3.921866e-01	3.543125e+01	2998	 104	  97	 112	 112	 121	happy	happy_9.png	
CEVR	   1	 249	   7	   0	2.154642e+03	  94	   0	3.886555e-01	3.661134e+01	2968	 104	  97	 112	 112	 121	happy	happy_1.png	
CEVR	   1	 250	   7	   0	2.162756e+03	  92	   0	3.967525e-01	3.660325e+01	3036	 104	  97	 112	 112	 121	happy	happy_10.png	
CEVR	   1	 251	   7	   0	2.169232e+03	 152	   0	2.454976e-01	3.724550e+01	1025	 104	  97	 112	 112	 121	happy	happy_3.png	
CEVR	   1	 252	   7	   0	2.175980e+03	 152	   0	2.494222e-01	3.799769e+01	1108	 104	  97	 112	 112	 121	happy	happy_5.png	
#29-May-2013
IEV	   2	 253	   6	   0	2.369598e+01	 135	   0	3.931469e-01	5.321436e+01	3921	 115	  99	 114	  97	 109	scram	scram_3.png	
IEV	   2	 254	   6	   0	3.026296e+01	  35	  35	7.942746e-01	2.771350e+01	1754	 115	  99	 114	  97	 109	scram	scram_17.png	
IEV	   2	 255	   6	   0	3.608349e+01	  37	  37	7.725751e-01	2.892505e+01	1915	 115	  99	 114	  97	 109	scram	scram_18.png	
IEV	   2	 256	   6	   0	4.341476e+01	  77	  77	5.662355e-01	4.347512e+01	3086	 115	  99	 114	  97	 109	scram	scram_2.png	
IEV	   2	 257	   6	   0	5.081717e+01	  46	  46	7.516951e-01	3.449499e+01	2058	 115	  99	 114	  97	 109	scram	scram_13.png	
IEV	   2	 258	   6	   0	5.647753e+01	  28	  28	8.661266e-01	2.405417e+01	1033	 115	  99	 114	  97	 109	scram	scram_9.png	
IEV	   2	 259	   6	   0	6.351152e+01	  34	  34	8.270885e-01	2.771547e+01	1475	 115	  99	 114	  97	 109	scram	scram_8.png	
IEV	   2	 260	   6	   0	7.000956e+01	  23	  23	8.870773e-01	2.008969e+01	 655	 115	  99	 114	  97	 109	scram	scram_7.png	
IEV	   2	 261	   6	   0	7.782293e+01	  77	  77	5.700713e-01	4.382843e+01	3067	 115	  99	 114	  97	 109	scram	scram_4.png	
IEV	   2	 262	   6	   0	8.588579e+01	 107	   0	4.740125e-01	5.057699e+01	3533	 115	  99	 114	  97	 109	scram	scram_14.png	
IEV	   2	 263	   6	   0	9.288034e+01	  73	   0	5.841164e-01	4.245028e+01	2997	 115	  99	 114	  97	 109	scram	scram_12.png	
IEV	   2	 264	   6	   0	1.009366e+02	 120	   0	4.230539e-01	5.086972e+01	3777	 115	  99	 114	  97	 109	scram	scram_1.png	
IEV	   2	 265	   6	   0	1.079075e+02	  40	  40	7.880113e-01	3.145255e+01	1802	 115	  99	 114	  97	 109	scram	scram_10.png	
IEV	   2	 266	   6	   0	1.136623e+02	  27	   0	8.705254e-01	2.346543e+01	 968	 115	  99	 114	  97	 109	scram	scram_16.png	
IEV	   2	 267	   6	   0	1.202752e+02	  43	   0	7.518462e-01	3.222747e+01	2057	 115	  99	 114	  97	 109	scram	scram_20.png	
IEV	   2	 268	   6	   0	1.265902e+02	  31	  31	8.277255e-01	2.599386e+01	1469	 115	  99	 114	  97	 109	scram	scram_11.png	
IEV	   2	 269	   6	   0	1.323407e+02	  29	  29	8.168420e-01	2.385254e+01	1568	 115	  99	 114	  97	 109	scram	scram_21.png	
IEV	   2	 270	   6	   0	1.401222e+02	  59	   0	6.733705e-01	3.943582e+01	2529	 115	  99	 114	  97	 109	scram	scram_6.png	
IEV	   2	 271	   6	   0	1.476678e+02	  73	  73	6.045059e-01	4.425850e+01	2894	 115	  99	 114	  97	 109	scram	scram_5.png	
IEV	   2	 272	   6	   0	1.555974e+02	  88	  88	5.300941e-01	4.649746e+01	3263	 115	  99	 114	  97	 109	scram	scram_19.png	
IEV	   2	 273	   6	   0	1.640039e+02	  92	  92	4.988226e-01	4.602420e+01	3414	 115	  99	 114	  97	 109	scram	scram_15.png	
IEV	   2	 274	   6	   0	1.723359e+02	 105	   0	4.769358e-01	4.997829e+01	3519	 115	  99	 114	  97	 109	scram	scram_12.png	
IEV	   2	 275	   6	   0	1.786398e+02	  19	  19	8.780412e-01	1.625176e+01	 843	 115	  99	 114	  97	 109	scram	scram_14.png	
IEV	   2	 276	   6	   0	1.855136e+02	  37	  37	7.657308e-01	2.799919e+01	1963	 115	  99	 114	  97	 109	scram	scram_18.png	
IEV	   2	 277	   6	   0	1.940259e+02	  79	  79	5.811187e-01	4.611137e+01	3012	 115	  99	 114	  97	 109	scram	scram_6.png	
IEV	   2	 278	   6	   0	2.004521e+02	  38	  38	8.059003e-01	3.061905e+01	1661	 115	  99	 114	  97	 109	scram	scram_4.png	
IEV	   2	 279	   6	   0	2.073516e+02	  69	   0	6.166007e-01	4.234162e+01	2832	 115	  99	 114	  97	 109	scram	scram_7.png	
IEV	   2	 280	   6	   0	2.151673e+02	  71	   0	6.187314e-01	4.407122e+01	2821	 115	  99	 114	  97	 109	scram	scram_5.png	
IEV	   2	 281	   6	   0	2.208216e+02	  15	  15	8.834635e-01	1.361603e+01	 737	 115	  99	 114	  97	 109	scram	scram_8.png	
IEV	   2	 282	   6	   0	2.279510e+02	  45	   0	7.457492e-01	3.347092e+01	2097	 115	  99	 114	  97	 109	scram	scram_17.png	
IEV	   2	 283	   6	   0	2.349715e+02	  99	  99	4.904944e-01	4.840766e+01	3454	 115	  99	 114	  97	 109	scram	scram_15.png	
IEV	   2	 284	   6	   0	2.432221e+02	 119	 119	4.376568e-01	5.201950e+01	3707	 115	  99	 114	  97	 109	scram	scram_13.png	
IEV	   2	 285	   6	   0	2.505067e+02	  58	   0	6.673987e-01	3.849277e+01	2562	 115	  99	 114	  97	 109	scram	scram_3.png	
IEV	   2	 286	   6	   0	2.571341e+02	  32	   0	8.240772e-01	2.637740e+01	1503	 115	  99	 114	  97	 109	scram	scram_9.png	
IEV	   2	 287	   6	   0	2.639270e+02	  55	  55	6.947678e-01	3.798725e+01	2408	 115	  99	 114	  97	 109	scram	scram_10.png	
IEV	   2	 288	   6	   0	2.698862e+02	  18	  18	8.826515e-01	1.551694e+01	 754	 115	  99	 114	  97	 109	scram	scram_11.png	
IEV	   2	 289	   6	   0	2.772064e+02	  74	   0	5.684574e-01	4.221285e+01	3075	 115	  99	 114	  97	 109	scram	scram_16.png	
IEV	   2	 290	   6	   0	2.835597e+02	  47	  47	7.403242e-01	3.464188e+01	2132	 115	  99	 114	  97	 109	scram	scram_21.png	
IEV	   2	 291	   6	   0	2.908299e+02	  63	   0	6.622882e-01	4.148323e+01	2590	 115	  99	 114	  97	 109	scram	scram_19.png	
IEV	   2	 292	   6	   0	2.975987e+02	  35	  35	8.197770e-01	2.846105e+01	1542	 115	  99	 114	  97	 109	scram	scram_20.png	
IEV	   2	 293	   6	   0	3.042093e+02	  30	  30	8.511342e-01	2.591036e+01	1225	 115	  99	 114	  97	 109	scram	scram_2.png	
IEV	   2	 294	   6	   0	3.113000e+02	  42	  42	7.285838e-01	3.044118e+01	2206	 115	  99	 114	  97	 109	scram	scram_1.png	
CEV	   2	 295	   5	   0	3.808960e+02	  68	  68	5.812857e-01	3.932514e+01	2231	 104	  97	 112	 112	 121	happy	happy_14.png	
CEV	   2	 296	   5	   0	3.869404e+02	  68	  68	5.727143e-01	3.871814e+01	2291	 104	  97	 112	 112	 121	happy	happy_20.png	
CEV	   2	 297	   5	   0	3.930119e+02	  58	  58	6.441429e-01	3.764414e+01	1791	 104	  97	 112	 112	 121	happy	happy_1.png	
CEV	   2	 298	   5	   0	3.992367e+02	  51	  51	6.650000e-01	3.367500e+01	1645	 104	  97	 112	 112	 121	happy	happy_10.png	
CEV	   2	 299	   5	   0	4.066055e+02	  54	  54	6.738571e-01	3.632614e+01	1583	 104	  97	 112	 112	 121	happy	happy_8.png	
CEV	   2	 300	   5	   0	4.135016e+02	  64	  64	5.791429e-01	  37	2246	 104	  97	 112	 112	 121	happy	happy_21.png	
CEV	   2	 301	   5	   0	4.207392e+02	  61	  61	5.684286e-01	3.472629e+01	2321	 104	  97	 112	 112	 121	happy	happy_16.png	
CEV	   2	 302	   5	   0	4.270485e+02	  52	  52	6.655714e-01	3.433771e+01	1641	 104	  97	 112	 112	 121	happy	happy_6.png	
CEV	   2	 303	   5	   0	4.351628e+02	  99	   0	3.542857e-01	3.522857e+01	3820	 104	  97	 112	 112	 121	happy	happy_19.png	
CEV	   2	 304	   5	   0	4.437490e+02	 101	   0	3.598571e-01	3.628029e+01	3781	 104	  97	 112	 112	 121	happy	happy_4.png	
CEV	   2	 305	   5	   0	4.510265e+02	  57	  57	6.711429e-01	3.834229e+01	1602	 104	  97	 112	 112	 121	happy	happy_11.png	
CEV	   2	 306	   5	   0	4.574414e+02	  51	  51	7.261429e-01	  37	1217	 104	  97	 112	 112	 121	happy	happy_12.png	
CEV	   2	 307	   5	   0	4.635355e+02	  51	  51	6.672857e-01	3.433086e+01	1629	 104	  97	 112	 112	 121	happy	happy_13.png	
CEV	   2	 308	   5	   0	4.701665e+02	  56	   0	7.170000e-01	3.986800e+01	1281	 104	  97	 112	 112	 121	happy	happy_2.png	
CEV	   2	 309	   5	   0	4.763513e+02	  50	  50	7.065714e-01	3.558686e+01	1354	 104	  97	 112	 112	 121	happy	happy_5.png	
CEV	   2	 310	   5	   0	4.836660e+02	  57	  57	6.612857e-01	3.766129e+01	1671	 104	  97	 112	 112	 121	happy	happy_3.png	
CEV	   2	 311	   5	   0	4.903865e+02	  63	  63	5.738571e-01	3.642614e+01	2283	 104	  97	 112	 112	 121	happy	happy_17.png	
CEV	   2	 312	   5	   0	4.979328e+02	  73	  73	5.380000e-01	3.915200e+01	2534	 104	  97	 112	 112	 121	happy	happy_15.png	
CEV	   2	 313	   5	   0	5.041955e+02	  65	  65	5.334286e-01	3.486629e+01	2566	 104	  97	 112	 112	 121	happy	happy_18.png	
CEV	   2	 314	   5	   0	5.105346e+02	  53	  53	6.588571e-01	3.502343e+01	1688	 104	  97	 112	 112	 121	happy	happy_7.png	
CEV	   2	 315	   5	   0	5.167547e+02	  57	  57	6.600000e-01	3.766000e+01	1680	 104	  97	 112	 112	 121	happy	happy_9.png	
CEV	   2	 316	   5	   0	5.243958e+02	  79	   0	4.904286e-01	3.896171e+01	2867	 104	  97	 112	 112	 121	happy	happy_21.png	
CEV	   2	 317	   5	   0	5.309451e+02	  59	  59	6.508571e-01	3.830171e+01	1744	 104	  97	 112	 112	 121	happy	happy_10.png	
CEV	   2	 318	   5	   0	5.378326e+02	  64	   0	6.122857e-01	3.944914e+01	2014	 104	  97	 112	 112	 121	happy	happy_16.png	
CEV	   2	 319	   5	   0	5.449696e+02	  69	   0	5.774286e-01	3.988714e+01	2258	 104	  97	 112	 112	 121	happy	happy_14.png	
CEV	   2	 320	   5	   0	5.513911e+02	  58	  58	6.678571e-01	3.900357e+01	1625	 104	  97	 112	 112	 121	happy	happy_1.png	
CEV	   2	 321	   5	   0	5.582715e+02	  52	  52	6.714286e-01	3.498571e+01	1600	 104	  97	 112	 112	 121	happy	happy_5.png	
CEV	   2	 322	   5	   0	5.661015e+02	  52	  52	6.572857e-01	3.437086e+01	1699	 104	  97	 112	 112	 121	happy	happy_4.png	
CEV	   2	 323	   5	   0	5.726274e+02	  59	  59	6.667143e-01	3.966686e+01	1633	 104	  97	 112	 112	 121	happy	happy_2.png	
CEV	   2	 324	   5	   0	5.798327e+02	  53	  53	6.721429e-01	3.565571e+01	1595	 104	  97	 112	 112	 121	happy	happy_6.png	
CEV	   2	 325	   5	   0	5.870875e+02	  65	   0	5.651429e-01	  37	2344	 104	  97	 112	 112	 121	happy	happy_17.png	
CEV	   2	 326	   5	   0	5.930719e+02	  52	   0	6.497143e-01	3.375143e+01	1752	 104	  97	 112	 112	 121	happy	happy_9.png	
CEV	   2	 327	   5	   0	6.003501e+02	  67	   0	5.570000e-01	3.755700e+01	2401	 104	  97	 112	 112	 121	happy	happy_20.png	
CEV	   2	 328	   5	   0	6.077959e+02	  55	  55	6.531429e-01	3.569371e+01	1728	 104	  97	 112	 112	 121	happy	happy_3.png	
CEV	   2	 329	   5	   0	6.142347e+02	  52	  52	6.621429e-01	3.435143e+01	1665	 104	  97	 112	 112	 121	happy	happy_7.png	
CEV	   2	 330	   5	   0	6.203853e+02	  58	  58	6.565714e-01	3.831314e+01	1704	 104	  97	 112	 112	 121	happy	happy_12.png	
CEV	   2	 331	   5	   0	6.281429e+02	  60	  60	6.565714e-01	3.962629e+01	1704	 104	  97	 112	 112	 121	happy	happy_11.png	
CEV	   2	 332	   5	   0	6.343045e+02	  61	  61	6.565714e-01	4.028286e+01	1704	 104	  97	 112	 112	 121	happy	happy_8.png	
CEV	   2	 333	   5	   0	6.414999e+02	  60	   0	6.395714e-01	3.827914e+01	1823	 104	  97	 112	 112	 121	happy	happy_13.png	
CEV	   2	 334	   5	   0	6.490643e+02	  63	  63	5.682857e-01	3.586343e+01	2322	 104	  97	 112	 112	 121	happy	happy_18.png	
CEV	   2	 335	   5	   0	6.559507e+02	  69	   0	5.344286e-01	3.700000e+01	2559	 104	  97	 112	 112	 121	happy	happy_15.png	
CEV	   2	 336	   5	   0	6.630034e+02	  68	  68	5.658571e-01	3.869757e+01	2339	 104	  97	 112	 112	 121	happy	happy_19.png	
CEVR	   2	 337	   4	   0	7.339325e+02	  69	  69	5.159363e-01	3.545219e+01	3790	 115	  99	 114	  97	 109	scram	scram_12.png	
CEVR	   2	 338	   4	   0	7.399236e+02	 159	   0	2.270337e-01	3.609187e+01	 596	 115	  99	 114	  97	 109	scram	scram_20.png	
CEVR	   2	 339	   4	   0	7.475776e+02	 134	 134	2.723449e-01	3.645531e+01	1545	 115	  99	 114	  97	 109	scram	scram_6.png	
CEVR	   2	 340	   4	   0	7.538580e+02	 137	   0	2.638549e-01	3.620844e+01	1392	 115	  99	 114	  97	 109	scram	scram_17.png	
CEVR	   2	 341	   4	   0	7.606165e+02	 139	   0	2.703549e-01	3.754071e+01	1510	 115	  99	 114	  97	 109	scram	scram_19.png	
CEVR	   2	 342	   4	   0	7.667976e+02	 144	 144	2.639625e-01	3.805585e+01	1394	 115	  99	 114	  97	 109	scram	scram_14.png	
CEVR	   2	 343	   4	   0	7.744051e+02	 106	   0	3.543092e-01	3.770862e+01	2645	 115	  99	 114	  97	 109	scram	scram_3.png	
CEVR	   2	 344	   4	   0	7.811805e+02	 107	 107	3.482119e-01	3.734821e+01	2581	 115	  99	 114	  97	 109	scram	scram_13.png	
CEVR	   2	 345	   4	   0	7.881333e+02	 104	 104	3.579326e-01	3.735793e+01	2682	 115	  99	 114	  97	 109	scram	scram_7.png	
CEVR	   2	 346	   4	   0	7.943824e+02	 132	 132	2.712610e-01	3.591496e+01	1526	 115	  99	 114	  97	 109	scram	scram_2.png	
CEVR	   2	 347	   4	   0	8.016462e+02	 105	 105	3.653032e-01	3.846121e+01	2755	 115	  99	 114	  97	 109	scram	scram_11.png	
CEVR	   2	 348	   4	   0	8.086876e+02	 134	 134	2.704114e-01	3.618877e+01	1511	 115	  99	 114	  97	 109	scram	scram_18.png	
CEVR	   2	 349	   4	   0	8.155147e+02	 102	 102	3.579326e-01	3.664207e+01	2682	 115	  99	 114	  97	 109	scram	scram_21.png	
CEVR	   2	 350	   4	   0	8.223579e+02	 136	 136	2.796372e-01	3.811855e+01	1669	 115	  99	 114	  97	 109	scram	scram_10.png	
CEVR	   2	 351	   4	   0	8.285126e+02	 129	   0	2.790948e-01	3.588362e+01	1660	 115	  99	 114	  97	 109	scram	scram_9.png	
CEVR	   2	 352	   4	   0	8.345140e+02	 133	 133	2.773019e-01	3.700000e+01	1630	 115	  99	 114	  97	 109	scram	scram_5.png	
CEVR	   2	 353	   4	   0	8.410611e+02	 136	   0	2.828128e-01	3.841406e+01	1721	 115	  99	 114	  97	 109	scram	scram_1.png	
CEVR	   2	 354	   4	   0	8.481607e+02	 131	 131	2.775396e-01	3.644492e+01	1634	 115	  99	 114	  97	 109	scram	scram_4.png	
CEVR	   2	 355	   4	   0	8.545423e+02	 134	 134	2.722876e-01	3.645542e+01	1544	 115	  99	 114	  97	 109	scram	scram_8.png	
CEVR	   2	 356	   4	   0	8.618680e+02	 132	   0	2.799395e-01	3.700000e+01	1674	 115	  99	 114	  97	 109	scram	scram_15.png	
CEVR	   2	 357	   4	   0	8.695892e+02	 105	 105	3.564547e-01	3.735645e+01	2667	 115	  99	 114	  97	 109	scram	scram_16.png	
CEVR	   2	 358	   4	   0	8.773721e+02	  98	   0	3.620352e-01	3.555186e+01	2723	 115	  99	 114	  97	 109	scram	scram_6.png	
CEVR	   2	 359	   4	   0	8.846984e+02	 136	   0	2.801817e-01	3.812073e+01	1678	 115	  99	 114	  97	 109	scram	scram_7.png	
CEVR	   2	 360	   4	   0	8.908925e+02	 130	   0	2.758841e-01	3.589646e+01	1606	 115	  99	 114	  97	 109	scram	scram_1.png	
CEVR	   2	 361	   4	   0	8.985031e+02	 103	 103	3.540186e-01	3.629196e+01	2642	 115	  99	 114	  97	 109	scram	scram_16.png	
CEVR	   2	 362	   4	   0	9.058146e+02	 108	 108	3.505685e-01	3.770114e+01	2606	 115	  99	 114	  97	 109	scram	scram_15.png	
CEVR	   2	 363	   4	   0	9.120717e+02	 131	   0	2.714316e-01	3.564284e+01	1529	 115	  99	 114	  97	 109	scram	scram_10.png	
CEVR	   2	 364	   4	   0	9.193687e+02	 102	   0	3.662330e-01	3.736623e+01	2764	 115	  99	 114	  97	 109	scram	scram_18.png	
CEVR	   2	 365	   4	   0	9.265134e+02	 110	   0	3.424114e-01	3.768482e+01	2518	 115	  99	 114	  97	 109	scram	scram_8.png	
CEVR	   2	 366	   4	   0	9.330081e+02	 138	   0	2.731491e-01	3.781945e+01	1559	 115	  99	 114	  97	 109	scram	scram_13.png	
CEVR	   2	 367	   4	   0	9.402395e+02	 135	   0	2.787944e-01	3.755759e+01	1655	 115	  99	 114	  97	 109	scram	scram_20.png	
CEVR	   2	 368	   4	   0	9.476839e+02	 130	 130	2.821351e-01	3.671786e+01	1710	 115	  99	 114	  97	 109	scram	scram_12.png	
CEVR	   2	 369	   4	   0	9.546282e+02	 134	   0	2.821351e-01	3.784641e+01	1710	 115	  99	 114	  97	 109	scram	scram_17.png	
CEVR	   2	 370	   4	   0	9.616631e+02	 104	   0	3.595225e-01	3.735952e+01	2698	 115	  99	 114	  97	 109	scram	scram_14.png	
CEVR	   2	 371	   4	   0	9.684715e+02	 101	 101	3.532460e-01	3.558702e+01	2634	 115	  99	 114	  97	 109	scram	scram_3.png	
CEVR	   2	 372	   4	   0	9.756464e+02	  96	   0	3.846154e-01	  37	2933	 115	  99	 114	  97	 109	scram	scram_21.png	
CEVR	   2	 373	   4	   0	9.831253e+02	 106	   0	3.621365e-01	3.844855e+01	2724	 115	  99	 114	  97	 109	scram	scram_5.png	
CEVR	   2	 374	   4	   0	9.887851e+02	 149	 149	2.508718e-01	3.750174e+01	1138	 115	  99	 114	  97	 109	scram	scram_19.png	
CEVR	   2	 375	   4	   0	9.952138e+02	 145	 145	2.482270e-01	3.600709e+01	1083	 115	  99	 114	  97	 109	scram	scram_9.png	
CEVR	   2	 376	   4	   0	1.001991e+03	 155	   0	2.431012e-01	3.772930e+01	 973	 115	  99	 114	  97	 109	scram	scram_4.png	
CEVR	   2	 377	   4	   0	1.008162e+03	 150	 150	2.494222e-01	3.749884e+01	1108	 115	  99	 114	  97	 109	scram	scram_2.png	
CEVR	   2	 378	   4	   0	1.014422e+03	 151	 151	2.485605e-01	3.749712e+01	1090	 115	  99	 114	  97	 109	scram	scram_11.png	
IEV	   2	 379	   3	   0	1.085178e+03	  46	  46	7.106467e-01	3.260014e+01	2315	 102	 101	  97	 114	fear	fear_17.png	
IEV	   2	 380	   3	   0	1.091844e+03	  33	  33	8.018527e-01	2.618434e+01	1694	 102	 101	  97	 114	fear	fear_9.png	
IEV	   2	 381	   3	   0	1.099034e+03	  35	  35	8.136204e-01	2.825688e+01	1596	 102	 101	  97	 114	fear	fear_11.png	
IEV	   2	 382	   3	   0	1.105020e+03	  35	  35	8.136204e-01	2.825688e+01	1596	 102	 101	  97	 114	fear	fear_12.png	
IEV	   2	 383	   3	   0	1.111567e+03	  37	   0	8.011075e-01	2.946190e+01	1700	 102	 101	  97	 114	fear	fear_8.png	
IEV	   2	 384	   3	   0	1.119238e+03	  54	  54	7.106467e-01	3.828531e+01	2315	 102	 101	  97	 114	fear	fear_10.png	
IEV	   2	 385	   3	   0	1.126552e+03	  51	  51	6.980533e-01	3.566418e+01	2389	 102	 101	  97	 114	fear	fear_14.png	
IEV	   2	 386	   3	   0	1.134078e+03	  80	   0	5.698697e-01	4.554927e+01	3068	 102	 101	  97	 114	fear	fear_4.png	
IEV	   2	 387	   3	   0	1.140563e+03	  53	  53	7.079516e-01	3.776567e+01	2331	 102	 101	  97	 114	fear	fear_21.png	
IEV	   2	 388	   3	   0	1.149044e+03	 103	 103	4.652383e-01	4.814581e+01	3575	 102	 101	  97	 114	fear	fear_2.png	
IEV	   2	 389	   3	   0	1.156883e+03	 117	 117	4.416248e-01	5.186847e+01	3688	 102	 101	  97	 114	fear	fear_18.png	
IEV	   2	 390	   3	   0	1.164939e+03	 112	   0	4.449672e-01	4.996016e+01	3672	 102	 101	  97	 114	fear	fear_6.png	
IEV	   2	 391	   3	   0	1.171668e+03	 110	   0	4.455940e-01	4.904226e+01	3669	 102	 101	  97	 114	fear	fear_7.png	
IEV	   2	 392	   3	   0	1.178728e+03	  39	  39	7.777349e-01	3.001580e+01	1878	 102	 101	  97	 114	fear	fear_5.png	
IEV	   2	 393	   3	   0	1.186568e+03	  52	  52	7.144936e-01	3.729981e+01	2292	 102	 101	  97	 114	fear	fear_15.png	
IEV	   2	 394	   3	   0	1.193469e+03	  34	  34	7.935014e-01	2.699313e+01	1760	 102	 101	  97	 114	fear	fear_13.png	
IEV	   2	 395	   3	   0	1.200698e+03	 124	 124	4.149331e-01	5.160971e+01	3816	 102	 101	  97	 114	fear	fear_20.png	
IEV	   2	 396	   3	   0	1.208718e+03	 127	 127	4.059958e-01	5.154503e+01	3859	 102	 101	  97	 114	fear	fear_1.png	
IEV	   2	 397	   3	   0	1.216327e+03	 117	   0	4.236791e-01	4.957339e+01	3774	 102	 101	  97	 114	fear	fear_19.png	
IEV	   2	 398	   3	   0	1.223755e+03	  46	  46	7.201201e-01	3.329237e+01	2258	 102	 101	  97	 114	fear	fear_3.png	
IEV	   2	 399	   3	   0	1.230379e+03	  29	  29	8.651347e-01	2.504891e+01	1047	 102	 101	  97	 114	fear	fear_16.png	
IEV	   2	 400	   3	   0	1.236990e+03	  34	  34	8.160425e-01	2.801660e+01	1575	 102	 101	  97	 114	fear	fear_10.png	
IEV	   2	 401	   3	   0	1.245910e+03	 126	   0	4.082802e-01	5.145625e+01	3848	 102	 101	  97	 114	fear	fear_15.png	
IEV	   2	 402	   3	   0	1.253356e+03	  94	   0	4.925778e-01	4.634092e+01	3444	 102	 101	  97	 114	fear	fear_7.png	
IEV	   2	 403	   3	   0	1.259639e+03	  29	  29	8.158133e-01	2.396037e+01	1577	 102	 101	  97	 114	fear	fear_6.png	
IEV	   2	 404	   3	   0	1.267324e+03	 124	   0	4.236791e-01	5.253914e+01	3774	 102	 101	  97	 114	fear	fear_21.png	
IEV	   2	 405	   3	   0	1.274497e+03	 122	 122	4.284744e-01	5.236304e+01	3751	 102	 101	  97	 114	fear	fear_20.png	
IEV	   2	 406	   3	   0	1.281676e+03	  79	  79	5.565037e-01	4.401764e+01	3134	 102	 101	  97	 114	fear	fear_3.png	
IEV	   2	 407	   3	   0	1.289630e+03	  91	  91	5.253521e-01	4.778560e+01	3286	 102	 101	  97	 114	fear	fear_1.png	
IEV	   2	 408	   3	   0	1.297828e+03	 136	   0	3.865355e-01	5.266725e+01	3953	 102	 101	  97	 114	fear	fear_18.png	
IEV	   2	 409	   3	   0	1.304529e+03	  92	  92	5.004865e-01	4.593914e+01	3406	 102	 101	  97	 114	fear	fear_9.png	
IEV	   2	 410	   3	   0	1.312222e+03	 107	   0	4.729682e-01	5.062027e+01	3538	 102	 101	  97	 114	fear	fear_2.png	
IEV	   2	 411	   3	   0	1.320300e+03	 128	 128	3.958370e-01	5.074618e+01	3908	 102	 101	  97	 114	fear	fear_16.png	
IEV	   2	 412	   3	   0	1.327855e+03	 124	 124	4.057882e-01	5.033571e+01	3860	 102	 101	  97	 114	fear	fear_14.png	
IEV	   2	 413	   3	   0	1.335929e+03	 103	   0	4.738036e-01	4.869044e+01	3534	 102	 101	  97	 114	fear	fear_11.png	
IEV	   2	 414	   3	   0	1.343021e+03	 106	   0	4.725505e-01	5.016500e+01	3540	 102	 101	  97	 114	fear	fear_8.png	
IEV	   2	 415	   3	   0	1.349956e+03	  45	  45	7.166534e-01	3.212775e+01	2279	 102	 101	  97	 114	fear	fear_19.png	
IEV	   2	 416	   3	   0	1.357692e+03	 136	 136	3.787049e-01	5.143022e+01	3991	 102	 101	  97	 114	fear	fear_13.png	
IEV	   2	 417	   3	   0	1.364075e+03	  32	  32	7.925958e-01	2.549426e+01	1767	 102	 101	  97	 114	fear	fear_5.png	
IEV	   2	 418	   3	   0	1.370320e+03	  15	  15	8.942155e-01	1.343176e+01	 442	 102	 101	  97	 114	fear	fear_17.png	
IEV	   2	 419	   3	   0	1.378159e+03	  96	  96	4.940356e-01	4.725541e+01	3437	 102	 101	  97	 114	fear	fear_12.png	
IEV	   2	 420	   3	   0	1.386212e+03	 108	 108	4.506090e-01	4.881707e+01	3645	 102	 101	  97	 114	fear	fear_4.png	
DEV	   2	 421	   2	   0	1.455797e+03	  84	   0	4.299354e-01	3.613908e+01	2298	 104	  97	 112	 112	 121	happy	happy_6.png	
DEV	   2	 422	   2	   0	1.463757e+03	  81	  81	4.318441e-01	3.498088e+01	2282	 104	  97	 112	 112	 121	happy	happy_14.png	
DEV	   2	 423	   2	   0	1.470217e+03	  75	  75	5.086928e-01	3.812562e+01	1728	 104	  97	 112	 112	 121	happy	happy_4.png	
DEV	   2	 424	   2	   0	1.476963e+03	  82	   0	5.169086e-01	4.225001e+01	1677	 104	  97	 112	 112	 121	happy	happy_9.png	
DEV	   2	 425	   2	   0	1.483693e+03	  81	  81	4.173444e-01	3.397773e+01	2407	 104	  97	 112	 112	 121	happy	happy_21.png	
DEV	   2	 426	   2	   0	1.490821e+03	  75	   0	4.880654e-01	3.684183e+01	1862	 104	  97	 112	 112	 121	happy	happy_8.png	
DEV	   2	 427	   2	   0	1.499431e+03	  89	  89	2.978805e-01	2.653069e+01	3776	 104	  97	 112	 112	 121	happy	happy_1.png	
DEV	   2	 428	   2	   0	1.507482e+03	  82	   0	2.894767e-01	2.382488e+01	3884	 104	  97	 112	 112	 121	happy	happy_12.png	
DEV	   2	 429	   2	   0	1.514444e+03	  76	   0	4.269846e-01	3.251063e+01	2323	 104	  97	 112	 112	 121	happy	happy_15.png	
DEV	   2	 430	   2	   0	1.522684e+03	  83	   0	2.893983e-01	2.410846e+01	3885	 104	  97	 112	 112	 121	happy	happy_5.png	
DEV	   2	 431	   2	   0	1.529532e+03	  77	   0	5.144710e-01	3.951078e+01	1692	 104	  97	 112	 112	 121	happy	happy_13.png	
DEV	   2	 432	   2	   0	1.536482e+03	  77	  77	4.319639e-01	3.326128e+01	2281	 104	  97	 112	 112	 121	happy	happy_16.png	
DEV	   2	 433	   2	   0	1.543641e+03	  75	   0	5.170718e-01	3.864167e+01	1676	 104	  97	 112	 112	 121	happy	happy_11.png	
DEV	   2	 434	   2	   0	1.550131e+03	  84	  84	4.205117e-01	3.545906e+01	2379	 104	  97	 112	 112	 121	happy	happy_19.png	
DEV	   2	 435	   2	   0	1.556934e+03	  82	  82	4.232629e-01	3.481140e+01	2355	 104	  97	 112	 112	 121	happy	happy_20.png	
DEV	   2	 436	   2	   0	1.563982e+03	  78	   0	5.141473e-01	4.000437e+01	1694	 104	  97	 112	 112	 121	happy	happy_10.png	
DEV	   2	 437	   2	   0	1.571552e+03	  81	  81	4.280425e-01	3.471863e+01	2314	 104	  97	 112	 112	 121	happy	happy_18.png	
DEV	   2	 438	   2	   0	1.579296e+03	  82	   0	2.946259e-01	2.420595e+01	3818	 104	  97	 112	 112	 121	happy	happy_3.png	
DEV	   2	 439	   2	   0	1.585811e+03	  70	  70	7.506064e-01	5.280434e+01	 555	 104	  97	 112	 112	 121	happy	happy_7.png	
DEV	   2	 440	   2	   0	1.592422e+03	  81	   0	4.222272e-01	3.431642e+01	2364	 104	  97	 112	 112	 121	happy	happy_17.png	
DEV	   2	 441	   2	   0	1.598931e+03	  77	  77	5.061572e-01	3.898114e+01	1744	 104	  97	 112	 112	 121	happy	happy_2.png	
DEV	   2	 442	   2	   0	1.604971e+03	  68	  68	7.260245e-01	4.944821e+01	 654	 104	  97	 112	 112	 121	happy	happy_18.png	
DEV	   2	 443	   2	   0	1.612213e+03	  70	  70	7.245574e-01	5.082944e+01	 660	 104	  97	 112	 112	 121	happy	happy_19.png	
DEV	   2	 444	   2	   0	1.618138e+03	  74	   0	7.336464e-01	5.419928e+01	 623	 104	  97	 112	 112	 121	happy	happy_3.png	
DEV	   2	 445	   2	   0	1.624531e+03	  85	   0	4.045868e-01	3.430240e+01	2524	 104	  97	 112	 112	 121	happy	happy_20.png	
DEV	   2	 446	   2	   0	1.631300e+03	  77	   0	4.262821e-01	3.289187e+01	2329	 104	  97	 112	 112	 121	happy	happy_15.png	
DEV	   2	 447	   2	   0	1.638671e+03	  81	   0	5.094893e-01	4.123175e+01	1723	 104	  97	 112	 112	 121	happy	happy_12.png	
DEV	   2	 448	   2	   0	1.646242e+03	  80	  80	5.066311e-01	4.053131e+01	1741	 104	  97	 112	 112	 121	happy	happy_6.png	
DEV	   2	 449	   2	   0	1.653249e+03	  86	   0	2.967973e-01	2.555308e+01	3790	 104	  97	 112	 112	 121	happy	happy_16.png	
DEV	   2	 450	   2	   0	1.660057e+03	  77	  77	4.243034e-01	3.276295e+01	2346	 104	  97	 112	 112	 121	happy	happy_14.png	
DEV	   2	 451	   2	   0	1.666856e+03	  80	  80	5.413943e-01	4.336922e+01	1532	 104	  97	 112	 112	 121	happy	happy_10.png	
DEV	   2	 452	   2	   0	1.672817e+03	  74	   0	5.452570e-01	4.035309e+01	1510	 104	  97	 112	 112	 121	happy	happy_7.png	
DEV	   2	 453	   2	   0	1.680525e+03	  82	   0	5.033284e-01	4.131686e+01	1762	 104	  97	 112	 112	 121	happy	happy_4.png	
DEV	   2	 454	   2	   0	1.686803e+03	  82	  82	4.249998e-01	3.493334e+01	2340	 104	  97	 112	 112	 121	happy	happy_21.png	
DEV	   2	 455	   2	   0	1.692842e+03	  80	  80	6.323040e-01	5.042481e+01	1063	 104	  97	 112	 112	 121	happy	happy_8.png	
DEV	   2	 456	   2	   0	1.699785e+03	  86	  86	2.904165e-01	2.505628e+01	3872	 104	  97	 112	 112	 121	happy	happy_17.png	
DEV	   2	 457	   2	   0	1.706375e+03	  81	   0	5.056840e-01	4.097364e+01	1747	 104	  97	 112	 112	 121	happy	happy_13.png	
DEV	   2	 458	   2	   0	1.714041e+03	  78	   0	3.493889e-01	2.741823e+01	3118	 104	  97	 112	 112	 121	happy	happy_11.png	
DEV	   2	 459	   2	   0	1.720382e+03	  73	  73	6.316654e-01	4.596296e+01	1066	 104	  97	 112	 112	 121	happy	happy_1.png	
DEV	   2	 460	   2	   0	1.726526e+03	  71	  71	7.353771e-01	5.208199e+01	 616	 104	  97	 112	 112	 121	happy	happy_9.png	
DEV	   2	 461	   2	   0	1.733125e+03	  71	  71	6.626885e-01	4.700216e+01	 924	 104	  97	 112	 112	 121	happy	happy_5.png	
DEV	   2	 462	   2	   0	1.739569e+03	  69	   0	6.430552e-01	4.466662e+01	1013	 104	  97	 112	 112	 121	happy	happy_2.png	
CEV	   2	 463	   1	   0	1.810588e+03	 105	   0	3.585714e-01	3.771714e+01	3790	 102	 101	  97	 114	fear	fear_5.png	
CEV	   2	 464	   1	   0	1.818052e+03	  51	   0	6.900000e-01	3.493000e+01	1470	 102	 101	  97	 114	fear	fear_11.png	
CEV	   2	 465	   1	   0	1.825200e+03	  49	  49	8.114286e-01	3.943429e+01	 620	 102	 101	  97	 114	fear	fear_8.png	
CEV	   2	 466	   1	   0	1.832544e+03	  70	  70	5.182857e-01	3.648171e+01	2672	 102	 101	  97	 114	fear	fear_21.png	
CEV	   2	 467	   1	   0	1.838524e+03	  49	  49	8.012857e-01	3.940386e+01	 691	 102	 101	  97	 114	fear	fear_4.png	
CEV	   2	 468	   1	   0	1.844623e+03	  41	  41	8.172857e-01	3.373086e+01	 579	 102	 101	  97	 114	fear	fear_9.png	
CEV	   2	 469	   1	   0	1.852178e+03	  70	   0	5.432857e-01	3.808657e+01	2497	 102	 101	  97	 114	fear	fear_17.png	
CEV	   2	 470	   1	   0	1.858754e+03	  57	  57	6.631429e-01	3.766314e+01	1658	 102	 101	  97	 114	fear	fear_16.png	
CEV	   2	 471	   1	   0	1.865232e+03	  55	   0	6.578571e-01	3.634214e+01	1695	 102	 101	  97	 114	fear	fear_2.png	
CEV	   2	 472	   1	   0	1.872548e+03	  76	   0	4.720000e-01	3.605600e+01	2996	 102	 101	  97	 114	fear	fear_10.png	
CEV	   2	 473	   1	   0	1.879209e+03	  52	   0	7.525714e-01	3.925771e+01	1032	 102	 101	  97	 114	fear	fear_19.png	
CEV	   2	 474	   1	   0	1.885345e+03	  56	  56	6.642857e-01	  37	1650	 102	 101	  97	 114	fear	fear_6.png	
CEV	   2	 475	   1	   0	1.892399e+03	  61	  61	6.587143e-01	4.029357e+01	1689	 102	 101	  97	 114	fear	fear_13.png	
CEV	   2	 476	   1	   0	1.899765e+03	  64	   0	5.451429e-01	3.481943e+01	2484	 102	 101	  97	 114	fear	fear_7.png	
CEV	   2	 477	   1	   0	1.906565e+03	  96	  96	3.894286e-01	3.738943e+01	3574	 102	 101	  97	 114	fear	fear_1.png	
CEV	   2	 478	   1	   0	1.914271e+03	 108	 108	3.597143e-01	3.879857e+01	3782	 102	 101	  97	 114	fear	fear_14.png	
CEV	   2	 479	   1	   0	1.922585e+03	 105	   0	3.598571e-01	3.771971e+01	3781	 102	 101	  97	 114	fear	fear_20.png	
CEV	   2	 480	   1	   0	1.928272e+03	  44	  44	8.304286e-01	3.616957e+01	 487	 102	 101	  97	 114	fear	fear_18.png	
CEV	   2	 481	   1	   0	1.934588e+03	  40	  40	8.150000e-01	3.292500e+01	 595	 102	 101	  97	 114	fear	fear_15.png	
CEV	   2	 482	   1	   0	1.941003e+03	  50	   0	6.980000e-01	3.490600e+01	1414	 102	 101	  97	 114	fear	fear_12.png	
CEV	   2	 483	   1	   0	1.948460e+03	  51	   0	7.161429e-01	3.628386e+01	1287	 102	 101	  97	 114	fear	fear_3.png	
CEV	   2	 484	   1	   0	1.956128e+03	  70	   0	5.407143e-01	3.808143e+01	2515	 102	 101	  97	 114	fear	fear_2.png	
CEV	   2	 485	   1	   0	1.963280e+03	  55	   0	6.388571e-01	3.508343e+01	1828	 102	 101	  97	 114	fear	fear_3.png	
CEV	   2	 486	   1	   0	1.969880e+03	  41	   0	8.532857e-01	3.529343e+01	 327	 102	 101	  97	 114	fear	fear_19.png	
CEV	   2	 487	   1	   0	1.975909e+03	  42	  42	8.187143e-01	3.454386e+01	 569	 102	 101	  97	 114	fear	fear_20.png	
CEV	   2	 488	   1	   0	1.982926e+03	  74	   0	4.742857e-01	3.510286e+01	2980	 102	 101	  97	 114	fear	fear_13.png	
CEV	   2	 489	   1	   0	1.990366e+03	 102	 102	3.540000e-01	3.593800e+01	3822	 102	 101	  97	 114	fear	fear_18.png	
CEV	   2	 490	   1	   0	1.997438e+03	 108	 108	3.478571e-01	3.769571e+01	3865	 102	 101	  97	 114	fear	fear_16.png	
CEV	   2	 491	   1	   0	2.003804e+03	  46	  46	8.354286e-01	3.867086e+01	 452	 102	 101	  97	 114	fear	fear_7.png	
CEV	   2	 492	   1	   0	2.010454e+03	  47	  47	8.062857e-01	3.780629e+01	 656	 102	 101	  97	 114	fear	fear_5.png	
CEV	   2	 493	   1	   0	2.017944e+03	 113	   0	3.398571e-01	3.835943e+01	3921	 102	 101	  97	 114	fear	fear_14.png	
CEV	   2	 494	   1	   0	2.025470e+03	 107	   0	3.538571e-01	3.770771e+01	3823	 102	 101	  97	 114	fear	fear_15.png	
CEV	   2	 495	   1	   0	2.031366e+03	  44	  44	8.212857e-01	3.617871e+01	 551	 102	 101	  97	 114	fear	fear_17.png	
CEV	   2	 496	   1	   0	2.038280e+03	  58	  58	6.474286e-01	3.764743e+01	1768	 102	 101	  97	 114	fear	fear_12.png	
CEV	   2	 497	   1	   0	2.044495e+03	  49	  49	7.274286e-01	3.554514e+01	1208	 102	 101	  97	 114	fear	fear_11.png	
CEV	   2	 498	   1	   0	2.050893e+03	  69	  69	5.324286e-01	  37	2573	 102	 101	  97	 114	fear	fear_9.png	
CEV	   2	 499	   1	   0	2.058642e+03	  94	   0	4.047143e-01	3.821414e+01	3467	 102	 101	  97	 114	fear	fear_6.png	
CEV	   2	 500	   1	   0	2.065650e+03	  50	  50	6.737143e-01	3.363143e+01	1584	 102	 101	  97	 114	fear	fear_1.png	
CEV	   2	 501	   1	   0	2.072347e+03	  48	   0	7.048571e-01	3.418057e+01	1366	 102	 101	  97	 114	fear	fear_21.png	
CEV	   2	 502	   1	   0	2.079622e+03	  82	  82	4.830000e-01	3.941500e+01	2919	 102	 101	  97	 114	fear	fear_8.png	
CEV	   2	 503	   1	   0	2.087244e+03	  81	  81	4.774286e-01	3.890971e+01	2958	 102	 101	  97	 114	fear	fear_4.png	
CEV	   2	 504	   1	   0	2.094575e+03	  81	   0	4.701429e-01	3.794029e+01	3009	 102	 101	  97	 114	fear	fear_10.png	
