#Subj:	10960
#Run:	1
#Age:	27
#Gender:	male
#03-Jun-2013
Func	Run	Trial	Block	Null	trialStartTime	Mag	ScoreInc	Freq	EV	RT	Emotion	Image
CEV	   1	   1	   1	   0	8.020739e+01	  62	   0	6.207143e-01	3.824143e+01	1955	 102	 101	  97	 114	fear	fear_10.png	
CEV	   1	   2	   1	   0	8.685433e+01	  50	  50	7.727143e-01	3.854543e+01	 891	 102	 101	  97	 114	fear	fear_4.png	
CEV	   1	   3	   1	   0	9.360893e+01	  82	  82	4.647143e-01	3.792943e+01	3047	 102	 101	  97	 114	fear	fear_8.png	
CEV	   1	   4	   1	   0	1.015706e+02	 109	 109	3.452857e-01	3.769057e+01	3883	 102	 101	  97	 114	fear	fear_21.png	
CEV	   1	   5	   1	   0	1.080302e+02	  41	  41	8.592857e-01	3.528143e+01	 285	 102	 101	  97	 114	fear	fear_1.png	
CEV	   1	   6	   1	   0	1.155633e+02	 108	   0	3.312857e-01	3.567486e+01	3981	 102	 101	  97	 114	fear	fear_6.png	
CEV	   1	   7	   1	   0	1.226938e+02	  96	  96	3.915714e-01	3.778314e+01	3559	 102	 101	  97	 114	fear	fear_9.png	
CEV	   1	   8	   1	   0	1.303881e+02	 105	 105	3.690000e-01	3.884500e+01	3717	 102	 101	  97	 114	fear	fear_11.png	
CEV	   1	   9	   1	   0	1.375996e+02	 102	   0	3.590000e-01	3.664100e+01	3787	 102	 101	  97	 114	fear	fear_12.png	
CEV	   1	  10	   1	   0	1.447351e+02	 100	   0	3.807143e-01	3.814214e+01	3635	 102	 101	  97	 114	fear	fear_17.png	
CEV	   1	  11	   1	   0	1.519146e+02	  89	   0	4.017143e-01	3.579486e+01	3488	 102	 101	  97	 114	fear	fear_15.png	
CEV	   1	  12	   1	   0	1.594279e+02	 101	   0	3.635714e-01	3.663643e+01	3755	 102	 101	  97	 114	fear	fear_14.png	
CEV	   1	  13	   1	   0	1.661156e+02	  56	   0	6.840000e-01	3.836800e+01	1512	 102	 101	  97	 114	fear	fear_5.png	
CEV	   1	  14	   1	   0	1.716185e+02	  43	  43	8.250000e-01	3.535000e+01	 525	 102	 101	  97	 114	fear	fear_7.png	
CEV	   1	  15	   1	   0	1.778378e+02	  49	  49	7.850000e-01	3.857000e+01	 805	 102	 101	  97	 114	fear	fear_16.png	
CEV	   1	  16	   1	   0	1.846858e+02	  49	  49	6.941429e-01	3.422343e+01	1441	 102	 101	  97	 114	fear	fear_18.png	
CEV	   1	  17	   1	   0	1.907888e+02	  67	  67	5.955714e-01	3.997786e+01	2131	 102	 101	  97	 114	fear	fear_13.png	
CEV	   1	  18	   1	   0	1.980884e+02	  78	  78	4.817143e-01	3.748171e+01	2928	 102	 101	  97	 114	fear	fear_20.png	
CEV	   1	  19	   1	   0	2.058934e+02	  91	  91	4.194286e-01	3.825829e+01	3364	 102	 101	  97	 114	fear	fear_19.png	
CEV	   1	  20	   1	   0	2.130750e+02	  92	   0	4.015714e-01	  37	3489	 102	 101	  97	 114	fear	fear_3.png	
CEV	   1	  21	   1	   0	2.211015e+02	  86	   0	4.488571e-01	3.879543e+01	3158	 102	 101	  97	 114	fear	fear_2.png	
CEV	   1	  22	   1	   0	2.283549e+02	  53	  53	7.027143e-01	  37	1381	 102	 101	  97	 114	fear	fear_3.png	
CEV	   1	  23	   1	   0	2.354252e+02	  50	  50	6.854286e-01	3.425829e+01	1502	 102	 101	  97	 114	fear	fear_12.png	
CEV	   1	  24	   1	   0	2.425463e+02	  48	  48	8.185714e-01	3.945571e+01	 570	 102	 101	  97	 114	fear	fear_15.png	
CEV	   1	  25	   1	   0	2.481184e+02	  51	  51	7.760000e-01	3.932800e+01	 868	 102	 101	  97	 114	fear	fear_18.png	
CEV	   1	  26	   1	   0	2.544753e+02	  55	  55	7.230000e-01	3.989200e+01	1239	 102	 101	  97	 114	fear	fear_20.png	
CEV	   1	  27	   1	   0	2.610284e+02	  57	  57	6.137143e-01	3.515886e+01	2004	 102	 101	  97	 114	fear	fear_14.png	
CEV	   1	  28	   1	   0	2.681179e+02	  78	  78	4.831429e-01	3.748314e+01	2918	 102	 101	  97	 114	fear	fear_1.png	
CEV	   1	  29	   1	   0	2.753395e+02	  88	   0	4.151429e-01	3.658486e+01	3394	 102	 101	  97	 114	fear	fear_7.png	
CEV	   1	  30	   1	   0	2.814222e+02	  50	  50	7.502857e-01	3.775029e+01	1048	 102	 101	  97	 114	fear	fear_13.png	
CEV	   1	  31	   1	   0	2.881750e+02	  57	  57	6.985714e-01	3.979429e+01	1410	 102	 101	  97	 114	fear	fear_6.png	
CEV	   1	  32	   1	   0	2.954196e+02	  82	   0	4.712857e-01	3.841386e+01	3001	 102	 101	  97	 114	fear	fear_19.png	
CEV	   1	  33	   1	   0	3.009685e+02	  50	  50	7.227143e-01	3.627729e+01	1241	 102	 101	  97	 114	fear	fear_10.png	
CEV	   1	  34	   1	   0	3.075543e+02	  50	  50	6.855714e-01	3.425771e+01	1501	 102	 101	  97	 114	fear	fear_2.png	
CEV	   1	  35	   1	   0	3.142185e+02	  58	   0	6.388571e-01	3.700000e+01	1828	 102	 101	  97	 114	fear	fear_16.png	
CEV	   1	  36	   1	   0	3.216646e+02	  82	  82	4.750000e-01	3.890000e+01	2975	 102	 101	  97	 114	fear	fear_17.png	
CEV	   1	  37	   1	   0	3.290874e+02	  89	   0	4.218571e-01	3.742186e+01	3347	 102	 101	  97	 114	fear	fear_9.png	
CEV	   1	  38	   1	   0	3.369866e+02	  71	  71	4.858571e-01	3.457071e+01	2899	 102	 101	  97	 114	fear	fear_4.png	
CEV	   1	  39	   1	   0	3.442912e+02	  70	   0	5.098571e-01	3.547043e+01	2731	 102	 101	  97	 114	fear	fear_21.png	
CEV	   1	  40	   1	   0	3.506751e+02	  48	  48	7.457143e-01	3.550857e+01	1080	 102	 101	  97	 114	fear	fear_8.png	
CEV	   1	  41	   1	   0	3.578698e+02	  49	  49	7.154286e-01	3.485371e+01	1292	 102	 101	  97	 114	fear	fear_11.png	
CEV	   1	  42	   1	   0	3.653417e+02	  51	  51	6.918571e-01	3.561629e+01	1457	 102	 101	  97	 114	fear	fear_5.png	
DEV	   1	  43	   2	   0	4.383170e+02	  76	   0	6.515807e-01	4.966981e+01	 974	 104	  97	 112	 112	 121	happy	happy_2.png	
DEV	   1	  44	   2	   0	4.453094e+02	  79	  79	4.532679e-01	3.599535e+01	2111	 104	  97	 112	 112	 121	happy	happy_5.png	
DEV	   1	  45	   2	   0	4.512701e+02	  66	   0	8.307561e-01	5.445946e+01	 249	 104	  97	 112	 112	 121	happy	happy_9.png	
DEV	   1	  46	   2	   0	4.589291e+02	  79	   0	3.562628e-01	2.823657e+01	3036	 104	  97	 112	 112	 121	happy	happy_1.png	
DEV	   1	  47	   2	   0	4.657940e+02	  79	   0	4.641014e-01	3.671997e+01	2030	 104	  97	 112	 112	 121	happy	happy_11.png	
DEV	   1	  48	   2	   0	4.723034e+02	  73	  73	5.363625e-01	3.928084e+01	1561	 104	  97	 112	 112	 121	happy	happy_13.png	
DEV	   1	  49	   2	   0	4.791869e+02	  77	   0	4.107080e-01	3.146245e+01	2467	 104	  97	 112	 112	 121	happy	happy_17.png	
DEV	   1	  50	   2	   0	4.850861e+02	  72	   0	5.482686e-01	3.943710e+01	1493	 104	  97	 112	 112	 121	happy	happy_8.png	
DEV	   1	  51	   2	   0	4.910226e+02	  81	   0	5.020791e-01	4.072853e+01	1770	 104	  97	 112	 112	 121	happy	happy_21.png	
DEV	   1	  52	   2	   0	4.994330e+02	  80	   0	2.867251e-01	2.304677e+01	3919	 104	  97	 112	 112	 121	happy	happy_4.png	
DEV	   1	  53	   2	   0	5.051961e+02	  75	   0	5.611006e-01	4.185874e+01	1422	 104	  97	 112	 112	 121	happy	happy_7.png	
DEV	   1	  54	   2	   0	5.126779e+02	  82	   0	3.221073e-01	2.652074e+01	3461	 104	  97	 112	 112	 121	happy	happy_10.png	
DEV	   1	  55	   2	   0	5.186413e+02	  69	  69	7.383521e-01	5.074836e+01	 604	 104	  97	 112	 112	 121	happy	happy_14.png	
DEV	   1	  56	   2	   0	5.249310e+02	  65	  65	8.113662e-01	5.297035e+01	 321	 104	  97	 112	 112	 121	happy	happy_16.png	
DEV	   1	  57	   2	   0	5.310261e+02	  76	  76	7.182304e-01	5.483098e+01	 686	 104	  97	 112	 112	 121	happy	happy_6.png	
DEV	   1	  58	   2	   0	5.372660e+02	  77	  77	5.644191e-01	4.318707e+01	1404	 104	  97	 112	 112	 121	happy	happy_12.png	
DEV	   1	  59	   2	   0	5.442454e+02	  83	   0	4.604395e-01	3.831731e+01	2057	 104	  97	 112	 112	 121	happy	happy_15.png	
DEV	   1	  60	   2	   0	5.501805e+02	  69	  69	8.049722e-01	5.515486e+01	 345	 104	  97	 112	 112	 121	happy	happy_20.png	
DEV	   1	  61	   2	   0	5.557927e+02	  68	  68	8.076321e-01	5.525945e+01	 335	 104	  97	 112	 112	 121	happy	happy_3.png	
DEV	   1	  62	   2	   0	5.618641e+02	  66	  66	8.199460e-01	5.408933e+01	 289	 104	  97	 112	 112	 121	happy	happy_19.png	
DEV	   1	  63	   2	   0	5.682697e+02	  66	  66	8.161847e-01	5.395594e+01	 303	 104	  97	 112	 112	 121	happy	happy_18.png	
DEV	   1	  64	   2	   0	5.750070e+02	  69	  69	8.039100e-01	5.511279e+01	 349	 104	  97	 112	 112	 121	happy	happy_2.png	
DEV	   1	  65	   2	   0	5.800027e+02	  73	   0	8.073658e-01	5.928586e+01	 336	 104	  97	 112	 112	 121	happy	happy_17.png	
DEV	   1	  66	   2	   0	5.859672e+02	  70	  70	7.815768e-01	5.497225e+01	 434	 104	  97	 112	 112	 121	happy	happy_7.png	
DEV	   1	  67	   2	   0	5.924759e+02	  69	   0	7.589540e-01	5.243040e+01	 522	 104	  97	 112	 112	 121	happy	happy_3.png	
DEV	   1	  68	   2	   0	5.993836e+02	  75	  75	5.883924e-01	4.406966e+01	1278	 104	  97	 112	 112	 121	happy	happy_18.png	
DEV	   1	  69	   2	   0	6.047449e+02	  73	  73	7.844408e-01	5.745055e+01	 423	 104	  97	 112	 112	 121	happy	happy_10.png	
DEV	   1	  70	   2	   0	6.104929e+02	  67	  67	7.938688e-01	5.311916e+01	 387	 104	  97	 112	 112	 121	happy	happy_20.png	
DEV	   1	  71	   2	   0	6.168047e+02	  65	  65	8.186013e-01	5.322331e+01	 294	 104	  97	 112	 112	 121	happy	happy_19.png	
DEV	   1	  72	   2	   0	6.229121e+02	  73	   0	8.063013e-01	5.923877e+01	 340	 104	  97	 112	 112	 121	happy	happy_11.png	
DEV	   1	  73	   2	   0	6.285732e+02	  73	  73	7.363676e-01	5.360246e+01	 612	 104	  97	 112	 112	 121	happy	happy_16.png	
DEV	   1	  74	   2	   0	6.352331e+02	  67	  67	7.967661e-01	5.323199e+01	 376	 104	  97	 112	 112	 121	happy	happy_13.png	
DEV	   1	  75	   2	   0	6.418045e+02	  75	  75	7.311801e-01	5.480332e+01	 633	 104	  97	 112	 112	 121	happy	happy_5.png	
DEV	   1	  76	   2	   0	6.478675e+02	  67	  67	7.353771e-01	4.914048e+01	 616	 104	  97	 112	 112	 121	happy	happy_15.png	
DEV	   1	  77	   2	   0	6.537926e+02	  70	  70	8.119006e-01	5.704882e+01	 319	 104	  97	 112	 112	 121	happy	happy_12.png	
DEV	   1	  78	   2	   0	6.601128e+02	  70	  70	8.092309e-01	5.694026e+01	 329	 104	  97	 112	 112	 121	happy	happy_1.png	
DEV	   1	  79	   2	   0	6.665560e+02	  70	  70	7.975576e-01	5.565527e+01	 373	 104	  97	 112	 112	 121	happy	happy_8.png	
DEV	   1	  80	   2	   0	6.727902e+02	  72	  72	7.886207e-01	5.685489e+01	 407	 104	  97	 112	 112	 121	happy	happy_21.png	
DEV	   1	  81	   2	   0	6.794333e+02	  72	  72	7.994066e-01	5.733080e+01	 366	 104	  97	 112	 112	 121	happy	happy_9.png	
DEV	   1	  82	   2	   0	6.852669e+02	  69	  69	7.988780e-01	5.491123e+01	 368	 104	  97	 112	 112	 121	happy	happy_4.png	
DEV	   1	  83	   2	   0	6.913411e+02	  74	  74	7.753556e-01	5.702313e+01	 458	 104	  97	 112	 112	 121	happy	happy_14.png	
DEV	   1	  84	   2	   0	6.974665e+02	  74	  74	7.959752e-01	5.877313e+01	 379	 104	  97	 112	 112	 121	happy	happy_6.png	
IEV	   1	  85	   3	   0	7.685469e+02	  25	  25	8.569485e-01	2.178695e+01	1155	 102	 101	  97	 114	fear	fear_4.png	
IEV	   1	  86	   3	   0	7.737942e+02	  17	  17	8.956050e-01	1.493924e+01	 385	 102	 101	  97	 114	fear	fear_12.png	
IEV	   1	  87	   3	   0	7.804545e+02	  29	  29	8.366317e-01	2.419248e+01	1382	 102	 101	  97	 114	fear	fear_17.png	
IEV	   1	  88	   3	   0	7.879316e+02	  57	   0	6.872563e-01	3.919124e+01	2451	 102	 101	  97	 114	fear	fear_5.png	
IEV	   1	  89	   3	   0	7.950914e+02	  44	  44	7.519972e-01	3.296704e+01	2056	 102	 101	  97	 114	fear	fear_13.png	
IEV	   1	  90	   3	   0	8.012746e+02	  41	  41	7.814357e-01	3.202968e+01	1851	 102	 101	  97	 114	fear	fear_19.png	
IEV	   1	  91	   3	   0	8.074621e+02	  43	   0	7.452875e-01	3.201724e+01	2100	 102	 101	  97	 114	fear	fear_8.png	
IEV	   1	  92	   3	   0	8.149088e+02	  46	  46	7.573864e-01	3.479749e+01	2020	 102	 101	  97	 114	fear	fear_11.png	
IEV	   1	  93	   3	   0	8.213393e+02	  42	  42	7.607815e-01	3.224358e+01	1997	 102	 101	  97	 114	fear	fear_14.png	
IEV	   1	  94	   3	   0	8.286071e+02	  75	  75	5.708776e-01	4.264170e+01	3063	 102	 101	  97	 114	fear	fear_16.png	
IEV	   1	  95	   3	   0	8.353854e+02	  77	  77	5.745006e-01	4.415497e+01	3045	 102	 101	  97	 114	fear	fear_2.png	
IEV	   1	  96	   3	   0	8.429721e+02	 102	 102	4.902860e-01	4.988814e+01	3455	 102	 101	  97	 114	fear	fear_9.png	
IEV	   1	  97	   3	   0	8.512137e+02	 117	 117	4.255551e-01	4.991719e+01	3765	 102	 101	  97	 114	fear	fear_18.png	
IEV	   1	  98	   3	   0	8.583400e+02	 132	   0	3.900460e-01	5.137064e+01	3936	 102	 101	  97	 114	fear	fear_1.png	
IEV	   1	  99	   3	   0	8.663915e+02	 109	   0	4.524898e-01	4.918445e+01	3636	 102	 101	  97	 114	fear	fear_3.png	
IEV	   1	 100	   3	   0	8.728278e+02	  18	  18	8.894099e-01	1.612935e+01	 595	 102	 101	  97	 114	fear	fear_20.png	
IEV	   1	 101	   3	   0	8.794137e+02	  47	   0	7.524498e-01	3.518755e+01	2053	 102	 101	  97	 114	fear	fear_21.png	
IEV	   1	 102	   3	   0	8.864250e+02	  80	  80	5.589420e-01	4.444165e+01	3122	 102	 101	  97	 114	fear	fear_6.png	
IEV	   1	 103	   3	   0	8.939405e+02	 101	 101	4.748478e-01	4.816804e+01	3529	 102	 101	  97	 114	fear	fear_7.png	
IEV	   1	 104	   3	   0	9.018485e+02	 115	 115	4.420425e-01	5.096839e+01	3686	 102	 101	  97	 114	fear	fear_15.png	
IEV	   1	 105	   3	   0	9.086692e+02	 115	   0	4.426692e-01	5.094311e+01	3683	 102	 101	  97	 114	fear	fear_10.png	
IEV	   1	 106	   3	   0	9.164356e+02	  39	  39	7.590149e-01	2.935447e+01	2009	 102	 101	  97	 114	fear	fear_16.png	
IEV	   1	 107	   3	   0	9.245952e+02	 106	 106	4.606408e-01	4.881972e+01	3597	 102	 101	  97	 114	fear	fear_3.png	
IEV	   1	 108	   3	   0	9.318019e+02	 101	   0	4.800669e-01	4.840359e+01	3504	 102	 101	  97	 114	fear	fear_19.png	
IEV	   1	 109	   3	   0	9.390186e+02	  36	  36	7.707381e-01	2.754731e+01	1928	 102	 101	  97	 114	fear	fear_1.png	
IEV	   1	 110	   3	   0	9.464305e+02	 107	 107	4.738036e-01	5.058565e+01	3534	 102	 101	  97	 114	fear	fear_20.png	
IEV	   1	 111	   3	   0	9.546477e+02	 107	   0	4.767270e-01	5.094068e+01	3520	 102	 101	  97	 114	fear	fear_13.png	
IEV	   1	 112	   3	   0	9.616074e+02	  41	  41	7.609283e-01	3.147041e+01	1996	 102	 101	  97	 114	fear	fear_15.png	
IEV	   1	 113	   3	   0	9.685973e+02	  98	  98	4.813191e-01	4.738313e+01	3498	 102	 101	  97	 114	fear	fear_5.png	
IEV	   1	 114	   3	   0	9.761026e+02	 106	   0	4.838227e-01	5.113260e+01	3486	 102	 101	  97	 114	fear	fear_7.png	
IEV	   1	 115	   3	   0	9.836411e+02	  41	  41	7.657308e-01	3.106211e+01	1963	 102	 101	  97	 114	fear	fear_6.png	
IEV	   1	 116	   3	   0	9.911845e+02	  93	   0	5.094180e-01	4.751529e+01	3363	 102	 101	  97	 114	fear	fear_18.png	
IEV	   1	 117	   3	   0	9.991064e+02	 108	 108	4.671189e-01	5.039356e+01	3566	 102	 101	  97	 114	fear	fear_2.png	
IEV	   1	 118	   3	   0	1.006173e+03	 109	   0	4.556248e-01	4.950058e+01	3621	 102	 101	  97	 114	fear	fear_21.png	
IEV	   1	 119	   3	   0	1.014078e+03	  96	   0	4.817364e-01	4.639951e+01	3496	 102	 101	  97	 114	fear	fear_4.png	
IEV	   1	 120	   3	   0	1.020089e+03	  44	   0	7.681741e-01	3.392489e+01	1946	 102	 101	  97	 114	fear	fear_14.png	
IEV	   1	 121	   3	   0	1.026827e+03	  15	  15	8.910243e-01	1.316070e+01	 549	 102	 101	  97	 114	fear	fear_10.png	
IEV	   1	 122	   3	   0	1.035292e+03	  97	   0	4.909111e-01	4.740659e+01	3452	 102	 101	  97	 114	fear	fear_8.png	
IEV	   1	 123	   3	   0	1.041907e+03	  35	  35	7.757945e-01	2.708435e+01	1892	 102	 101	  97	 114	fear	fear_12.png	
IEV	   1	 124	   3	   0	1.048996e+03	  59	   0	6.416549e-01	3.760779e+01	2701	 102	 101	  97	 114	fear	fear_11.png	
IEV	   1	 125	   3	   0	1.056601e+03	 103	   0	4.765182e-01	4.904312e+01	3521	 102	 101	  97	 114	fear	fear_9.png	
IEV	   1	 126	   3	   0	1.063399e+03	  22	   0	8.843453e-01	1.965745e+01	 718	 102	 101	  97	 114	fear	fear_17.png	
CEVR	   1	 127	   4	   0	1.134224e+03	 126	   0	3.020760e-01	3.820830e+01	2013	 115	  99	 114	  97	 109	scram	scram_11.png	
CEVR	   1	 128	   4	   0	1.140407e+03	 153	 153	2.451723e-01	3.749034e+01	1018	 115	  99	 114	  97	 109	scram	scram_2.png	
CEVR	   1	 129	   4	   0	1.146524e+03	 148	   0	2.420108e-01	3.578995e+01	 949	 115	  99	 114	  97	 109	scram	scram_4.png	
CEVR	   1	 130	   4	   0	1.152939e+03	 149	   0	2.485605e-01	3.700000e+01	1090	 115	  99	 114	  97	 109	scram	scram_9.png	
CEVR	   1	 131	   4	   0	1.159371e+03	 139	   0	2.741321e-01	3.809653e+01	1576	 115	  99	 114	  97	 109	scram	scram_19.png	
CEVR	   1	 132	   4	   0	1.167022e+03	  95	   0	3.930197e-01	3.739302e+01	3005	 115	  99	 114	  97	 109	scram	scram_5.png	
CEVR	   1	 133	   4	   0	1.172915e+03	 159	   0	2.377892e-01	3.771337e+01	 854	 115	  99	 114	  97	 109	scram	scram_21.png	
CEVR	   1	 134	   4	   0	1.179520e+03	 106	 106	3.399842e-01	3.598005e+01	2491	 115	  99	 114	  97	 109	scram	scram_3.png	
CEVR	   1	 135	   4	   0	1.186036e+03	 111	 111	3.445065e-01	3.837803e+01	2541	 115	  99	 114	  97	 109	scram	scram_14.png	
CEVR	   1	 136	   4	   0	1.192975e+03	 106	 106	3.483055e-01	  37	2582	 115	  99	 114	  97	 109	scram	scram_17.png	
CEVR	   1	 137	   4	   0	1.200802e+03	 113	   0	3.434102e-01	3.871705e+01	2529	 115	  99	 114	  97	 109	scram	scram_12.png	
CEVR	   1	 138	   4	   0	1.208438e+03	 106	   0	3.492449e-01	  37	2592	 115	  99	 114	  97	 109	scram	scram_20.png	
CEVR	   1	 139	   4	   0	1.216357e+03	  82	   0	4.319546e-01	3.527218e+01	3302	 115	  99	 114	  97	 109	scram	scram_13.png	
CEVR	   1	 140	   4	   0	1.222756e+03	 133	 133	2.683938e-01	3.565803e+01	1475	 115	  99	 114	  97	 109	scram	scram_8.png	
CEVR	   1	 141	   4	   0	1.228668e+03	 138	 138	2.681715e-01	3.700000e+01	1471	 115	  99	 114	  97	 109	scram	scram_18.png	
CEVR	   1	 142	   4	   0	1.235647e+03	 141	   0	2.675067e-01	3.780252e+01	1459	 115	  99	 114	  97	 109	scram	scram_10.png	
CEVR	   1	 143	   4	   0	1.242342e+03	 163	 163	2.294066e-01	3.745881e+01	 655	 115	  99	 114	  97	 109	scram	scram_15.png	
CEVR	   1	 144	   4	   0	1.248491e+03	 164	   0	2.277123e-01	3.745542e+01	 613	 115	  99	 114	  97	 109	scram	scram_16.png	
CEVR	   1	 145	   4	   0	1.255917e+03	  85	   0	4.626652e-01	3.931333e+01	3501	 115	  99	 114	  97	 109	scram	scram_1.png	
CEVR	   1	 146	   4	   0	1.262395e+03	 166	   0	2.272727e-01	3.768182e+01	 602	 115	  99	 114	  97	 109	scram	scram_7.png	
CEVR	   1	 147	   4	   0	1.268913e+03	 137	   0	2.686722e-01	3.673133e+01	1480	 115	  99	 114	  97	 109	scram	scram_6.png	
CEVR	   1	 148	   4	   0	1.276471e+03	 103	 103	3.465347e-01	3.561386e+01	2563	 115	  99	 114	  97	 109	scram	scram_16.png	
CEVR	   1	 149	   4	   0	1.284456e+03	  96	   0	3.753623e-01	3.587391e+01	2850	 115	  99	 114	  97	 109	scram	scram_15.png	
CEVR	   1	 150	   4	   0	1.291584e+03	 111	   0	3.417788e-01	3.802534e+01	2511	 115	  99	 114	  97	 109	scram	scram_8.png	
CEVR	   1	 151	   4	   0	1.298197e+03	 132	   0	2.713747e-01	3.591450e+01	1528	 115	  99	 114	  97	 109	scram	scram_4.png	
CEVR	   1	 152	   4	   0	1.304180e+03	 161	   0	2.298137e-01	  37	 665	 115	  99	 114	  97	 109	scram	scram_1.png	
CEVR	   1	 153	   4	   0	1.311232e+03	 120	   0	3.147023e-01	3.762940e+01	2185	 115	  99	 114	  97	 109	scram	scram_5.png	
CEVR	   1	 154	   4	   0	1.317883e+03	 133	   0	2.748886e-01	3.645022e+01	1589	 115	  99	 114	  97	 109	scram	scram_9.png	
CEVR	   1	 155	   4	   0	1.325055e+03	  77	   0	4.526389e-01	3.473681e+01	3439	 115	  99	 114	  97	 109	scram	scram_10.png	
CEVR	   1	 156	   4	   0	1.330768e+03	 156	 156	2.325373e-01	3.630239e+01	 731	 115	  99	 114	  97	 109	scram	scram_21.png	
CEVR	   1	 157	   4	   0	1.337387e+03	 164	 164	2.245146e-01	3.677549e+01	 532	 115	  99	 114	  97	 109	scram	scram_18.png	
CEVR	   1	 158	   4	   0	1.343303e+03	 160	   0	2.308789e-01	  37	 691	 115	  99	 114	  97	 109	scram	scram_11.png	
CEVR	   1	 159	   4	   0	1.349232e+03	 176	   0	2.161937e-01	3.808097e+01	 310	 115	  99	 114	  97	 109	scram	scram_2.png	
CEVR	   1	 160	   4	   0	1.355864e+03	 132	   0	2.713747e-01	3.591450e+01	1528	 115	  99	 114	  97	 109	scram	scram_7.png	
CEVR	   1	 161	   4	   0	1.361604e+03	 163	   0	2.240872e-01	3.655183e+01	 521	 115	  99	 114	  97	 109	scram	scram_13.png	
CEVR	   1	 162	   4	   0	1.368678e+03	 123	   0	3.004640e-01	3.700000e+01	1990	 115	  99	 114	  97	 109	scram	scram_3.png	
CEVR	   1	 163	   4	   0	1.376044e+03	  88	   0	4.157303e-01	3.658427e+01	3185	 115	  99	 114	  97	 109	scram	scram_14.png	
CEVR	   1	 164	   4	   0	1.382098e+03	 161	   0	2.274324e-01	3.654514e+01	 606	 115	  99	 114	  97	 109	scram	scram_19.png	
CEVR	   1	 165	   4	   0	1.387873e+03	 141	   0	2.660230e-01	3.753205e+01	1432	 115	  99	 114	  97	 109	scram	scram_17.png	
CEVR	   1	 166	   4	   0	1.395346e+03	 119	   0	3.162393e-01	3.763248e+01	2205	 115	  99	 114	  97	 109	scram	scram_6.png	
CEVR	   1	 167	   4	   0	1.402992e+03	  76	  76	4.690330e-01	3.559290e+01	3539	 115	  99	 114	  97	 109	scram	scram_20.png	
CEVR	   1	 168	   4	   0	1.411423e+03	  89	  89	4.383886e-01	3.919194e+01	3346	 115	  99	 114	  97	 109	scram	scram_12.png	
CEV	   1	 169	   5	   0	1.481012e+03	  40	  40	8.280000e-01	3.286000e+01	 504	 104	  97	 112	 112	 121	happy	happy_19.png	
CEV	   1	 170	   5	   0	1.487420e+03	  58	  58	6.902857e-01	3.976114e+01	1468	 104	  97	 112	 112	 121	happy	happy_15.png	
CEV	   1	 171	   5	   0	1.494343e+03	  66	  66	5.364286e-01	3.539071e+01	2545	 104	  97	 112	 112	 121	happy	happy_18.png	
CEV	   1	 172	   5	   0	1.501835e+03	  80	   0	4.615714e-01	3.700000e+01	3069	 104	  97	 112	 112	 121	happy	happy_13.png	
CEV	   1	 173	   5	   0	1.509456e+03	  97	   0	3.718571e-01	3.588443e+01	3697	 104	  97	 112	 112	 121	happy	happy_8.png	
CEV	   1	 174	   5	   0	1.516826e+03	  62	  62	6.090000e-01	3.760900e+01	2037	 104	  97	 112	 112	 121	happy	happy_11.png	
CEV	   1	 175	   5	   0	1.522631e+03	  47	  47	7.425714e-01	3.477229e+01	1102	 104	  97	 112	 112	 121	happy	happy_12.png	
CEV	   1	 176	   5	   0	1.529617e+03	  55	  55	6.700000e-01	3.700000e+01	1610	 104	  97	 112	 112	 121	happy	happy_7.png	
CEV	   1	 177	   5	   0	1.536987e+03	  71	  71	5.298571e-01	3.752986e+01	2591	 104	  97	 112	 112	 121	happy	happy_3.png	
CEV	   1	 178	   5	   0	1.544405e+03	  64	   0	5.658571e-01	3.643414e+01	2339	 104	  97	 112	 112	 121	happy	happy_20.png	
CEV	   1	 179	   5	   0	1.551557e+03	  72	  72	5.001429e-01	3.599971e+01	2799	 104	  97	 112	 112	 121	happy	happy_9.png	
CEV	   1	 180	   5	   0	1.559083e+03	  78	  78	4.820000e-01	3.748200e+01	2926	 104	  97	 112	 112	 121	happy	happy_17.png	
CEV	   1	 181	   5	   0	1.566135e+03	  81	   0	4.748571e-01	3.842457e+01	2976	 104	  97	 112	 112	 121	happy	happy_6.png	
CEV	   1	 182	   5	   0	1.572824e+03	  76	  76	4.981429e-01	3.799629e+01	2813	 104	  97	 112	 112	 121	happy	happy_2.png	
CEV	   1	 183	   5	   0	1.580856e+03	  70	  70	5.358571e-01	3.753586e+01	2549	 104	  97	 112	 112	 121	happy	happy_4.png	
CEV	   1	 184	   5	   0	1.588645e+03	  76	   0	5.171429e-01	3.906857e+01	2680	 104	  97	 112	 112	 121	happy	happy_5.png	
CEV	   1	 185	   5	   0	1.594870e+03	  48	  48	8.231429e-01	3.946943e+01	 538	 104	  97	 112	 112	 121	happy	happy_1.png	
CEV	   1	 186	   5	   0	1.601090e+03	  55	  55	6.898571e-01	3.768986e+01	1471	 104	  97	 112	 112	 121	happy	happy_14.png	
CEV	   1	 187	   5	   0	1.608096e+03	  60	  60	6.055714e-01	3.639443e+01	2061	 104	  97	 112	 112	 121	happy	happy_16.png	
CEV	   1	 188	   5	   0	1.614791e+03	  60	  60	5.827143e-01	3.525186e+01	2221	 104	  97	 112	 112	 121	happy	happy_10.png	
CEV	   1	 189	   5	   0	1.622071e+03	  70	  70	5.245714e-01	3.647543e+01	2628	 104	  97	 112	 112	 121	happy	happy_21.png	
CEV	   1	 190	   5	   0	1.629332e+03	  67	  67	5.595714e-01	3.755957e+01	2383	 104	  97	 112	 112	 121	happy	happy_9.png	
CEV	   1	 191	   5	   0	1.636567e+03	  70	   0	5.428571e-01	3.808571e+01	2500	 104	  97	 112	 112	 121	happy	happy_7.png	
CEV	   1	 192	   5	   0	1.643015e+03	  73	  73	5.107143e-01	3.751071e+01	2725	 104	  97	 112	 112	 121	happy	happy_18.png	
CEV	   1	 193	   5	   0	1.650578e+03	  70	  70	4.998571e-01	3.500057e+01	2801	 104	  97	 112	 112	 121	happy	happy_15.png	
CEV	   1	 194	   5	   0	1.657112e+03	  69	   0	5.345714e-01	  37	2558	 104	  97	 112	 112	 121	happy	happy_17.png	
CEV	   1	 195	   5	   0	1.664372e+03	  66	   0	5.547143e-01	3.644529e+01	2417	 104	  97	 112	 112	 121	happy	happy_3.png	
CEV	   1	 196	   5	   0	1.670815e+03	  70	   0	5.404286e-01	3.808086e+01	2517	 104	  97	 112	 112	 121	happy	happy_5.png	
CEV	   1	 197	   5	   0	1.677843e+03	  62	  62	5.991429e-01	3.700000e+01	2106	 104	  97	 112	 112	 121	happy	happy_2.png	
CEV	   1	 198	   5	   0	1.684562e+03	  60	   0	5.750000e-01	3.470000e+01	2275	 104	  97	 112	 112	 121	happy	happy_13.png	
CEV	   1	 199	   5	   0	1.691658e+03	  75	  75	5.174286e-01	3.855229e+01	2678	 104	  97	 112	 112	 121	happy	happy_12.png	
CEV	   1	 200	   5	   0	1.698690e+03	  69	  69	5.070000e-01	3.497200e+01	2751	 104	  97	 112	 112	 121	happy	happy_11.png	
CEV	   1	 201	   5	   0	1.706551e+03	  70	  70	5.071429e-01	3.547857e+01	2750	 104	  97	 112	 112	 121	happy	happy_4.png	
CEV	   1	 202	   5	   0	1.714731e+03	  73	   0	5.018571e-01	3.649814e+01	2787	 104	  97	 112	 112	 121	happy	happy_19.png	
CEV	   1	 203	   5	   0	1.722113e+03	  75	   0	4.927143e-01	  37	2851	 104	  97	 112	 112	 121	happy	happy_6.png	
CEV	   1	 204	   5	   0	1.729660e+03	  70	   0	5.320000e-01	  37	2576	 104	  97	 112	 112	 121	happy	happy_16.png	
CEV	   1	 205	   5	   0	1.736014e+03	  46	   0	8.142857e-01	3.781429e+01	 600	 104	  97	 112	 112	 121	happy	happy_21.png	
CEV	   1	 206	   5	   0	1.743126e+03	  55	   0	6.348571e-01	3.509543e+01	1856	 104	  97	 112	 112	 121	happy	happy_8.png	
CEV	   1	 207	   5	   0	1.749624e+03	  70	   0	5.164286e-01	3.596714e+01	2685	 104	  97	 112	 112	 121	happy	happy_10.png	
CEV	   1	 208	   5	   0	1.756885e+03	  90	  90	4.221429e-01	3.784429e+01	3345	 104	  97	 112	 112	 121	happy	happy_1.png	
CEV	   1	 209	   5	   0	1.763890e+03	  88	  88	4.094286e-01	3.618114e+01	3434	 104	  97	 112	 112	 121	happy	happy_20.png	
CEV	   1	 210	   5	   0	1.771788e+03	  92	   0	4.115714e-01	3.782314e+01	3419	 104	  97	 112	 112	 121	happy	happy_14.png	
IEV	   1	 211	   6	   0	1.841301e+03	  23	  23	8.619140e-01	1.942580e+01	1091	 115	  99	 114	  97	 109	scram	scram_1.png	
IEV	   1	 212	   6	   0	1.847265e+03	  20	  20	8.959144e-01	1.756324e+01	 371	 115	  99	 114	  97	 109	scram	scram_2.png	
IEV	   1	 213	   6	   0	1.853799e+03	  46	  46	7.411043e-01	3.384001e+01	2127	 115	  99	 114	  97	 109	scram	scram_20.png	
IEV	   1	 214	   6	   0	1.860757e+03	  85	  85	5.560970e-01	4.737666e+01	3136	 115	  99	 114	  97	 109	scram	scram_19.png	
IEV	   1	 215	   6	   0	1.868152e+03	 113	 113	4.451761e-01	5.039644e+01	3671	 115	  99	 114	  97	 109	scram	scram_21.png	
IEV	   1	 216	   6	   0	1.876364e+03	 116	   0	4.382832e-01	5.068091e+01	3704	 115	  99	 114	  97	 109	scram	scram_16.png	
IEV	   1	 217	   6	   0	1.883470e+03	  85	   0	5.323588e-01	4.531850e+01	3252	 115	  99	 114	  97	 109	scram	scram_11.png	
IEV	   1	 218	   6	   0	1.889648e+03	  23	  23	8.676534e-01	2.038186e+01	1011	 115	  99	 114	  97	 109	scram	scram_10.png	
IEV	   1	 219	   6	   0	1.896717e+03	  55	   0	6.664890e-01	3.655433e+01	2567	 115	  99	 114	  97	 109	scram	scram_9.png	
IEV	   1	 220	   6	   0	1.902682e+03	  29	  29	8.387858e-01	2.395043e+01	1360	 115	  99	 114	  97	 109	scram	scram_3.png	
IEV	   1	 221	   6	   0	1.910515e+03	 102	   0	4.738036e-01	4.821663e+01	3534	 115	  99	 114	  97	 109	scram	scram_13.png	
IEV	   1	 222	   6	   0	1.916866e+03	  16	  16	8.914538e-01	1.397068e+01	 536	 115	  99	 114	  97	 109	scram	scram_15.png	
IEV	   1	 223	   6	   0	1.924153e+03	  21	   0	8.660563e-01	1.800100e+01	1034	 115	  99	 114	  97	 109	scram	scram_17.png	
IEV	   1	 224	   6	   0	1.930924e+03	  95	   0	4.957012e-01	4.717441e+01	3429	 115	  99	 114	  97	 109	scram	scram_8.png	
IEV	   1	 225	   6	   0	1.937441e+03	  25	  25	8.435337e-01	2.087638e+01	1310	 115	  99	 114	  97	 109	scram	scram_5.png	
IEV	   1	 226	   6	   0	1.944055e+03	  40	  40	7.437439e-01	2.991211e+01	2110	 115	  99	 114	  97	 109	scram	scram_7.png	
IEV	   1	 227	   6	   0	1.951263e+03	  63	  63	6.512072e-01	4.086368e+01	2650	 115	  99	 114	  97	 109	scram	scram_4.png	
IEV	   1	 228	   6	   0	1.958799e+03	  70	   0	5.997867e-01	4.212124e+01	2918	 115	  99	 114	  97	 109	scram	scram_6.png	
IEV	   1	 229	   6	   0	1.964801e+03	  20	  20	8.878441e-01	1.818344e+01	 636	 115	  99	 114	  97	 109	scram	scram_18.png	
IEV	   1	 230	   6	   0	1.971567e+03	  30	   0	8.355398e-01	2.514970e+01	1393	 115	  99	 114	  97	 109	scram	scram_14.png	
IEV	   1	 231	   6	   0	1.977962e+03	  17	  17	8.862842e-01	1.490527e+01	 674	 115	  99	 114	  97	 109	scram	scram_12.png	
IEV	   1	 232	   6	   0	1.985988e+03	  53	  53	6.742704e-01	3.600497e+01	2524	 115	  99	 114	  97	 109	scram	scram_15.png	
IEV	   1	 233	   6	   0	1.994350e+03	  95	  95	5.056818e-01	4.820010e+01	3381	 115	  99	 114	  97	 109	scram	scram_19.png	
IEV	   1	 234	   6	   0	2.002606e+03	 106	   0	4.669100e-01	4.946848e+01	3567	 115	  99	 114	  97	 109	scram	scram_5.png	
IEV	   1	 235	   6	   0	2.010414e+03	  89	  89	5.358546e-01	4.781336e+01	3235	 115	  99	 114	  97	 109	scram	scram_6.png	
IEV	   1	 236	   6	   0	2.017503e+03	  99	  99	4.971581e-01	4.909196e+01	3422	 115	  99	 114	  97	 109	scram	scram_21.png	
IEV	   1	 237	   6	   0	2.024952e+03	  95	   0	5.127357e-01	4.889321e+01	3347	 115	  99	 114	  97	 109	scram	scram_11.png	
IEV	   1	 238	   6	   0	2.030782e+03	  23	  23	8.583788e-01	1.988896e+01	1137	 115	  99	 114	  97	 109	scram	scram_20.png	
IEV	   1	 239	   6	   0	2.037646e+03	  48	  48	7.298705e-01	3.471417e+01	2198	 115	  99	 114	  97	 109	scram	scram_16.png	
IEV	   1	 240	   6	   0	2.045167e+03	  91	  91	5.337989e-01	4.844548e+01	3245	 115	  99	 114	  97	 109	scram	scram_10.png	
IEV	   1	 241	   6	   0	2.052820e+03	  90	  90	5.150147e-01	4.621420e+01	3336	 115	  99	 114	  97	 109	scram	scram_1.png	
IEV	   1	 242	   6	   0	2.060172e+03	  86	   0	5.536548e-01	4.749639e+01	3148	 115	  99	 114	  97	 109	scram	scram_12.png	
IEV	   1	 243	   6	   0	2.066720e+03	  19	  19	8.901654e-01	1.688232e+01	 574	 115	  99	 114	  97	 109	scram	scram_14.png	
IEV	   1	 244	   6	   0	2.073132e+03	  30	  30	8.312797e-01	2.478261e+01	1435	 115	  99	 114	  97	 109	scram	scram_4.png	
IEV	   1	 245	   6	   0	2.080029e+03	  48	   0	7.194620e-01	3.478248e+01	2262	 115	  99	 114	  97	 109	scram	scram_7.png	
IEV	   1	 246	   6	   0	2.088325e+03	  96	   0	5.011103e-01	4.791162e+01	3403	 115	  99	 114	  97	 109	scram	scram_8.png	
IEV	   1	 247	   6	   0	2.094525e+03	  17	  17	8.865375e-01	1.486137e+01	 668	 115	  99	 114	  97	 109	scram	scram_9.png	
IEV	   1	 248	   6	   0	2.101010e+03	  25	  25	8.371248e-01	2.078882e+01	1377	 115	  99	 114	  97	 109	scram	scram_13.png	
IEV	   1	 249	   6	   0	2.106845e+03	  39	  39	7.678878e-01	3.010898e+01	1948	 115	  99	 114	  97	 109	scram	scram_2.png	
IEV	   1	 250	   6	   0	2.114052e+03	  54	   0	6.819546e-01	3.681743e+01	2481	 115	  99	 114	  97	 109	scram	scram_18.png	
IEV	   1	 251	   6	   0	2.121092e+03	  33	  33	8.203352e-01	2.676432e+01	1537	 115	  99	 114	  97	 109	scram	scram_17.png	
IEV	   1	 252	   6	   0	2.127082e+03	  23	   0	8.884309e-01	2.074646e+01	 621	 115	  99	 114	  97	 109	scram	scram_3.png	
#03-Jun-2013
CEVR	   2	 253	   7	   0	2.195709e+01	 165	   0	2.272328e-01	3.745447e+01	 601	 104	  97	 112	 112	 121	happy	happy_5.png	
CEVR	   2	 254	   7	   0	2.792725e+01	 150	 150	2.443857e-01	3.675561e+01	1001	 104	  97	 112	 112	 121	happy	happy_3.png	
CEVR	   2	 255	   7	   0	3.481440e+01	 148	   0	2.460574e-01	3.650789e+01	1037	 104	  97	 112	 112	 121	happy	happy_10.png	
CEVR	   2	 256	   7	   0	4.104203e+01	 135	 135	2.698479e-01	3.646030e+01	1501	 104	  97	 112	 112	 121	happy	happy_1.png	
CEVR	   2	 257	   7	   0	4.861322e+01	 126	   0	3.017241e-01	3.790517e+01	2008	 104	  97	 112	 112	 121	happy	happy_9.png	
CEVR	   2	 258	   7	   0	5.534912e+01	 140	   0	2.724595e-01	3.808984e+01	1547	 104	  97	 112	 112	 121	happy	happy_7.png	
CEVR	   2	 259	   7	   0	6.118656e+01	 156	   0	2.416947e-01	3.772508e+01	 942	 104	  97	 112	 112	 121	happy	happy_14.png	
CEVR	   2	 260	   7	   0	6.840012e+01	 112	   0	3.408792e-01	3.802264e+01	2501	 104	  97	 112	 112	 121	happy	happy_17.png	
CEVR	   2	 261	   7	   0	7.450682e+01	 154	 154	2.392389e-01	3.676076e+01	 887	 104	  97	 112	 112	 121	happy	happy_6.png	
CEVR	   2	 262	   7	   0	8.109111e+01	 136	   0	2.779566e-01	3.783387e+01	1641	 104	  97	 112	 112	 121	happy	happy_16.png	
CEVR	   2	 263	   7	   0	8.729862e+01	 147	   0	2.484174e-01	3.650317e+01	1087	 104	  97	 112	 112	 121	happy	happy_11.png	
CEVR	   2	 264	   7	   0	9.481399e+01	  91	   0	4.036783e-01	3.659632e+01	3092	 104	  97	 112	 112	 121	happy	happy_19.png	
CEVR	   2	 265	   7	   0	1.025786e+02	  76	  76	5.090409e-01	3.852712e+01	3756	 104	  97	 112	 112	 121	happy	happy_13.png	
CEVR	   2	 266	   7	   0	1.089705e+02	 154	   0	2.459639e-01	3.798386e+01	1035	 104	  97	 112	 112	 121	happy	happy_4.png	
CEVR	   2	 267	   7	   0	1.155024e+02	 119	   0	3.100311e-01	3.700000e+01	2123	 104	  97	 112	 112	 121	happy	happy_12.png	
CEVR	   2	 268	   7	   0	1.225292e+02	 138	 138	2.704114e-01	3.727041e+01	1511	 104	  97	 112	 112	 121	happy	happy_21.png	
CEVR	   2	 269	   7	   0	1.289733e+02	 134	   0	2.692868e-01	3.619214e+01	1491	 104	  97	 112	 112	 121	happy	happy_18.png	
CEVR	   2	 270	   7	   0	1.357949e+02	 145	   0	2.592074e-01	3.751841e+01	1304	 104	  97	 112	 112	 121	happy	happy_8.png	
CEVR	   2	 271	   7	   0	1.426779e+02	 154	   0	2.449868e-01	3.773496e+01	1014	 104	  97	 112	 112	 121	happy	happy_2.png	
CEVR	   2	 272	   7	   0	1.494037e+02	 121	 121	3.049211e-01	3.700000e+01	2053	 104	  97	 112	 112	 121	happy	happy_15.png	
CEVR	   2	 273	   7	   0	1.561639e+02	 114	 114	3.134076e-01	3.574637e+01	2168	 104	  97	 112	 112	 121	happy	happy_20.png	
CEVR	   2	 274	   7	   0	1.639630e+02	 125	   0	3.010228e-01	3.760205e+01	1998	 104	  97	 112	 112	 121	happy	happy_15.png	
CEVR	   2	 275	   7	   0	1.715721e+02	 112	   0	3.216592e-01	3.603502e+01	2274	 104	  97	 112	 112	 121	happy	happy_4.png	
CEVR	   2	 276	   7	   0	1.778506e+02	 114	 114	3.125000e-01	3.575000e+01	2156	 104	  97	 112	 112	 121	happy	happy_18.png	
CEVR	   2	 277	   7	   0	1.849945e+02	 111	   0	3.457021e-01	3.838281e+01	2554	 104	  97	 112	 112	 121	happy	happy_12.png	
CEVR	   2	 278	   7	   0	1.910758e+02	 143	   0	2.652601e-01	3.806104e+01	1418	 104	  97	 112	 112	 121	happy	happy_5.png	
CEVR	   2	 279	   7	   0	1.977989e+02	 121	   0	3.078203e-01	3.730782e+01	2093	 104	  97	 112	 112	 121	happy	happy_3.png	
CEVR	   2	 280	   7	   0	2.057918e+02	  86	   0	4.532727e-01	3.881309e+01	3443	 104	  97	 112	 112	 121	happy	happy_11.png	
CEVR	   2	 281	   7	   0	2.120276e+02	 161	   0	2.227382e-01	3.588631e+01	 486	 104	  97	 112	 112	 121	happy	happy_2.png	
CEVR	   2	 282	   7	   0	2.190851e+02	 149	   0	2.500000e-01	3.725000e+01	1120	 104	  97	 112	 112	 121	happy	happy_19.png	
CEVR	   2	 283	   7	   0	2.254610e+02	 124	   0	2.981810e-01	3.700000e+01	1957	 104	  97	 112	 112	 121	happy	happy_1.png	
CEVR	   2	 284	   7	   0	2.323935e+02	 105	 105	3.619340e-01	3.808580e+01	2722	 104	  97	 112	 112	 121	happy	happy_6.png	
CEVR	   2	 285	   7	   0	2.398617e+02	  96	   0	3.843871e-01	3.700000e+01	2931	 104	  97	 112	 112	 121	happy	happy_20.png	
CEVR	   2	 286	   7	   0	2.469780e+02	  87	   0	4.303755e-01	3.743038e+01	3291	 104	  97	 112	 112	 121	happy	happy_17.png	
CEVR	   2	 287	   7	   0	2.534217e+02	 144	   0	2.610887e-01	3.752218e+01	1340	 104	  97	 112	 112	 121	happy	happy_14.png	
CEVR	   2	 288	   7	   0	2.599483e+02	 123	   0	2.942513e-01	3.611725e+01	1899	 104	  97	 112	 112	 121	happy	happy_13.png	
CEVR	   2	 289	   7	   0	2.663208e+02	 160	   0	2.252958e-01	3.609882e+01	 552	 104	  97	 112	 112	 121	happy	happy_7.png	
CEVR	   2	 290	   7	   0	2.733539e+02	 139	   0	2.701857e-01	3.754037e+01	1507	 104	  97	 112	 112	 121	happy	happy_8.png	
CEVR	   2	 291	   7	   0	2.806428e+02	 105	   0	3.656126e-01	3.846245e+01	2758	 104	  97	 112	 112	 121	happy	happy_10.png	
CEVR	   2	 292	   7	   0	2.888517e+02	  90	   0	4.269700e-01	3.828091e+01	3267	 104	  97	 112	 112	 121	happy	happy_9.png	
CEVR	   2	 293	   7	   0	2.941970e+02	 169	   0	2.244367e-01	3.789775e+01	 530	 104	  97	 112	 112	 121	happy	happy_16.png	
CEVR	   2	 294	   7	   0	3.006156e+02	 132	 132	2.693988e-01	3.565301e+01	1493	 104	  97	 112	 112	 121	happy	happy_21.png	
DEV	   2	 295	   8	   0	3.713659e+02	  78	  78	6.480683e-01	5.075985e+01	 990	 115	  99	 114	  97	 109	scram	scram_17.png	
DEV	   2	 296	   8	   0	3.778976e+02	  82	  82	4.608439e-01	3.788510e+01	2054	 115	  99	 114	  97	 109	scram	scram_12.png	
DEV	   2	 297	   8	   0	3.855831e+02	  81	   0	4.192620e-01	3.411085e+01	2390	 115	  99	 114	  97	 109	scram	scram_21.png	
DEV	   2	 298	   8	   0	3.932205e+02	  77	   0	3.533909e-01	2.733418e+01	3070	 115	  99	 114	  97	 109	scram	scram_10.png	
DEV	   2	 299	   8	   0	3.996178e+02	  76	  76	5.601835e-01	4.236369e+01	1427	 115	  99	 114	  97	 109	scram	scram_14.png	
DEV	   2	 300	   8	   0	4.069364e+02	  75	  75	6.400246e-01	4.770833e+01	1027	 115	  99	 114	  97	 109	scram	scram_1.png	
DEV	   2	 301	   8	   0	4.139850e+02	  75	  75	4.506625e-01	3.401774e+01	2131	 115	  99	 114	  97	 109	scram	scram_4.png	
DEV	   2	 302	   8	   0	4.205938e+02	  70	  70	6.456655e-01	4.544821e+01	1001	 115	  99	 114	  97	 109	scram	scram_19.png	
DEV	   2	 303	   8	   0	4.274185e+02	  69	  69	6.419710e-01	4.461003e+01	1018	 115	  99	 114	  97	 109	scram	scram_11.png	
DEV	   2	 304	   8	   0	4.337575e+02	  75	  75	5.513036e-01	4.126642e+01	1476	 115	  99	 114	  97	 109	scram	scram_5.png	
DEV	   2	 305	   8	   0	4.410335e+02	  79	  79	5.283509e-01	4.197292e+01	1608	 115	  99	 114	  97	 109	scram	scram_9.png	
DEV	   2	 306	   8	   0	4.480264e+02	  80	  80	4.465498e-01	3.554369e+01	2163	 115	  99	 114	  97	 109	scram	scram_13.png	
DEV	   2	 307	   8	   0	4.549873e+02	  77	   0	4.061807e-01	3.116915e+01	2509	 115	  99	 114	  97	 109	scram	scram_20.png	
DEV	   2	 308	   8	   0	4.625759e+02	  86	   0	3.623690e-01	3.118759e+01	2965	 115	  99	 114	  97	 109	scram	scram_6.png	
DEV	   2	 309	   8	   0	4.693490e+02	  75	  75	5.336152e-01	4.018450e+01	1577	 115	  99	 114	  97	 109	scram	scram_3.png	
DEV	   2	 310	   8	   0	4.760041e+02	  80	   0	4.745453e-01	3.788865e+01	1955	 115	  99	 114	  97	 109	scram	scram_18.png	
DEV	   2	 311	   8	   0	4.820380e+02	  76	  76	5.495155e-01	4.170728e+01	1486	 115	  99	 114	  97	 109	scram	scram_2.png	
DEV	   2	 312	   8	   0	4.883133e+02	  83	  83	4.771124e-01	3.949248e+01	1937	 115	  99	 114	  97	 109	scram	scram_16.png	
DEV	   2	 313	   8	   0	4.953256e+02	  71	  71	6.382998e-01	4.505607e+01	1035	 115	  99	 114	  97	 109	scram	scram_15.png	
DEV	   2	 314	   8	   0	5.016903e+02	  74	   0	5.331024e-01	3.961980e+01	1580	 115	  99	 114	  97	 109	scram	scram_7.png	
DEV	   2	 315	   8	   0	5.079333e+02	  79	  79	5.115692e-01	4.034942e+01	1710	 115	  99	 114	  97	 109	scram	scram_8.png	
DEV	   2	 316	   8	   0	5.148494e+02	  82	   0	5.156064e-01	4.216090e+01	1685	 115	  99	 114	  97	 109	scram	scram_6.png	
DEV	   2	 317	   8	   0	5.216815e+02	  81	  81	4.817346e-01	3.885280e+01	1905	 115	  99	 114	  97	 109	scram	scram_5.png	
DEV	   2	 318	   8	   0	5.282585e+02	  81	   0	5.305492e-01	4.317868e+01	1595	 115	  99	 114	  97	 109	scram	scram_18.png	
DEV	   2	 319	   8	   0	5.342962e+02	  83	   0	5.088519e-01	4.220627e+01	1727	 115	  99	 114	  97	 109	scram	scram_2.png	
DEV	   2	 320	   8	   0	5.409940e+02	  81	  81	5.238285e-01	4.219840e+01	1635	 115	  99	 114	  97	 109	scram	scram_14.png	
DEV	   2	 321	   8	   0	5.474502e+02	  76	  76	4.830483e-01	3.652679e+01	1896	 115	  99	 114	  97	 109	scram	scram_7.png	
DEV	   2	 322	   8	   0	5.541645e+02	  72	  72	5.883924e-01	4.230448e+01	1278	 115	  99	 114	  97	 109	scram	scram_12.png	
DEV	   2	 323	   8	   0	5.603507e+02	  81	  81	5.614680e-01	4.524967e+01	1420	 115	  99	 114	  97	 109	scram	scram_1.png	
DEV	   2	 324	   8	   0	5.666903e+02	  75	  75	5.441996e-01	4.083380e+01	1516	 115	  99	 114	  97	 109	scram	scram_15.png	
DEV	   2	 325	   8	   0	5.730843e+02	  77	   0	5.353298e-01	4.136072e+01	1567	 115	  99	 114	  97	 109	scram	scram_21.png	
DEV	   2	 326	   8	   0	5.794208e+02	  67	   0	7.260245e-01	4.872219e+01	 654	 115	  99	 114	  97	 109	scram	scram_19.png	
DEV	   2	 327	   8	   0	5.866731e+02	  82	   0	4.042694e-01	3.306644e+01	2527	 115	  99	 114	  97	 109	scram	scram_8.png	
DEV	   2	 328	   8	   0	5.942396e+02	  75	  75	5.361901e-01	4.034297e+01	1562	 115	  99	 114	  97	 109	scram	scram_17.png	
DEV	   2	 329	   8	   0	6.009998e+02	  73	  73	5.468484e-01	3.990171e+01	1501	 115	  99	 114	  97	 109	scram	scram_4.png	
DEV	   2	 330	   8	   0	6.078312e+02	  79	  79	5.572624e-01	4.385634e+01	1443	 115	  99	 114	  97	 109	scram	scram_20.png	
DEV	   2	 331	   8	   0	6.147603e+02	  81	  81	5.463172e-01	4.424093e+01	1504	 115	  99	 114	  97	 109	scram	scram_10.png	
DEV	   2	 332	   8	   0	6.210933e+02	  82	  82	5.572624e-01	4.552813e+01	1443	 115	  99	 114	  97	 109	scram	scram_3.png	
DEV	   2	 333	   8	   0	6.277557e+02	  79	   0	5.433208e-01	4.295338e+01	1521	 115	  99	 114	  97	 109	scram	scram_16.png	
DEV	   2	 334	   8	   0	6.352965e+02	  75	  75	5.464942e-01	4.097381e+01	1503	 115	  99	 114	  97	 109	scram	scram_9.png	
DEV	   2	 335	   8	   0	6.412626e+02	  77	   0	5.452570e-01	4.198886e+01	1510	 115	  99	 114	  97	 109	scram	scram_11.png	
DEV	   2	 336	   8	   0	6.481332e+02	  80	  80	5.403477e-01	4.329989e+01	1538	 115	  99	 114	  97	 109	scram	scram_13.png	
CEVR	   2	 337	   9	   0	7.173760e+02	 159	   0	2.287178e-01	3.631385e+01	 638	 102	 101	  97	 114	fear	fear_5.png	
CEVR	   2	 338	   9	   0	7.242583e+02	 136	   0	2.643397e-01	3.594264e+01	1401	 102	 101	  97	 114	fear	fear_4.png	
CEVR	   2	 339	   9	   0	7.315266e+02	 116	 116	3.123493e-01	3.637530e+01	2154	 102	 101	  97	 114	fear	fear_14.png	
CEVR	   2	 340	   9	   0	7.386135e+02	 114	   0	3.151618e-01	3.605451e+01	2191	 102	 101	  97	 114	fear	fear_20.png	
CEVR	   2	 341	   9	   0	7.464173e+02	  95	   0	3.977273e-01	3.779545e+01	3044	 102	 101	  97	 114	fear	fear_10.png	
CEVR	   2	 342	   9	   0	7.526280e+02	 160	 160	2.377455e-01	3.795098e+01	 853	 102	 101	  97	 114	fear	fear_8.png	
CEVR	   2	 343	   9	   0	7.600582e+02	 123	   0	3.049929e-01	3.760999e+01	2054	 102	 101	  97	 114	fear	fear_9.png	
CEVR	   2	 344	   9	   0	7.657428e+02	 159	 159	2.343043e-01	3.723430e+01	 773	 102	 101	  97	 114	fear	fear_17.png	
CEVR	   2	 345	   9	   0	7.719799e+02	 157	   0	2.374840e-01	3.723748e+01	 847	 102	 101	  97	 114	fear	fear_11.png	
CEVR	   2	 346	   9	   0	7.786115e+02	 152	 152	2.374840e-01	3.605006e+01	 847	 102	 101	  97	 114	fear	fear_6.png	
CEVR	   2	 347	   9	   0	7.859726e+02	 141	 141	2.695109e-01	3.807804e+01	1495	 102	 101	  97	 114	fear	fear_13.png	
CEVR	   2	 348	   9	   0	7.917975e+02	 152	 152	2.384021e-01	3.628479e+01	 868	 102	 101	  97	 114	fear	fear_1.png	
CEVR	   2	 349	   9	   0	7.987781e+02	 141	 141	2.608258e-01	3.673917e+01	1335	 102	 101	  97	 114	fear	fear_15.png	
CEVR	   2	 350	   9	   0	8.047015e+02	 165	 165	2.291224e-01	3.791649e+01	 648	 102	 101	  97	 114	fear	fear_2.png	
CEVR	   2	 351	   9	   0	8.109745e+02	 133	   0	2.698479e-01	3.592061e+01	1501	 102	 101	  97	 114	fear	fear_16.png	
CEVR	   2	 352	   9	   0	8.167527e+02	 163	 163	2.269541e-01	3.700000e+01	 594	 102	 101	  97	 114	fear	fear_12.png	
CEVR	   2	 353	   9	   0	8.228758e+02	 149	   0	2.568425e-01	3.828421e+01	1258	 102	 101	  97	 114	fear	fear_19.png	
CEVR	   2	 354	   9	   0	8.286799e+02	 160	 160	2.286774e-01	3.654265e+01	 637	 102	 101	  97	 114	fear	fear_3.png	
CEVR	   2	 355	   9	   0	8.355532e+02	 138	 138	2.634255e-01	3.647315e+01	1384	 102	 101	  97	 114	fear	fear_18.png	
CEVR	   2	 356	   9	   0	8.414632e+02	 162	   0	2.284354e-01	  37	 631	 102	 101	  97	 114	fear	fear_7.png	
CEVR	   2	 357	   9	   0	8.480204e+02	 166	 166	2.241648e-01	3.722416e+01	 523	 102	 101	  97	 114	fear	fear_21.png	
CEVR	   2	 358	   9	   0	8.543890e+02	 160	   0	2.254134e-01	3.609835e+01	 555	 102	 101	  97	 114	fear	fear_14.png	
CEVR	   2	 359	   9	   0	8.609452e+02	 169	   0	2.243979e-01	3.789759e+01	 529	 102	 101	  97	 114	fear	fear_4.png	
CEVR	   2	 360	   9	   0	8.668151e+02	 137	   0	2.624113e-01	3.595035e+01	1365	 102	 101	  97	 114	fear	fear_9.png	
CEVR	   2	 361	   9	   0	8.733847e+02	 163	   0	2.242036e-01	3.655159e+01	 524	 102	 101	  97	 114	fear	fear_7.png	
CEVR	   2	 362	   9	   0	8.803519e+02	 110	 110	3.417788e-01	3.768356e+01	2511	 102	 101	  97	 114	fear	fear_12.png	
CEVR	   2	 363	   9	   0	8.881196e+02	  79	   0	4.383886e-01	3.480806e+01	3346	 102	 101	  97	 114	fear	fear_19.png	
CEVR	   2	 364	   9	   0	8.948180e+02	 107	   0	3.493391e-01	3.734934e+01	2593	 102	 101	  97	 114	fear	fear_17.png	
CEVR	   2	 365	   9	   0	9.014071e+02	 164	   0	2.277123e-01	3.745542e+01	 613	 102	 101	  97	 114	fear	fear_20.png	
CEVR	   2	 366	   9	   0	9.074292e+02	 164	   0	2.299769e-01	3.768993e+01	 669	 102	 101	  97	 114	fear	fear_3.png	
CEVR	   2	 367	   9	   0	9.136436e+02	 140	   0	2.674515e-01	3.753490e+01	1458	 102	 101	  97	 114	fear	fear_1.png	
CEVR	   2	 368	   9	   0	9.197383e+02	 169	 169	2.176105e-01	3.678239e+01	 349	 102	 101	  97	 114	fear	fear_13.png	
CEVR	   2	 369	   9	   0	9.255290e+02	 173	   0	2.176471e-01	3.765294e+01	 350	 102	 101	  97	 114	fear	fear_18.png	
CEVR	   2	 370	   9	   0	9.324485e+02	 162	   0	2.291630e-01	3.722916e+01	 649	 102	 101	  97	 114	fear	fear_6.png	
CEVR	   2	 371	   9	   0	9.390679e+02	 136	 136	2.645557e-01	3.594178e+01	1405	 102	 101	  97	 114	fear	fear_8.png	
CEVR	   2	 372	   9	   0	9.456448e+02	 165	   0	2.240097e-01	  37	 519	 102	 101	  97	 114	fear	fear_11.png	
CEVR	   2	 373	   9	   0	9.527401e+02	 143	   0	2.654777e-01	3.806191e+01	1422	 102	 101	  97	 114	fear	fear_5.png	
CEVR	   2	 374	   9	   0	9.578839e+02	 169	 169	2.214811e-01	3.744296e+01	 453	 102	 101	  97	 114	fear	fear_21.png	
CEVR	   2	 375	   9	   0	9.645842e+02	 164	 164	2.206885e-01	3.611725e+01	 432	 102	 101	  97	 114	fear	fear_15.png	
CEVR	   2	 376	   9	   0	9.708943e+02	 170	   0	2.214054e-01	3.766422e+01	 451	 102	 101	  97	 114	fear	fear_2.png	
CEVR	   2	 377	   9	   0	9.765003e+02	 171	 171	2.186023e-01	3.743720e+01	 376	 102	 101	  97	 114	fear	fear_16.png	
CEVR	   2	 378	   9	   0	9.822786e+02	 165	 165	2.265967e-01	3.745319e+01	 585	 102	 101	  97	 114	fear	fear_10.png	
IEV	   2	 379	  10	   0	1.050440e+03	  15	  15	8.884309e-01	1.363901e+01	 621	 104	  97	 112	 112	 121	happy	happy_16.png	
IEV	   2	 380	  10	   0	1.056703e+03	  26	  26	8.395592e-01	2.218372e+01	1352	 104	  97	 112	 112	 121	happy	happy_12.png	
IEV	   2	 381	  10	   0	1.064590e+03	  61	  61	6.600860e-01	4.030015e+01	2602	 104	  97	 112	 112	 121	happy	happy_15.png	
IEV	   2	 382	  10	   0	1.071433e+03	 100	 100	4.915362e-01	4.934257e+01	3449	 104	  97	 112	 112	 121	happy	happy_3.png	
IEV	   2	 383	  10	   0	1.079301e+03	 117	   0	4.389097e-01	5.153307e+01	3701	 104	  97	 112	 112	 121	happy	happy_14.png	
IEV	   2	 384	  10	   0	1.086026e+03	  23	  23	8.888510e-01	2.067386e+01	 610	 104	  97	 112	 112	 121	happy	happy_4.png	
IEV	   2	 385	  10	   0	1.093638e+03	  96	  96	4.965338e-01	4.763035e+01	3425	 104	  97	 112	 112	 121	happy	happy_17.png	
IEV	   2	 386	  10	   0	1.101319e+03	 105	   0	4.763094e-01	5.000508e+01	3522	 104	  97	 112	 112	 121	happy	happy_7.png	
IEV	   2	 387	  10	   0	1.108971e+03	  93	  93	5.212216e-01	4.850343e+01	3306	 104	  97	 112	 112	 121	happy	happy_18.png	
IEV	   2	 388	  10	   0	1.116296e+03	  84	  84	5.333875e-01	4.473098e+01	3247	 104	  97	 112	 112	 121	happy	happy_13.png	
IEV	   2	 389	  10	   0	1.123072e+03	  93	  93	5.203948e-01	4.854174e+01	3310	 104	  97	 112	 112	 121	happy	happy_20.png	
IEV	   2	 390	  10	   0	1.129836e+03	  88	   0	5.234942e-01	4.630378e+01	3295	 104	  97	 112	 112	 121	happy	happy_6.png	
IEV	   2	 391	  10	   0	1.136218e+03	  16	  16	8.909908e-01	1.405802e+01	 550	 104	  97	 112	 112	 121	happy	happy_5.png	
IEV	   2	 392	  10	   0	1.142736e+03	  24	  24	8.649917e-01	2.074240e+01	1049	 104	  97	 112	 112	 121	happy	happy_2.png	
IEV	   2	 393	  10	   0	1.150926e+03	  98	  98	5.048510e-01	4.924860e+01	3385	 104	  97	 112	 112	 121	happy	happy_19.png	
IEV	   2	 394	  10	   0	1.157513e+03	  79	  79	5.569104e-01	4.399518e+01	3132	 104	  97	 112	 112	 121	happy	happy_11.png	
IEV	   2	 395	  10	   0	1.165165e+03	  87	  87	5.342102e-01	4.628942e+01	3243	 104	  97	 112	 112	 121	happy	happy_9.png	
IEV	   2	 396	  10	   0	1.172034e+03	  81	  81	5.526362e-01	4.478295e+01	3153	 104	  97	 112	 112	 121	happy	happy_1.png	
IEV	   2	 397	  10	   0	1.179025e+03	  89	   0	5.094180e-01	4.547762e+01	3363	 104	  97	 112	 112	 121	happy	happy_8.png	
IEV	   2	 398	  10	   0	1.185850e+03	  75	   0	5.726902e-01	4.310940e+01	3054	 104	  97	 112	 112	 121	happy	happy_10.png	
IEV	   2	 399	  10	   0	1.192739e+03	  25	  25	8.833218e-01	2.247302e+01	 740	 104	  97	 112	 112	 121	happy	happy_21.png	
IEV	   2	 400	  10	   0	1.200183e+03	  32	  32	8.304519e-01	2.653342e+01	1443	 104	  97	 112	 112	 121	happy	happy_1.png	
IEV	   2	 401	  10	   0	1.206961e+03	  62	   0	6.393902e-01	3.967857e+01	2713	 104	  97	 112	 112	 121	happy	happy_11.png	
IEV	   2	 402	  10	   0	1.214540e+03	  96	   0	4.846570e-01	4.673686e+01	3482	 104	  97	 112	 112	 121	happy	happy_3.png	
IEV	   2	 403	  10	   0	1.222310e+03	 140	   0	3.727452e-01	5.203424e+01	4020	 104	  97	 112	 112	 121	happy	happy_16.png	
IEV	   2	 404	  10	   0	1.229012e+03	  22	  22	8.898095e-01	1.961626e+01	 584	 104	  97	 112	 112	 121	happy	happy_9.png	
IEV	   2	 405	  10	   0	1.236514e+03	  32	  32	8.343374e-01	2.695040e+01	1405	 104	  97	 112	 112	 121	happy	happy_20.png	
IEV	   2	 406	  10	   0	1.243901e+03	  43	  43	7.414159e-01	3.159115e+01	2125	 104	  97	 112	 112	 121	happy	happy_21.png	
IEV	   2	 407	  10	   0	1.251063e+03	  52	  52	7.108147e-01	3.685191e+01	2314	 104	  97	 112	 112	 121	happy	happy_10.png	
IEV	   2	 408	  10	   0	1.258346e+03	  65	  65	6.272063e-01	4.107858e+01	2777	 104	  97	 112	 112	 121	happy	happy_4.png	
IEV	   2	 409	  10	   0	1.266551e+03	  72	  72	5.797175e-01	4.154638e+01	3019	 104	  97	 112	 112	 121	happy	happy_7.png	
IEV	   2	 410	  10	   0	1.274229e+03	  96	   0	5.094180e-01	4.904354e+01	3363	 104	  97	 112	 112	 121	happy	happy_2.png	
IEV	   2	 411	  10	   0	1.280062e+03	  23	  23	8.478987e-01	1.950284e+01	1262	 104	  97	 112	 112	 121	happy	happy_15.png	
IEV	   2	 412	  10	   0	1.287729e+03	  67	  67	5.995896e-01	4.033414e+01	2919	 104	  97	 112	 112	 121	happy	happy_6.png	
IEV	   2	 413	  10	   0	1.295087e+03	  54	  54	6.792853e-01	3.700468e+01	2496	 104	  97	 112	 112	 121	happy	happy_13.png	
IEV	   2	 414	  10	   0	1.302139e+03	  82	  82	5.627954e-01	4.591929e+01	3103	 104	  97	 112	 112	 121	happy	happy_8.png	
IEV	   2	 415	  10	   0	1.309521e+03	  69	   0	5.896934e-01	4.094366e+01	2969	 104	  97	 112	 112	 121	happy	happy_5.png	
IEV	   2	 416	  10	   0	1.316038e+03	  26	  26	8.311765e-01	2.146913e+01	1436	 104	  97	 112	 112	 121	happy	happy_17.png	
IEV	   2	 417	  10	   0	1.323779e+03	  65	  65	6.080318e-01	3.980483e+01	2876	 104	  97	 112	 112	 121	happy	happy_14.png	
IEV	   2	 418	  10	   0	1.330643e+03	  59	  59	6.469141e-01	3.789763e+01	2673	 104	  97	 112	 112	 121	happy	happy_12.png	
IEV	   2	 419	  10	   0	1.338189e+03	  60	  60	6.422201e-01	3.885404e+01	2698	 104	  97	 112	 112	 121	happy	happy_18.png	
IEV	   2	 420	  10	   0	1.345376e+03	  62	  62	6.273980e-01	3.918457e+01	2776	 104	  97	 112	 112	 121	happy	happy_19.png	
DEV	   2	 421	  11	   0	1.413402e+03	  78	   0	6.742220e-01	5.232462e+01	 873	 102	 101	  97	 114	fear	fear_15.png	
DEV	   2	 422	  11	   0	1.418934e+03	  70	  70	8.250691e-01	5.756751e+01	 270	 102	 101	  97	 114	fear	fear_14.png	
DEV	   2	 423	  11	   0	1.425969e+03	  66	  66	8.218309e-01	5.415530e+01	 282	 102	 101	  97	 114	fear	fear_13.png	
DEV	   2	 424	  11	   0	1.431549e+03	  73	  73	8.113662e-01	5.946128e+01	 321	 102	 101	  97	 114	fear	fear_2.png	
DEV	   2	 425	  11	   0	1.436916e+03	  70	  70	8.119006e-01	5.704882e+01	 319	 102	 101	  97	 114	fear	fear_18.png	
DEV	   2	 426	  11	   0	1.443750e+03	  66	  66	8.304847e-01	5.445041e+01	 250	 102	 101	  97	 114	fear	fear_11.png	
DEV	   2	 427	  11	   0	1.449137e+03	  74	  74	8.116334e-01	6.028454e+01	 320	 102	 101	  97	 114	fear	fear_8.png	
DEV	   2	 428	  11	   0	1.454783e+03	  66	  66	8.340172e-01	5.540112e+01	 237	 102	 101	  97	 114	fear	fear_20.png	
DEV	   2	 429	  11	   0	1.461569e+03	  65	  65	8.073658e-01	5.282693e+01	 336	 102	 101	  97	 114	fear	fear_12.png	
DEV	   2	 430	  11	   0	1.467312e+03	  68	   0	8.223700e-01	5.581880e+01	 280	 102	 101	  97	 114	fear	fear_6.png	
DEV	   2	 431	  11	   0	1.473818e+03	  65	  65	8.946078e-01	5.795145e+01	  19	 102	 101	  97	 114	fear	fear_5.png	
DEV	   2	 432	  11	   0	1.480330e+03	  63	  63	8.946078e-01	5.616224e+01	  19	 102	 101	  97	 114	fear	fear_17.png	
DEV	   2	 433	  11	   0	1.485437e+03	  63	  63	8.937579e-01	5.614610e+01	  22	 102	 101	  97	 114	fear	fear_21.png	
DEV	   2	 434	  11	   0	1.490572e+03	  70	  70	8.963088e-01	6.246808e+01	  13	 102	 101	  97	 114	fear	fear_10.png	
DEV	   2	 435	  11	   0	1.496387e+03	  68	  68	8.965925e-01	6.068208e+01	  12	 102	 101	  97	 114	fear	fear_4.png	
DEV	   2	 436	  11	   0	1.501396e+03	  66	  66	8.951746e-01	5.885841e+01	  17	 102	 101	  97	 114	fear	fear_16.png	
DEV	   2	 437	  11	   0	1.508213e+03	  67	  67	8.917765e-01	5.967477e+01	  29	 102	 101	  97	 114	fear	fear_9.png	
DEV	   2	 438	  11	   0	1.514732e+03	  64	  64	8.948912e-01	5.706247e+01	  18	 102	 101	  97	 114	fear	fear_7.png	
DEV	   2	 439	  11	   0	1.521172e+03	  65	  65	8.960252e-01	5.798074e+01	  14	 102	 101	  97	 114	fear	fear_19.png	
DEV	   2	 440	  11	   0	1.527415e+03	  67	  67	8.934747e-01	5.971457e+01	  23	 102	 101	  97	 114	fear	fear_1.png	
DEV	   2	 441	  11	   0	1.534129e+03	  65	  65	8.948912e-01	5.795736e+01	  18	 102	 101	  97	 114	fear	fear_3.png	
DEV	   2	 442	  11	   0	1.540564e+03	  62	  62	8.974438e-01	5.531714e+01	   9	 102	 101	  97	 114	fear	fear_5.png	
DEV	   2	 443	  11	   0	1.546187e+03	  64	  64	8.957416e-01	5.707919e+01	  15	 102	 101	  97	 114	fear	fear_19.png	
DEV	   2	 444	  11	   0	1.552305e+03	  68	   0	8.960252e-01	6.066882e+01	  14	 102	 101	  97	 114	fear	fear_14.png	
DEV	   2	 445	  11	   0	1.558127e+03	  70	  70	8.934747e-01	6.239500e+01	  23	 102	 101	  97	 114	fear	fear_3.png	
DEV	   2	 446	  11	   0	1.563637e+03	  63	  63	8.960252e-01	5.618869e+01	  14	 102	 101	  97	 114	fear	fear_20.png	
DEV	   2	 447	  11	   0	1.570272e+03	  69	  69	8.980115e-01	6.161284e+01	   7	 102	 101	  97	 114	fear	fear_4.png	
DEV	   2	 448	  11	   0	1.576283e+03	  68	  68	8.948912e-01	6.064203e+01	  18	 102	 101	  97	 114	fear	fear_1.png	
DEV	   2	 449	  11	   0	1.582293e+03	  68	  68	8.960252e-01	6.066882e+01	  14	 102	 101	  97	 114	fear	fear_8.png	
DEV	   2	 450	  11	   0	1.588503e+03	  63	  63	8.951746e-01	5.617289e+01	  17	 102	 101	  97	 114	fear	fear_2.png	
DEV	   2	 451	  11	   0	1.593624e+03	  69	  69	8.940412e-01	6.151575e+01	  21	 102	 101	  97	 114	fear	fear_15.png	
DEV	   2	 452	  11	   0	1.600036e+03	  63	  63	8.943245e-01	5.615688e+01	  20	 102	 101	  97	 114	fear	fear_12.png	
DEV	   2	 453	  11	   0	1.606578e+03	  70	  70	8.948912e-01	6.243181e+01	  18	 102	 101	  97	 114	fear	fear_21.png	
DEV	   2	 454	  11	   0	1.612404e+03	  68	  68	8.946078e-01	6.063528e+01	  19	 102	 101	  97	 114	fear	fear_10.png	
DEV	   2	 455	  11	   0	1.618624e+03	  71	  71	8.960252e-01	6.335689e+01	  14	 102	 101	  97	 114	fear	fear_9.png	
DEV	   2	 456	  11	   0	1.623837e+03	  68	  68	8.954581e-01	6.065547e+01	  16	 102	 101	  97	 114	fear	fear_17.png	
DEV	   2	 457	  11	   0	1.628779e+03	  69	  69	8.951746e-01	6.154394e+01	  17	 102	 101	  97	 114	fear	fear_6.png	
DEV	   2	 458	  11	   0	1.634688e+03	  62	  62	8.946078e-01	5.526763e+01	  19	 102	 101	  97	 114	fear	fear_11.png	
DEV	   2	 459	  11	   0	1.640729e+03	  64	  64	8.960252e-01	5.708472e+01	  14	 102	 101	  97	 114	fear	fear_16.png	
DEV	   2	 460	  11	   0	1.646068e+03	  65	  65	8.965925e-01	5.799230e+01	  12	 102	 101	  97	 114	fear	fear_18.png	
DEV	   2	 461	  11	   0	1.651286e+03	  63	  63	8.954581e-01	5.617818e+01	  16	 102	 101	  97	 114	fear	fear_13.png	
DEV	   2	 462	  11	   0	1.657529e+03	  61	   0	8.957416e-01	5.439196e+01	  15	 102	 101	  97	 114	fear	fear_7.png	
CEV	   2	 463	  12	   0	1.726169e+03	  43	   0	8.974286e-01	3.879486e+01	  18	 115	  99	 114	  97	 109	scram	scram_17.png	
CEV	   2	 464	  12	   0	1.732776e+03	  46	   0	7.595714e-01	3.472129e+01	 983	 115	  99	 114	  97	 109	scram	scram_1.png	
CEV	   2	 465	  12	   0	1.739937e+03	  64	  64	6.068571e-01	3.882057e+01	2052	 115	  99	 114	  97	 109	scram	scram_13.png	
CEV	   2	 466	  12	   0	1.746275e+03	  60	  60	6.057143e-01	3.639429e+01	2060	 115	  99	 114	  97	 109	scram	scram_16.png	
CEV	   2	 467	  12	   0	1.754563e+03	  71	  71	5.420000e-01	3.862600e+01	2506	 115	  99	 114	  97	 109	scram	scram_18.png	
CEV	   2	 468	  12	   0	1.761629e+03	  73	   0	4.817143e-01	3.507314e+01	2928	 115	  99	 114	  97	 109	scram	scram_4.png	
CEV	   2	 469	  12	   0	1.768564e+03	  72	   0	5.284286e-01	3.805686e+01	2601	 115	  99	 114	  97	 109	scram	scram_7.png	
CEV	   2	 470	  12	   0	1.774888e+03	  50	  50	7.534286e-01	3.775343e+01	1026	 115	  99	 114	  97	 109	scram	scram_15.png	
CEV	   2	 471	  12	   0	1.780004e+03	  40	  40	8.971429e-01	3.610286e+01	  20	 115	  99	 114	  97	 109	scram	scram_14.png	
CEV	   2	 472	  12	   0	1.785960e+03	  47	   0	7.512857e-01	3.549743e+01	1041	 115	  99	 114	  97	 109	scram	scram_6.png	
CEV	   2	 473	  12	   0	1.791381e+03	  44	  44	8.954286e-01	3.968629e+01	  32	 115	  99	 114	  97	 109	scram	scram_8.png	
CEV	   2	 474	  12	   0	1.798161e+03	  59	   0	6.221429e-01	  37	1945	 115	  99	 114	  97	 109	scram	scram_10.png	
CEV	   2	 475	  12	   0	1.805797e+03	 102	   0	3.827143e-01	3.891357e+01	3621	 115	  99	 114	  97	 109	scram	scram_19.png	
CEV	   2	 476	  12	   0	1.812040e+03	  37	  37	8.978571e-01	3.340857e+01	  15	 115	  99	 114	  97	 109	scram	scram_20.png	
CEV	   2	 477	  12	   0	1.818664e+03	  42	  42	8.977143e-01	3.789771e+01	  16	 115	  99	 114	  97	 109	scram	scram_21.png	
CEV	   2	 478	  12	   0	1.823887e+03	  46	  46	8.962857e-01	4.148143e+01	  26	 115	  99	 114	  97	 109	scram	scram_5.png	
CEV	   2	 479	  12	   0	1.829994e+03	  47	  47	8.195714e-01	3.863914e+01	 563	 115	  99	 114	  97	 109	scram	scram_9.png	
CEV	   2	 480	  12	   0	1.836427e+03	  42	  42	8.674286e-01	3.613257e+01	 228	 115	  99	 114	  97	 109	scram	scram_11.png	
CEV	   2	 481	  12	   0	1.842956e+03	  42	  42	7.882857e-01	3.305857e+01	 782	 115	  99	 114	  97	 109	scram	scram_2.png	
CEV	   2	 482	  12	   0	1.849278e+03	  48	   0	7.252857e-01	3.482414e+01	1223	 115	  99	 114	  97	 109	scram	scram_3.png	
CEV	   2	 483	  12	   0	1.856015e+03	  40	  40	8.977143e-01	3.610229e+01	  16	 115	  99	 114	  97	 109	scram	scram_12.png	
CEV	   2	 484	  12	   0	1.861955e+03	  43	  43	8.975714e-01	3.879514e+01	  17	 115	  99	 114	  97	 109	scram	scram_4.png	
CEV	   2	 485	  12	   0	1.868071e+03	  38	   0	8.984286e-01	3.430471e+01	  11	 115	  99	 114	  97	 109	scram	scram_1.png	
CEV	   2	 486	  12	   0	1.873990e+03	  39	   0	8.975714e-01	3.520486e+01	  17	 115	  99	 114	  97	 109	scram	scram_13.png	
CEV	   2	 487	  12	   0	1.880051e+03	  41	  41	8.325714e-01	3.450229e+01	 472	 115	  99	 114	  97	 109	scram	scram_10.png	
CEV	   2	 488	  12	   0	1.886601e+03	  49	  49	6.995714e-01	3.420171e+01	1403	 115	  99	 114	  97	 109	scram	scram_14.png	
CEV	   2	 489	  12	   0	1.893287e+03	  49	  49	7.071429e-01	3.487857e+01	1350	 115	  99	 114	  97	 109	scram	scram_11.png	
CEV	   2	 490	  12	   0	1.899041e+03	  58	  58	6.601429e-01	3.832029e+01	1679	 115	  99	 114	  97	 109	scram	scram_17.png	
CEV	   2	 491	  12	   0	1.906147e+03	  64	  64	5.981429e-01	3.819629e+01	2113	 115	  99	 114	  97	 109	scram	scram_20.png	
CEV	   2	 492	  12	   0	1.912928e+03	  63	  63	5.937143e-01	3.759371e+01	2144	 115	  99	 114	  97	 109	scram	scram_9.png	
CEV	   2	 493	  12	   0	1.920044e+03	  67	   0	5.837143e-01	3.933486e+01	2214	 115	  99	 114	  97	 109	scram	scram_19.png	
CEV	   2	 494	  12	   0	1.927556e+03	  59	   0	6.450000e-01	3.829000e+01	1785	 115	  99	 114	  97	 109	scram	scram_6.png	
CEV	   2	 495	  12	   0	1.933333e+03	  51	  51	7.087143e-01	3.629129e+01	1339	 115	  99	 114	  97	 109	scram	scram_21.png	
CEV	   2	 496	  12	   0	1.940427e+03	  49	  49	7.728571e-01	3.777286e+01	 890	 115	  99	 114	  97	 109	scram	scram_7.png	
CEV	   2	 497	  12	   0	1.947365e+03	  51	  51	6.992857e-01	3.560143e+01	1405	 115	  99	 114	  97	 109	scram	scram_18.png	
CEV	   2	 498	  12	   0	1.953161e+03	  45	  45	8.182857e-01	  37	 572	 115	  99	 114	  97	 109	scram	scram_5.png	
CEV	   2	 499	  12	   0	1.960359e+03	  53	   0	7.351429e-01	3.920543e+01	1154	 115	  99	 114	  97	 109	scram	scram_2.png	
CEV	   2	 500	  12	   0	1.966999e+03	  41	  41	8.065714e-01	3.296714e+01	 654	 115	  99	 114	  97	 109	scram	scram_3.png	
CEV	   2	 501	  12	   0	1.972878e+03	  42	   0	7.998571e-01	3.380057e+01	 701	 115	  99	 114	  97	 109	scram	scram_12.png	
CEV	   2	 502	  12	   0	1.979247e+03	  51	  51	7.985714e-01	4.099286e+01	 710	 115	  99	 114	  97	 109	scram	scram_15.png	
CEV	   2	 503	  12	   0	1.984691e+03	  50	  50	8.112857e-01	4.024514e+01	 621	 115	  99	 114	  97	 109	scram	scram_8.png	
CEV	   2	 504	  12	   0	1.991451e+03	  48	  48	8.032857e-01	3.860657e+01	 677	 115	  99	 114	  97	 109	scram	scram_16.png	
