#Subj:	11027
#Run:	1
#Age:	15
#Gender:	male
#16-Apr-2013
Func	Run	Trial	Block	Null	trialStartTime	Mag	ScoreInc	Freq	EV	RT	Emotion	Image
CEV	   1	   1	  12	   0	1.906918e+02	  53	   0	7.190000e-01	3.843800e+01	1267	scram	scram_16.png	
CEV	   1	   2	  12	   0	1.974414e+02	  57	  57	6.781429e-01	3.835629e+01	1553	scram	scram_8.png	
CEV	   1	   3	  12	   0	2.045373e+02	  58	  58	6.558571e-01	3.831171e+01	1709	scram	scram_15.png	
CEV	   1	   4	  12	   0	2.104986e+02	  58	  58	6.584286e-01	3.831686e+01	1691	scram	scram_12.png	
CEV	   1	   5	  12	   0	2.179607e+02	  56	  56	6.361429e-01	3.572771e+01	1847	scram	scram_3.png	
CEV	   1	   6	  12	   0	2.249349e+02	  58	   0	5.995714e-01	3.460171e+01	2103	scram	scram_2.png	
CEV	   1	   7	  12	   0	2.313232e+02	  52	  52	7.362857e-01	3.847257e+01	1146	scram	scram_5.png	
CEV	   1	   8	  12	   0	2.379441e+02	  58	  58	6.982857e-01	4.049143e+01	1412	scram	scram_18.png	
CEV	   1	   9	  12	   0	2.449045e+02	  74	  74	4.925714e-01	3.650743e+01	2852	scram	scram_7.png	
CEV	   1	  10	  12	   0	2.525165e+02	  86	   0	4.438571e-01	3.833157e+01	3193	scram	scram_21.png	
CEV	   1	  11	  12	   0	2.604432e+02	  67	  67	5.255714e-01	3.542329e+01	2621	scram	scram_6.png	
CEV	   1	  12	  12	   0	2.676703e+02	  78	   0	4.685714e-01	3.653143e+01	3020	scram	scram_19.png	
CEV	   1	  13	  12	   0	2.747778e+02	  68	   0	5.622857e-01	3.812457e+01	2364	scram	scram_9.png	
CEV	   1	  14	  12	   0	2.820875e+02	  72	   0	5.030000e-01	3.599400e+01	2779	scram	scram_20.png	
CEV	   1	  15	  12	   0	2.882301e+02	  55	  55	6.987143e-01	3.839743e+01	1409	scram	scram_17.png	
CEV	   1	  16	  12	   0	2.956212e+02	  68	  68	5.127143e-01	3.494914e+01	2711	scram	scram_11.png	
CEV	   1	  17	  12	   0	3.018089e+02	  78	  78	5.084286e-01	3.954214e+01	2741	scram	scram_14.png	
CEV	   1	  18	  12	   0	3.082002e+02	  73	  73	5.127143e-01	3.751271e+01	2711	scram	scram_10.png	
CEV	   1	  19	  12	   0	3.157925e+02	  79	  79	4.840000e-01	3.845200e+01	2912	scram	scram_13.png	
CEV	   1	  20	  12	   0	3.242617e+02	  93	   0	3.997143e-01	  37	3502	scram	scram_1.png	
CEV	   1	  21	  12	   0	3.315681e+02	  78	   0	5.032857e-01	3.901314e+01	2777	scram	scram_4.png	
CEV	   1	  22	  12	   0	3.388000e+02	  75	  75	4.960000e-01	  37	2828	scram	scram_12.png	
CEV	   1	  23	  12	   0	3.459274e+02	  70	  70	4.974286e-01	3.501029e+01	2818	scram	scram_3.png	
CEV	   1	  24	  12	   0	3.541496e+02	  77	  77	4.991429e-01	3.849743e+01	2806	scram	scram_2.png	
CEV	   1	  25	  12	   0	3.605041e+02	  46	  46	8.632857e-01	3.958986e+01	 257	scram	scram_11.png	
CEV	   1	  26	  12	   0	3.658213e+02	  48	  48	8.434286e-01	4.037371e+01	 396	scram	scram_9.png	
CEV	   1	  27	  12	   0	3.716442e+02	  43	  43	8.131429e-01	3.456057e+01	 608	scram	scram_5.png	
CEV	   1	  28	  12	   0	3.782327e+02	  48	  48	7.944286e-01	3.779443e+01	 739	scram	scram_21.png	
CEV	   1	  29	  12	   0	3.857317e+02	  99	   0	3.684286e-01	3.663157e+01	3721	scram	scram_20.png	
CEV	   1	  30	  12	   0	3.924551e+02	  48	  48	7.847143e-01	3.778471e+01	 807	scram	scram_19.png	
CEV	   1	  31	  12	   0	3.993839e+02	  57	  57	7.007143e-01	3.980286e+01	1395	scram	scram_10.png	
CEV	   1	  32	  12	   0	4.061608e+02	  79	   0	4.895714e-01	3.846871e+01	2873	scram	scram_8.png	
CEV	   1	  33	  12	   0	4.115997e+02	  48	  48	7.518571e-01	3.624814e+01	1037	scram	scram_6.png	
CEV	   1	  34	  12	   0	4.185371e+02	  81	  81	4.378571e-01	3.524857e+01	3235	scram	scram_14.png	
CEV	   1	  35	  12	   0	4.257597e+02	  83	   0	4.472857e-01	  37	3169	scram	scram_15.png	
CEV	   1	  36	  12	   0	4.328811e+02	  93	  93	4.161429e-01	3.866457e+01	3387	scram	scram_7.png	
CEV	   1	  37	  12	   0	4.406247e+02	  92	   0	4.078571e-01	3.740786e+01	3445	scram	scram_4.png	
CEV	   1	  38	  12	   0	4.483768e+02	  80	  80	4.365714e-01	3.481714e+01	3244	scram	scram_18.png	
CEV	   1	  39	  12	   0	4.548330e+02	  82	   0	4.330000e-01	3.570100e+01	3269	scram	scram_16.png	
CEV	   1	  40	  12	   0	4.629995e+02	  79	   0	4.592857e-01	3.608143e+01	3085	scram	scram_13.png	
CEV	   1	  41	  12	   0	4.693022e+02	  42	  42	8.272857e-01	3.451814e+01	 509	scram	scram_1.png	
CEV	   1	  42	  12	   0	4.754851e+02	  46	  46	7.682857e-01	3.546343e+01	 922	scram	scram_17.png	
DEV	   1	  43	  11	   0	5.494800e+02	  81	   0	4.641014e-01	3.764817e+01	2030	fear	fear_7.png	
DEV	   1	  44	  11	   0	5.556599e+02	  75	  75	6.299659e-01	4.712770e+01	1074	fear	fear_13.png	
DEV	   1	  45	  11	   0	5.620009e+02	  69	   0	7.301956e-01	5.037024e+01	 637	fear	fear_18.png	
DEV	   1	  46	  11	   0	5.676817e+02	  72	   0	6.213375e-01	4.476017e+01	1115	fear	fear_16.png	
DEV	   1	  47	  11	   0	5.737946e+02	  74	   0	6.586668e-01	4.876552e+01	 942	fear	fear_11.png	
DEV	   1	  48	  11	   0	5.803472e+02	  73	  73	5.572624e-01	4.051276e+01	1443	fear	fear_6.png	
DEV	   1	  49	  11	   0	5.861093e+02	  71	   0	6.297538e-01	4.459637e+01	1075	fear	fear_17.png	
DEV	   1	  50	  11	   0	5.927063e+02	  74	   0	4.758259e-01	3.511978e+01	1946	fear	fear_9.png	
DEV	   1	  51	  11	   0	5.988700e+02	  82	   0	4.624676e-01	3.799838e+01	2042	fear	fear_10.png	
DEV	   1	  52	  11	   0	6.048459e+02	  65	  65	8.296709e-01	5.359354e+01	 253	fear	fear_21.png	
DEV	   1	  53	  11	   0	6.118878e+02	  73	   0	6.382998e-01	4.633267e+01	1035	fear	fear_12.png	
DEV	   1	  54	  11	   0	6.189608e+02	  78	   0	4.549761e-01	3.565493e+01	2098	fear	fear_15.png	
DEV	   1	  55	  11	   0	6.263331e+02	  76	  76	4.552399e-01	3.476187e+01	2096	fear	fear_2.png	
DEV	   1	  56	  11	   0	6.334014e+02	  78	  78	3.725192e-01	2.896331e+01	2851	fear	fear_8.png	
DEV	   1	  57	  11	   0	6.407321e+02	  87	   0	3.417909e-01	2.963857e+01	3211	fear	fear_1.png	
DEV	   1	  58	  11	   0	6.475694e+02	  76	  76	5.990656e-01	4.530231e+01	1224	fear	fear_4.png	
DEV	   1	  59	  11	   0	6.549732e+02	  87	   0	3.302730e-01	2.876001e+01	3356	fear	fear_20.png	
DEV	   1	  60	  11	   0	6.614663e+02	  70	  70	7.594624e-01	5.321254e+01	 520	fear	fear_3.png	
DEV	   1	  61	  11	   0	6.673680e+02	  74	  74	6.223825e-01	4.606304e+01	1110	fear	fear_14.png	
DEV	   1	  62	  11	   0	6.738247e+02	  75	  75	5.193640e-01	3.878228e+01	1662	fear	fear_19.png	
DEV	   1	  63	  11	   0	6.813281e+02	  77	  77	4.475716e-01	3.426978e+01	2155	fear	fear_5.png	
DEV	   1	  64	  11	   0	6.883011e+02	  80	  80	3.873127e-01	3.110030e+01	2694	fear	fear_3.png	
DEV	   1	  65	  11	   0	6.958915e+02	  87	   0	3.364261e-01	2.923050e+01	3278	fear	fear_1.png	
DEV	   1	  66	  11	   0	7.039874e+02	  81	   0	3.830626e-01	3.119143e+01	2738	fear	fear_19.png	
DEV	   1	  67	  11	   0	7.108349e+02	  71	   0	6.896826e-01	4.908618e+01	 806	fear	fear_7.png	
DEV	   1	  68	  11	   0	7.178976e+02	  75	  75	5.897625e-01	4.415137e+01	1271	fear	fear_9.png	
DEV	   1	  69	  11	   0	7.246826e+02	  81	  81	5.106076e-01	4.130748e+01	1716	fear	fear_16.png	
DEV	   1	  70	  11	   0	7.323068e+02	  76	  76	4.690641e-01	3.564316e+01	1994	fear	fear_4.png	
DEV	   1	  71	  11	   0	7.385225e+02	  77	  77	3.820132e-01	2.959013e+01	2749	fear	fear_10.png	
DEV	   1	  72	  11	   0	7.450095e+02	  86	   0	3.664990e-01	3.149574e+01	2918	fear	fear_21.png	
DEV	   1	  73	  11	   0	7.524244e+02	  85	  85	3.134866e-01	2.652119e+01	3573	fear	fear_17.png	
DEV	   1	  74	  11	   0	7.583093e+02	  71	  71	6.719445e-01	4.748683e+01	 883	fear	fear_5.png	
DEV	   1	  75	  11	   0	7.649962e+02	  76	  76	7.105118e-01	5.369340e+01	 718	fear	fear_6.png	
DEV	   1	  76	  11	   0	7.725137e+02	  70	  70	6.083463e-01	4.281518e+01	1178	fear	fear_12.png	
DEV	   1	  77	  11	   0	7.784937e+02	  79	   0	5.128558e-01	4.043384e+01	1702	fear	fear_20.png	
DEV	   1	  78	  11	   0	7.850772e+02	  78	  78	5.454335e-01	4.254542e+01	1509	fear	fear_8.png	
DEV	   1	  79	  11	   0	7.924510e+02	  79	  79	4.578932e-01	3.630528e+01	2076	fear	fear_11.png	
DEV	   1	  80	  11	   0	7.986051e+02	  82	  82	4.357094e-01	3.568268e+01	2250	fear	fear_18.png	
DEV	   1	  81	  11	   0	8.059710e+02	  84	  84	3.704342e-01	3.104773e+01	2874	fear	fear_2.png	
DEV	   1	  82	  11	   0	8.135164e+02	  82	   0	3.401005e-01	2.780969e+01	3232	fear	fear_13.png	
DEV	   1	  83	  11	   0	8.205900e+02	  86	  86	3.228031e-01	2.786225e+01	3452	fear	fear_14.png	
DEV	   1	  84	  11	   0	8.285735e+02	  88	   0	2.875916e-01	2.541030e+01	3908	fear	fear_15.png	
IEV	   1	  85	  10	   0	9.030763e+02	  17	  17	8.999659e-01	1.502324e+01	  18	happy	happy_19.png	
IEV	   1	  86	  10	   0	9.093752e+02	  24	  24	8.585361e-01	2.072714e+01	1135	happy	happy_18.png	
IEV	   1	  87	  10	   0	9.155865e+02	  41	  41	7.660194e-01	3.103740e+01	1961	happy	happy_12.png	
IEV	   1	  88	  10	   0	9.238313e+02	  71	   0	6.173760e-01	4.353037e+01	2828	happy	happy_14.png	
IEV	   1	  89	  10	   0	9.301226e+02	  28	  28	8.456489e-01	2.400588e+01	1287	happy	happy_17.png	
IEV	   1	  90	  10	   0	9.356413e+02	  21	  21	8.958053e-01	1.848124e+01	 376	happy	happy_5.png	
IEV	   1	  91	  10	   0	9.417248e+02	  19	   0	8.863689e-01	1.666334e+01	 672	happy	happy_8.png	
IEV	   1	  92	  10	   0	9.483596e+02	  33	  33	8.365329e-01	2.754966e+01	1383	happy	happy_13.png	
IEV	   1	  93	  10	   0	9.555833e+02	  41	  41	7.677445e-01	3.165696e+01	1949	happy	happy_6.png	
IEV	   1	  94	  10	   0	9.626375e+02	  38	  38	7.638483e-01	2.893129e+01	1976	happy	happy_15.png	
IEV	   1	  95	  10	   0	9.697086e+02	  49	  49	7.168192e-01	3.498190e+01	2278	happy	happy_2.png	
IEV	   1	  96	  10	   0	9.769069e+02	  60	  60	6.730102e-01	4.013262e+01	2531	happy	happy_7.png	
IEV	   1	  97	  10	   0	9.841206e+02	  70	  70	5.910838e-01	4.144981e+01	2962	happy	happy_4.png	
IEV	   1	  98	  10	   0	9.919845e+02	  85	  85	5.303001e-01	4.489620e+01	3262	happy	happy_10.png	
IEV	   1	  99	  10	   0	9.998285e+02	 108	   0	4.554158e-01	4.905429e+01	3622	happy	happy_21.png	
IEV	   1	 100	  10	   0	1.007893e+03	 112	 112	4.466387e-01	4.988883e+01	3664	happy	happy_20.png	
IEV	   1	 101	  10	   0	1.016292e+03	 147	   0	3.715140e-01	5.468095e+01	4026	happy	happy_9.png	
IEV	   1	 102	  10	   0	1.024542e+03	 109	 109	4.533258e-01	4.960068e+01	3632	happy	happy_16.png	
IEV	   1	 103	  10	   0	1.032040e+03	 115	 115	4.332730e-01	5.001818e+01	3728	happy	happy_3.png	
IEV	   1	 104	  10	   0	1.039285e+03	 126	 126	4.136849e-01	5.207153e+01	3822	happy	happy_11.png	
IEV	   1	 105	  10	   0	1.047614e+03	 138	   0	3.857102e-01	5.308252e+01	3957	happy	happy_1.png	
IEV	   1	 106	  10	   0	1.055251e+03	 118	 118	4.238875e-01	4.998821e+01	3773	happy	happy_21.png	
IEV	   1	 107	  10	   0	1.063370e+03	 119	 119	4.249297e-01	5.036878e+01	3768	happy	happy_10.png	
IEV	   1	 108	  10	   0	1.070927e+03	 110	   0	4.504000e-01	4.972730e+01	3646	happy	happy_8.png	
IEV	   1	 109	  10	   0	1.077598e+03	 109	 109	4.449672e-01	4.862526e+01	3672	happy	happy_1.png	
IEV	   1	 110	  10	   0	1.085455e+03	 112	 112	4.562518e-01	5.129820e+01	3618	happy	happy_9.png	
IEV	   1	 111	  10	   0	1.092591e+03	 112	   0	4.593868e-01	5.163259e+01	3603	happy	happy_11.png	
IEV	   1	 112	  10	   0	1.100545e+03	 108	   0	4.593868e-01	4.979504e+01	3603	happy	happy_19.png	
IEV	   1	 113	  10	   0	1.106739e+03	  19	  19	8.738625e-01	1.688497e+01	 915	happy	happy_2.png	
IEV	   1	 114	  10	   0	1.114576e+03	 112	   0	4.629396e-01	5.195623e+01	3586	happy	happy_5.png	
IEV	   1	 115	  10	   0	1.121605e+03	 122	 122	4.215954e-01	5.135017e+01	3784	happy	happy_6.png	
IEV	   1	 116	  10	   0	1.129029e+03	 115	   0	4.412070e-01	5.056082e+01	3690	happy	happy_20.png	
IEV	   1	 117	  10	   0	1.136098e+03	 112	 112	4.535348e-01	5.095221e+01	3631	happy	happy_13.png	
IEV	   1	 118	  10	   0	1.143553e+03	 109	   0	4.556248e-01	4.950058e+01	3621	happy	happy_18.png	
IEV	   1	 119	  10	   0	1.151344e+03	 111	   0	4.378656e-01	4.850867e+01	3706	happy	happy_7.png	
IEV	   1	 120	  10	   0	1.159063e+03	 110	   0	4.671189e-01	5.132780e+01	3566	happy	happy_17.png	
IEV	   1	 121	  10	   0	1.165444e+03	  18	  18	8.764644e-01	1.561758e+01	 871	happy	happy_4.png	
IEV	   1	 122	  10	   0	1.172728e+03	  97	   0	4.904944e-01	4.742667e+01	3454	happy	happy_14.png	
IEV	   1	 123	  10	   0	1.178601e+03	  14	  14	8.944232e-01	1.249547e+01	 434	happy	happy_3.png	
IEV	   1	 124	  10	   0	1.185760e+03	  38	  38	7.557494e-01	2.888146e+01	2031	happy	happy_15.png	
IEV	   1	 125	  10	   0	1.192595e+03	  66	   0	6.268228e-01	4.110221e+01	2779	happy	happy_12.png	
IEV	   1	 126	  10	   0	1.200767e+03	  79	   0	5.732939e-01	4.536813e+01	3051	happy	happy_16.png	
CEVR	   1	 127	   9	   0	1.270750e+03	 183	   0	2.061445e-01	3.782458e+01	  18	fear	fear_10.png	
CEVR	   1	 128	   9	   0	1.276364e+03	 161	 161	2.333754e-01	3.746675e+01	 751	fear	fear_16.png	
CEVR	   1	 129	   9	   0	1.282236e+03	 156	   0	2.292035e-01	3.585398e+01	 650	fear	fear_2.png	
CEVR	   1	 130	   9	   0	1.288028e+03	 168	   0	2.207637e-01	  37	 434	fear	fear_15.png	
CEVR	   1	 131	   9	   0	1.294001e+03	 148	   0	2.574041e-01	3.802962e+01	1269	fear	fear_21.png	
CEVR	   1	 132	   9	   0	1.301057e+03	 134	   0	2.776587e-01	3.727766e+01	1636	fear	fear_5.png	
CEVR	   1	 133	   9	   0	1.307048e+03	 169	   0	2.233529e-01	3.767006e+01	 502	fear	fear_11.png	
CEVR	   1	 134	   9	   0	1.314235e+03	 135	 135	2.683382e-01	3.619499e+01	1474	fear	fear_8.png	
CEVR	   1	 135	   9	   0	1.321072e+03	 144	 144	2.639087e-01	3.805563e+01	1393	fear	fear_6.png	
CEVR	   1	 136	   9	   0	1.328330e+03	 106	 106	3.504736e-01	  37	2605	fear	fear_18.png	
CEVR	   1	 137	   9	   0	1.335240e+03	 141	   0	2.710906e-01	3.835545e+01	1523	fear	fear_13.png	
CEVR	   1	 138	   9	   0	1.342082e+03	  83	   0	4.450172e-01	3.700000e+01	3390	fear	fear_1.png	
CEVR	   1	 139	   9	   0	1.348658e+03	 159	   0	2.265174e-01	3.609393e+01	 583	fear	fear_3.png	
CEVR	   1	 140	   9	   0	1.354492e+03	 164	 164	2.189719e-01	3.590514e+01	 386	fear	fear_20.png	
CEVR	   1	 141	   9	   0	1.359886e+03	 166	 166	2.231604e-01	3.700000e+01	 497	fear	fear_17.png	
CEVR	   1	 142	   9	   0	1.366550e+03	 171	   0	2.205381e-01	3.766161e+01	 428	fear	fear_19.png	
CEVR	   1	 143	   9	   0	1.372483e+03	 160	 160	2.343043e-01	3.746861e+01	 773	fear	fear_12.png	
CEVR	   1	 144	   9	   0	1.379295e+03	 150	   0	2.500966e-01	3.750019e+01	1122	fear	fear_7.png	
CEVR	   1	 145	   9	   0	1.385179e+03	 148	   0	2.581224e-01	3.829061e+01	1283	fear	fear_9.png	
CEVR	   1	 146	   9	   0	1.391707e+03	 139	   0	2.721160e-01	3.781635e+01	1541	fear	fear_4.png	
CEVR	   1	 147	   9	   0	1.398316e+03	 113	   0	3.236691e-01	3.667633e+01	2299	fear	fear_14.png	
CEVR	   1	 148	   9	   0	1.405304e+03	 151	 151	2.385338e-01	3.604586e+01	 871	fear	fear_21.png	
CEVR	   1	 149	   9	   0	1.411624e+03	 155	   0	2.335016e-01	3.629950e+01	 754	fear	fear_7.png	
CEVR	   1	 150	   9	   0	1.418454e+03	 138	   0	2.741321e-01	3.782240e+01	1576	fear	fear_18.png	
CEVR	   1	 151	   9	   0	1.425546e+03	 100	   0	3.555739e-01	3.557770e+01	2658	fear	fear_3.png	
CEVR	   1	 152	   9	   0	1.432451e+03	 132	   0	2.810330e-01	  37	1692	fear	fear_19.png	
CEVR	   1	 153	   9	   0	1.438455e+03	 139	   0	2.709772e-01	3.754195e+01	1521	fear	fear_12.png	
CEVR	   1	 154	   9	   0	1.444615e+03	 155	   0	2.354117e-01	3.652918e+01	 799	fear	fear_16.png	
CEVR	   1	 155	   9	   0	1.450570e+03	 130	   0	2.732644e-01	3.563368e+01	1561	fear	fear_2.png	
CEVR	   1	 156	   9	   0	1.457112e+03	 103	 103	3.497164e-01	3.595085e+01	2597	fear	fear_15.png	
CEVR	   1	 157	   9	   0	1.464161e+03	 122	 122	3.019352e-01	3.669806e+01	2011	fear	fear_1.png	
CEVR	   1	 158	   9	   0	1.471647e+03	 121	   0	3.045626e-01	3.700000e+01	2048	fear	fear_13.png	
CEVR	   1	 159	   9	   0	1.477866e+03	 164	   0	2.332913e-01	3.816646e+01	 749	fear	fear_6.png	
CEVR	   1	 160	   9	   0	1.485229e+03	 119	   0	3.003943e-01	3.579842e+01	1989	fear	fear_11.png	
CEVR	   1	 161	   9	   0	1.491619e+03	 113	   0	3.229426e-01	3.635411e+01	2290	fear	fear_17.png	
CEVR	   1	 162	   9	   0	1.497911e+03	 166	   0	2.230835e-01	  37	 495	fear	fear_9.png	
CEVR	   1	 163	   9	   0	1.504903e+03	 114	   0	3.220592e-01	3.667794e+01	2279	fear	fear_8.png	
CEVR	   1	 164	   9	   0	1.511917e+03	 158	   0	2.306733e-01	3.653865e+01	 686	fear	fear_10.png	
CEVR	   1	 165	   9	   0	1.518195e+03	 157	   0	2.383143e-01	3.747663e+01	 866	fear	fear_20.png	
CEVR	   1	 166	   9	   0	1.524163e+03	 160	   0	2.338389e-01	3.746768e+01	 762	fear	fear_14.png	
CEVR	   1	 167	   9	   0	1.530355e+03	 131	 131	2.770053e-01	3.616898e+01	1625	fear	fear_4.png	
CEVR	   1	 168	   9	   0	1.538409e+03	 116	 116	3.334192e-01	3.866710e+01	2416	fear	fear_5.png	
DEV	   1	 169	   8	   0	1.610208e+03	  72	   0	5.365348e-01	3.875456e+01	1560	scram	scram_13.png	
DEV	   1	 170	   8	   0	1.616116e+03	  83	   0	4.865808e-01	4.015479e+01	1872	scram	scram_11.png	
DEV	   1	 171	   8	   0	1.623807e+03	  78	  78	4.100554e-01	3.183027e+01	2473	scram	scram_9.png	
DEV	   1	 172	   8	   0	1.631284e+03	  82	   0	3.764709e-01	3.073057e+01	2808	scram	scram_16.png	
DEV	   1	 173	   8	   0	1.638075e+03	  74	   0	5.489806e-01	4.057625e+01	1489	scram	scram_3.png	
DEV	   1	 174	   8	   0	1.645553e+03	  85	   0	2.923692e-01	2.491635e+01	3847	scram	scram_10.png	
DEV	   1	 175	   8	   0	1.652663e+03	  79	   0	3.658792e-01	2.888840e+01	2925	scram	scram_20.png	
DEV	   1	 176	   8	   0	1.658774e+03	  73	  73	7.078762e-01	5.142529e+01	 729	scram	scram_4.png	
DEV	   1	 177	   8	   0	1.665762e+03	  76	  76	6.318782e-01	4.787050e+01	1065	scram	scram_17.png	
DEV	   1	 178	   8	   0	1.672414e+03	  76	   0	5.297021e-01	4.047276e+01	1600	scram	scram_8.png	
DEV	   1	 179	   8	   0	1.679707e+03	  73	  73	6.372245e-01	4.627295e+01	1040	scram	scram_19.png	
DEV	   1	 180	   8	   0	1.686685e+03	  76	  76	6.055034e-01	4.629309e+01	1192	scram	scram_21.png	
DEV	   1	 181	   8	   0	1.692754e+03	  78	   0	6.378695e-01	4.949813e+01	1037	scram	scram_15.png	
DEV	   1	 182	   8	   0	1.698780e+03	  78	  78	5.794893e-01	4.527452e+01	1324	scram	scram_1.png	
DEV	   1	 183	   8	   0	1.704752e+03	  76	  76	6.355082e-01	4.808400e+01	1048	scram	scram_12.png	
DEV	   1	 184	   8	   0	1.711808e+03	  86	   0	3.625433e-01	3.120061e+01	2963	scram	scram_7.png	
DEV	   1	 185	   8	   0	1.718957e+03	  77	  77	6.535654e-01	5.043944e+01	 965	scram	scram_14.png	
DEV	   1	 186	   8	   0	1.724734e+03	  77	  77	5.996656e-01	4.593799e+01	1221	scram	scram_2.png	
DEV	   1	 187	   8	   0	1.730948e+03	  77	  77	5.131782e-01	3.942863e+01	1700	scram	scram_18.png	
DEV	   1	 188	   8	   0	1.736989e+03	  72	  72	6.071259e-01	4.396291e+01	1184	scram	scram_5.png	
DEV	   1	 189	   8	   0	1.743604e+03	  74	  74	6.215464e-01	4.601488e+01	1114	scram	scram_6.png	
DEV	   1	 190	   8	   0	1.750001e+03	  79	  79	4.957542e-01	3.930556e+01	1811	scram	scram_8.png	
DEV	   1	 191	   8	   0	1.756808e+03	  83	   0	3.900625e-01	3.245897e+01	2666	scram	scram_7.png	
DEV	   1	 192	   8	   0	1.763840e+03	  82	  82	4.018518e-01	3.289724e+01	2550	scram	scram_15.png	
DEV	   1	 193	   8	   0	1.769983e+03	  70	  70	6.562218e-01	4.600342e+01	 953	scram	scram_16.png	
DEV	   1	 194	   8	   0	1.776758e+03	  76	   0	5.938968e-01	4.499116e+01	1250	scram	scram_2.png	
DEV	   1	 195	   8	   0	1.783390e+03	  77	   0	5.059994e-01	3.897106e+01	1745	scram	scram_18.png	
DEV	   1	 196	   8	   0	1.789933e+03	  80	   0	4.995955e-01	4.005972e+01	1786	scram	scram_3.png	
DEV	   1	 197	   8	   0	1.795463e+03	  73	  73	7.009713e-01	5.106450e+01	 758	scram	scram_6.png	
DEV	   1	 198	   8	   0	1.801856e+03	  73	   0	5.281824e-01	3.879273e+01	1609	scram	scram_20.png	
DEV	   1	 199	   8	   0	1.809404e+03	  80	  80	5.336152e-01	4.285258e+01	1577	scram	scram_13.png	
DEV	   1	 200	   8	   0	1.816588e+03	  76	  76	4.387743e-01	3.326370e+01	2225	scram	scram_9.png	
DEV	   1	 201	   8	   0	1.822505e+03	  72	  72	6.306026e-01	4.527285e+01	1071	scram	scram_5.png	
DEV	   1	 202	   8	   0	1.829295e+03	  72	  72	6.808712e-01	4.930959e+01	 844	scram	scram_11.png	
DEV	   1	 203	   8	   0	1.835943e+03	  77	   0	5.363625e-01	4.142629e+01	1561	scram	scram_19.png	
DEV	   1	 204	   8	   0	1.844447e+03	  85	   0	2.784419e-01	2.355674e+01	4023	scram	scram_4.png	
DEV	   1	 205	   8	   0	1.852895e+03	  86	   0	2.785224e-01	2.384148e+01	4022	scram	scram_1.png	
DEV	   1	 206	   8	   0	1.860375e+03	  80	   0	3.422755e-01	2.727940e+01	3205	scram	scram_14.png	
DEV	   1	 207	   8	   0	1.867024e+03	  71	  71	7.073979e-01	4.998565e+01	 731	scram	scram_10.png	
DEV	   1	 208	   8	   0	1.874460e+03	  85	  85	3.295684e-01	2.804683e+01	3365	scram	scram_21.png	
DEV	   1	 209	   8	   0	1.880526e+03	  71	  71	6.859590e-01	4.889365e+01	 822	scram	scram_12.png	
DEV	   1	 210	   8	   0	1.888370e+03	  85	   0	3.335751e-01	2.834569e+01	3314	scram	scram_17.png	
CEVR	   1	 211	   7	   0	1.958460e+03	 131	   0	2.781357e-01	3.644373e+01	1644	happy	happy_21.png	
CEVR	   1	 212	   7	   0	1.964175e+03	 157	 157	2.385777e-01	3.747716e+01	 872	happy	happy_16.png	
CEVR	   1	 213	   7	   0	1.970197e+03	 166	   0	2.240097e-01	3.722401e+01	 519	happy	happy_9.png	
CEVR	   1	 214	   7	   0	1.975692e+03	 165	 165	2.304681e-01	3.792187e+01	 681	happy	happy_10.png	
CEVR	   1	 215	   7	   0	1.982306e+03	 159	   0	2.320373e-01	  37	 719	happy	happy_8.png	
CEVR	   1	 216	   7	   0	1.988701e+03	 155	   0	2.390181e-01	  37	 882	happy	happy_7.png	
CEVR	   1	 217	   7	   0	1.995492e+03	 137	   0	2.665706e-01	3.646686e+01	1442	happy	happy_13.png	
CEVR	   1	 218	   7	   0	2.001754e+03	 157	 157	2.353690e-01	  37	 798	happy	happy_14.png	
CEVR	   1	 219	   7	   0	2.007839e+03	 164	   0	2.217086e-01	3.633487e+01	 459	happy	happy_17.png	
CEVR	   1	 220	   7	   0	2.014935e+03	 161	 161	2.304270e-01	  37	 680	happy	happy_20.png	
CEVR	   1	 221	   7	   0	2.020284e+03	 167	   0	2.189719e-01	3.656206e+01	 386	happy	happy_6.png	
CEVR	   1	 222	   7	   0	2.026048e+03	 148	   0	2.451259e-01	3.626462e+01	1017	happy	happy_1.png	
CEVR	   1	 223	   7	   0	2.032990e+03	 150	   0	2.416045e-01	3.627519e+01	 940	happy	happy_19.png	
CEVR	   1	 224	   7	   0	2.039125e+03	 117	   0	3.115977e-01	3.637680e+01	2144	happy	happy_2.png	
CEVR	   1	 225	   7	   0	2.045736e+03	 151	   0	2.400816e-01	3.627976e+01	 906	happy	happy_11.png	
CEVR	   1	 226	   7	   0	2.053939e+03	  95	   0	3.748191e-01	3.550072e+01	2845	happy	happy_3.png	
CEVR	   1	 227	   7	   0	2.061786e+03	  80	   0	4.738383e-01	3.794768e+01	3567	happy	happy_5.png	
CEVR	   1	 228	   7	   0	2.067759e+03	 156	   0	2.364001e-01	3.676360e+01	 822	happy	happy_12.png	
CEVR	   1	 229	   7	   0	2.072883e+03	 167	   0	2.235457e-01	3.722355e+01	 507	happy	happy_18.png	
CEVR	   1	 230	   7	   0	2.079758e+03	 123	   0	3.027823e-01	3.730278e+01	2023	happy	happy_4.png	
CEVR	   1	 231	   7	   0	2.087476e+03	  83	   0	4.298042e-01	3.571059e+01	3287	happy	happy_15.png	
CEVR	   1	 232	   7	   0	2.094115e+03	 162	 162	2.239322e-01	3.632820e+01	 517	happy	happy_20.png	
CEVR	   1	 233	   7	   0	2.101992e+03	  85	   0	4.416780e-01	3.744168e+01	3368	happy	happy_15.png	
CEVR	   1	 234	   7	   0	2.108112e+03	 160	   0	2.307966e-01	  37	 689	happy	happy_2.png	
CEVR	   1	 235	   7	   0	2.114386e+03	 160	   0	2.357546e-01	3.770726e+01	 807	happy	happy_8.png	
CEVR	   1	 236	   7	   0	2.121250e+03	 148	   0	2.539714e-01	3.750794e+01	1201	happy	happy_18.png	
CEVR	   1	 237	   7	   0	2.127806e+03	 173	   0	2.181236e-01	3.765437e+01	 363	happy	happy_21.png	
CEVR	   1	 238	   7	   0	2.133517e+03	 164	   0	2.233914e-01	3.655322e+01	 503	happy	happy_12.png	
CEVR	   1	 239	   7	   0	2.141024e+03	  98	   0	3.806584e-01	3.738066e+01	2898	happy	happy_4.png	
CEVR	   1	 240	   7	   0	2.147717e+03	 138	 138	2.764141e-01	3.810566e+01	1615	happy	happy_13.png	
CEVR	   1	 241	   7	   0	2.154185e+03	 155	 155	2.362277e-01	3.652754e+01	 818	happy	happy_19.png	
CEVR	   1	 242	   7	   0	2.160797e+03	 142	   0	2.682826e-01	3.807313e+01	1473	happy	happy_11.png	
CEVR	   1	 243	   7	   0	2.167401e+03	 109	   0	3.398950e-01	  37	2490	happy	happy_16.png	
CEVR	   1	 244	   7	   0	2.173440e+03	 155	   0	2.394158e-01	  37	 891	happy	happy_6.png	
CEVR	   1	 245	   7	   0	2.180234e+03	 133	   0	2.775991e-01	  37	1635	happy	happy_17.png	
CEVR	   1	 246	   7	   0	2.186701e+03	 119	   0	3.116727e-01	  37	2145	happy	happy_14.png	
CEVR	   1	 247	   7	   0	2.194414e+03	 105	 105	3.413284e-01	3.597601e+01	2506	happy	happy_7.png	
CEVR	   1	 248	   7	   0	2.201707e+03	  94	  94	3.767821e-01	3.549287e+01	2863	happy	happy_9.png	
CEVR	   1	 249	   7	   0	2.208132e+03	 113	   0	3.248871e-01	3.667511e+01	2314	happy	happy_1.png	
CEVR	   1	 250	   7	   0	2.215139e+03	 154	   0	2.393273e-01	3.676067e+01	 889	happy	happy_10.png	
CEVR	   1	 251	   7	   0	2.221878e+03	 137	   0	2.729189e-01	3.727292e+01	1555	happy	happy_3.png	
CEVR	   1	 252	   7	   0	2.229065e+03	 126	   0	3.042048e-01	3.821682e+01	2043	happy	happy_5.png	
#16-Apr-2013
IEV	   2	 253	   6	   0	1.190651e+01	  39	  39	7.849475e-01	3.093810e+01	1825	scram	scram_3.png	
IEV	   2	 254	   6	   0	1.869799e+01	  47	  47	7.197912e-01	3.403776e+01	2260	scram	scram_17.png	
IEV	   2	 255	   6	   0	2.487997e+01	  59	  59	6.523231e-01	3.818417e+01	2644	scram	scram_18.png	
IEV	   2	 256	   6	   0	3.207871e+01	  67	  67	6.105711e-01	4.086506e+01	2863	scram	scram_2.png	
IEV	   2	 257	   6	   0	4.008965e+01	  91	  91	5.288579e-01	4.814617e+01	3269	scram	scram_13.png	
IEV	   2	 258	   6	   0	4.700015e+01	 119	 119	4.391185e-01	5.240316e+01	3700	scram	scram_9.png	
IEV	   2	 259	   6	   0	5.516942e+01	 127	 127	4.149331e-01	5.285451e+01	3816	scram	scram_8.png	
IEV	   2	 260	   6	   0	6.272719e+01	  69	   0	6.250949e-01	4.308371e+01	2788	scram	scram_7.png	
IEV	   2	 261	   6	   0	7.084372e+01	 115	 115	4.368216e-01	5.030380e+01	3711	scram	scram_4.png	
IEV	   2	 262	   6	   0	7.891022e+01	 112	   0	4.577148e-01	5.123999e+01	3611	scram	scram_14.png	
IEV	   2	 263	   6	   0	8.620923e+01	 111	   0	4.447583e-01	4.952430e+01	3673	scram	scram_12.png	
IEV	   2	 264	   6	   0	9.420515e+01	 112	   0	4.455940e-01	4.993345e+01	3669	scram	scram_1.png	
IEV	   2	 265	   6	   0	1.010625e+02	  36	  36	8.142003e-01	2.901377e+01	1591	scram	scram_10.png	
IEV	   2	 266	   6	   0	1.074127e+02	  49	   0	7.389158e-01	3.622908e+01	2141	scram	scram_16.png	
IEV	   2	 267	   6	   0	1.141409e+02	  50	   0	7.082893e-01	3.561693e+01	2329	scram	scram_20.png	
IEV	   2	 268	   6	   0	1.203221e+02	  28	  28	8.500102e-01	2.349171e+01	1238	scram	scram_11.png	
IEV	   2	 269	   6	   0	1.257613e+02	  19	  19	8.735572e-01	1.693016e+01	 920	scram	scram_21.png	
IEV	   2	 270	   6	   0	1.340157e+02	 108	   0	4.658652e-01	5.044590e+01	3572	scram	scram_6.png	
IEV	   2	 271	   6	   0	1.404826e+02	  24	  24	8.799267e-01	2.123581e+01	 808	scram	scram_5.png	
IEV	   2	 272	   6	   0	1.472611e+02	  24	  24	8.668949e-01	2.048544e+01	1022	scram	scram_19.png	
IEV	   2	 273	   6	   0	1.543011e+02	  16	  16	8.842079e-01	1.437458e+01	 721	scram	scram_15.png	
IEV	   2	 274	   6	   0	1.621315e+02	  57	  57	6.830189e-01	3.879151e+01	2475	scram	scram_12.png	
IEV	   2	 275	   6	   0	1.696126e+02	  83	  83	5.356491e-01	4.460931e+01	3236	scram	scram_14.png	
IEV	   2	 276	   6	   0	1.772086e+02	  95	  95	4.886187e-01	4.653963e+01	3463	scram	scram_18.png	
IEV	   2	 277	   6	   0	1.860590e+02	 124	   0	4.272231e-01	5.283643e+01	3757	scram	scram_6.png	
IEV	   2	 278	   6	   0	1.917975e+02	  21	  21	8.963758e-01	1.926156e+01	 349	scram	scram_4.png	
IEV	   2	 279	   6	   0	1.976182e+02	  21	  21	8.846182e-01	1.872827e+01	 712	scram	scram_7.png	
IEV	   2	 280	   6	   0	2.044706e+02	  30	   0	8.553282e-01	2.541140e+01	1175	scram	scram_5.png	
IEV	   2	 281	   6	   0	2.103669e+02	  22	   0	8.480764e-01	1.863290e+01	1260	scram	scram_8.png	
IEV	   2	 282	   6	   0	2.173019e+02	  36	   0	7.978460e-01	2.896884e+01	1726	scram	scram_17.png	
IEV	   2	 283	   6	   0	2.238760e+02	  60	  60	6.573233e-01	3.916204e+01	2617	scram	scram_15.png	
IEV	   2	 284	   6	   0	2.316857e+02	  73	  73	6.076406e-01	4.408304e+01	2878	scram	scram_13.png	
IEV	   2	 285	   6	   0	2.381494e+02	  23	   0	8.686721e-01	2.024168e+01	 996	scram	scram_3.png	
IEV	   2	 286	   6	   0	2.456176e+02	  85	   0	5.465129e-01	4.620318e+01	3183	scram	scram_9.png	
IEV	   2	 287	   6	   0	2.529577e+02	 106	   0	4.746389e-01	5.007633e+01	3530	scram	scram_10.png	
IEV	   2	 288	   6	   0	2.593385e+02	  30	  30	8.100991e-01	2.455150e+01	1626	scram	scram_11.png	
IEV	   2	 289	   6	   0	2.661920e+02	  42	  42	7.335462e-01	3.076323e+01	2175	scram	scram_16.png	
IEV	   2	 290	   6	   0	2.718349e+02	  23	  23	8.826515e-01	1.993019e+01	 754	scram	scram_21.png	
IEV	   2	 291	   6	   0	2.782895e+02	  27	   0	8.700023e-01	2.353671e+01	 976	scram	scram_19.png	
IEV	   2	 292	   6	   0	2.847712e+02	  27	  27	8.673787e-01	2.302159e+01	1015	scram	scram_20.png	
IEV	   2	 293	   6	   0	2.915237e+02	  36	  36	8.167280e-01	2.958160e+01	1569	scram	scram_2.png	
IEV	   2	 294	   6	   0	2.984456e+02	  34	  34	7.735591e-01	2.651631e+01	1908	scram	scram_1.png	
CEV	   2	 295	   5	   0	3.741153e+02	  52	  52	7.657143e-01	4.006286e+01	 940	happy	happy_14.png	
CEV	   2	 296	   5	   0	3.796963e+02	  56	  56	7.012857e-01	3.910386e+01	1391	happy	happy_20.png	
CEV	   2	 297	   5	   0	3.859460e+02	  63	   0	5.945714e-01	3.759457e+01	2138	happy	happy_1.png	
CEV	   2	 298	   5	   0	3.920499e+02	  49	  49	6.898571e-01	3.355071e+01	1471	happy	happy_10.png	
CEV	   2	 299	   5	   0	3.991694e+02	  49	  49	7.472857e-01	3.625271e+01	1069	happy	happy_8.png	
CEV	   2	 300	   5	   0	4.054207e+02	  48	  48	7.630000e-01	  37	 959	happy	happy_21.png	
CEV	   2	 301	   5	   0	4.125291e+02	  57	  57	6.028571e-01	3.458857e+01	2080	happy	happy_16.png	
CEV	   2	 302	   5	   0	4.190886e+02	  59	  59	5.882857e-01	3.464686e+01	2182	happy	happy_6.png	
CEV	   2	 303	   5	   0	4.256500e+02	  42	  42	7.877143e-01	3.306143e+01	 786	happy	happy_19.png	
CEV	   2	 304	   5	   0	4.331635e+02	  54	  54	6.591429e-01	3.568171e+01	1686	happy	happy_4.png	
CEV	   2	 305	   5	   0	4.401576e+02	  51	  51	7.505714e-01	3.850114e+01	1046	happy	happy_11.png	
CEV	   2	 306	   5	   0	4.467005e+02	  54	  54	6.792857e-01	  37	1545	happy	happy_12.png	
CEV	   2	 307	   5	   0	4.524712e+02	  45	  45	7.568571e-01	3.397257e+01	1002	happy	happy_13.png	
CEV	   2	 308	   5	   0	4.591844e+02	  58	   0	6.875714e-01	3.975029e+01	1487	happy	happy_2.png	
CEV	   2	 309	   5	   0	4.655193e+02	  55	  55	6.528571e-01	3.569429e+01	1730	happy	happy_5.png	
CEV	   2	 310	   5	   0	4.722500e+02	  46	  46	8.255714e-01	3.782557e+01	 521	happy	happy_3.png	
CEV	   2	 311	   5	   0	4.786606e+02	  55	  55	6.624286e-01	3.633757e+01	1663	happy	happy_17.png	
CEV	   2	 312	   5	   0	4.857357e+02	  59	  59	6.730000e-01	3.969200e+01	1589	happy	happy_15.png	
CEV	   2	 313	   5	   0	4.918481e+02	  60	  60	5.784286e-01	3.468629e+01	2251	happy	happy_18.png	
CEV	   2	 314	   5	   0	4.987004e+02	  70	   0	5.057143e-01	3.548286e+01	2760	happy	happy_7.png	
CEV	   2	 315	   5	   0	5.053200e+02	  68	  68	5.482857e-01	3.754829e+01	2462	happy	happy_9.png	
CEV	   2	 316	   5	   0	5.122991e+02	  59	   0	6.695714e-01	3.967829e+01	1613	happy	happy_21.png	
CEV	   2	 317	   5	   0	5.184742e+02	  51	  51	7.564286e-01	3.851286e+01	1005	happy	happy_10.png	
CEV	   2	 318	   5	   0	5.247937e+02	  52	   0	7.727143e-01	4.009086e+01	 891	happy	happy_16.png	
CEV	   2	 319	   5	   0	5.320244e+02	  73	   0	5.428571e-01	3.971429e+01	2500	happy	happy_14.png	
CEV	   2	 320	   5	   0	5.383597e+02	  57	  57	6.820000e-01	3.904600e+01	1526	happy	happy_1.png	
CEV	   2	 321	   5	   0	5.448844e+02	  45	  45	7.707143e-01	3.468786e+01	 905	happy	happy_5.png	
CEV	   2	 322	   5	   0	5.527486e+02	  53	  53	6.472857e-01	3.441086e+01	1769	happy	happy_4.png	
CEV	   2	 323	   5	   0	5.593612e+02	  63	  63	6.314286e-01	3.952571e+01	1880	happy	happy_2.png	
CEV	   2	 324	   5	   0	5.668896e+02	  63	  63	5.701429e-01	3.585971e+01	2309	happy	happy_6.png	
CEV	   2	 325	   5	   0	5.735090e+02	  50	  50	7.438571e-01	  37	1093	happy	happy_17.png	
CEV	   2	 326	   5	   0	5.798279e+02	  63	   0	5.441429e-01	3.427929e+01	2491	happy	happy_9.png	
CEV	   2	 327	   5	   0	5.874506e+02	  81	   0	4.640000e-01	3.746400e+01	3052	happy	happy_20.png	
CEV	   2	 328	   5	   0	5.947970e+02	  52	  52	6.790000e-01	3.564200e+01	1547	happy	happy_3.png	
CEV	   2	 329	   5	   0	6.016856e+02	  67	  67	5.241429e-01	3.490343e+01	2631	happy	happy_7.png	
CEV	   2	 330	   5	   0	6.087200e+02	  94	  94	4.021429e-01	3.780429e+01	3485	happy	happy_12.png	
CEV	   2	 331	   5	   0	6.171748e+02	  87	  87	4.482857e-01	3.879314e+01	3162	happy	happy_11.png	
CEV	   2	 332	   5	   0	6.231782e+02	  58	  58	6.962857e-01	4.048143e+01	1426	happy	happy_8.png	
CEV	   2	 333	   5	   0	6.308359e+02	  75	   0	5.048571e-01	3.800971e+01	2766	happy	happy_13.png	
CEV	   2	 334	   5	   0	6.374565e+02	  43	  43	8.297143e-01	3.534057e+01	 492	happy	happy_18.png	
CEV	   2	 335	   5	   0	6.435029e+02	  48	  48	7.655714e-01	  37	 941	happy	happy_15.png	
CEV	   2	 336	   5	   0	6.498933e+02	  52	  52	7.547143e-01	3.926414e+01	1017	happy	happy_19.png	
CEVR	   2	 337	   4	   0	7.244805e+02	 131	   0	2.751806e-01	3.617446e+01	1594	scram	scram_12.png	
CEVR	   2	 338	   4	   0	7.304442e+02	 160	   0	2.262799e-01	3.609488e+01	 577	scram	scram_20.png	
CEVR	   2	 339	   4	   0	7.382665e+02	 124	 124	2.929202e-01	3.641416e+01	1879	scram	scram_6.png	
CEVR	   2	 340	   4	   0	7.450338e+02	 109	   0	3.306102e-01	3.600817e+01	2383	scram	scram_17.png	
CEVR	   2	 341	   4	   0	7.515818e+02	 150	   0	2.500000e-01	3.750000e+01	1120	scram	scram_19.png	
CEVR	   2	 342	   4	   0	7.580700e+02	 126	 126	3.027823e-01	3.821113e+01	2023	scram	scram_14.png	
CEVR	   2	 343	   4	   0	7.647974e+02	 157	   0	2.392831e-01	3.747857e+01	 888	scram	scram_3.png	
CEVR	   2	 344	   4	   0	7.705218e+02	 167	 167	2.224704e-01	3.722247e+01	 479	scram	scram_13.png	
CEVR	   2	 345	   4	   0	7.770833e+02	 125	   0	2.979751e-01	3.729798e+01	1954	scram	scram_7.png	
CEVR	   2	 346	   4	   0	7.830769e+02	 146	 146	2.459172e-01	3.601633e+01	1034	scram	scram_2.png	
CEVR	   2	 347	   4	   0	7.898606e+02	 132	 132	2.887402e-01	3.815496e+01	1815	scram	scram_11.png	
CEVR	   2	 348	   4	   0	7.975512e+02	  96	  96	3.728765e-01	3.588137e+01	2827	scram	scram_18.png	
CEVR	   2	 349	   4	   0	8.034459e+02	 155	 155	2.368758e-01	3.676312e+01	 833	scram	scram_21.png	
CEVR	   2	 350	   4	   0	8.102365e+02	 138	 138	2.770646e-01	3.810826e+01	1626	scram	scram_10.png	
CEVR	   2	 351	   4	   0	8.159229e+02	 153	   0	2.361415e-01	3.605543e+01	 816	scram	scram_9.png	
CEVR	   2	 352	   4	   0	8.219850e+02	 130	 130	2.844278e-01	3.700000e+01	1747	scram	scram_5.png	
CEVR	   2	 353	   4	   0	8.284353e+02	 141	   0	2.723449e-01	3.836172e+01	1545	scram	scram_1.png	
CEVR	   2	 354	   4	   0	8.351482e+02	 153	 153	2.383582e-01	3.652328e+01	 867	scram	scram_4.png	
CEVR	   2	 355	   4	   0	8.413512e+02	 143	 143	2.559794e-01	3.648804e+01	1241	scram	scram_8.png	
CEVR	   2	 356	   4	   0	8.491557e+02	 105	   0	3.519022e-01	  37	2620	scram	scram_15.png	
CEVR	   2	 357	   4	   0	8.559693e+02	 156	 156	2.380515e-01	3.723805e+01	 860	scram	scram_16.png	
CEVR	   2	 358	   4	   0	8.628763e+02	 146	   0	2.469489e-01	3.601220e+01	1056	scram	scram_6.png	
CEVR	   2	 359	   4	   0	8.695094e+02	 176	   0	2.155818e-01	3.786233e+01	 293	scram	scram_7.png	
CEVR	   2	 360	   4	   0	8.752415e+02	 156	   0	2.314980e-01	3.607401e+01	 706	scram	scram_1.png	
CEVR	   2	 361	   4	   0	8.825659e+02	 118	 118	3.076740e-01	3.638465e+01	2091	scram	scram_16.png	
CEVR	   2	 362	   4	   0	8.898758e+02	 106	 106	3.550864e-01	3.771017e+01	2653	scram	scram_15.png	
CEVR	   2	 363	   4	   0	8.960612e+02	 135	   0	2.639087e-01	3.568046e+01	1393	scram	scram_10.png	
CEVR	   2	 364	   4	   0	9.033581e+02	 100	   0	3.729839e-01	3.737298e+01	2828	scram	scram_18.png	
CEVR	   2	 365	   4	   0	9.097802e+02	 151	   0	2.483221e-01	3.749664e+01	1085	scram	scram_8.png	
CEVR	   2	 366	   4	   0	9.159071e+02	 157	   0	2.395486e-01	3.771865e+01	 894	scram	scram_13.png	
CEVR	   2	 367	   4	   0	9.227576e+02	 156	   0	2.401261e-01	3.748025e+01	 907	scram	scram_20.png	
CEVR	   2	 368	   4	   0	9.301109e+02	 135	 135	2.722304e-01	3.672777e+01	1543	scram	scram_12.png	
CEVR	   2	 369	   4	   0	9.366767e+02	 155	   0	2.429188e-01	3.772876e+01	 969	scram	scram_17.png	
CEVR	   2	 370	   4	   0	9.433828e+02	 123	   0	3.043478e-01	3.730435e+01	2045	scram	scram_14.png	
CEVR	   2	 371	   4	   0	9.492926e+02	 152	 152	2.371361e-01	3.605146e+01	 839	scram	scram_3.png	
CEVR	   2	 372	   4	   0	9.554062e+02	 157	   0	2.362277e-01	  37	 818	scram	scram_21.png	
CEVR	   2	 373	   4	   0	9.623496e+02	 135	   0	2.823196e-01	3.812928e+01	1713	scram	scram_5.png	
CEVR	   2	 374	   4	   0	9.679110e+02	 155	 155	2.425094e-01	3.748502e+01	 960	scram	scram_19.png	
CEVR	   2	 375	   4	   0	9.746217e+02	 129	 129	2.790347e-01	3.588386e+01	1659	scram	scram_9.png	
CEVR	   2	 376	   4	   0	9.813456e+02	 158	   0	2.391064e-01	3.771732e+01	 884	scram	scram_4.png	
CEVR	   2	 377	   4	   0	9.877936e+02	 133	 133	2.833698e-01	3.756674e+01	1730	scram	scram_2.png	
CEVR	   2	 378	   4	   0	9.943547e+02	 132	 132	2.846154e-01	3.756923e+01	1750	scram	scram_11.png	
IEV	   2	 379	   3	   0	1.067748e+03	  27	  27	8.214455e-01	2.254295e+01	1527	fear	fear_17.png	
IEV	   2	 380	   3	   0	1.073881e+03	  18	  18	8.852002e-01	1.597641e+01	 699	fear	fear_9.png	
IEV	   2	 381	   3	   0	1.081064e+03	  35	  35	8.147782e-01	2.814232e+01	1586	fear	fear_11.png	
IEV	   2	 382	   3	   0	1.087019e+03	  33	  33	8.218874e-01	2.742649e+01	1523	fear	fear_12.png	
IEV	   2	 383	   3	   0	1.093698e+03	  43	   0	7.660194e-01	3.256944e+01	1961	fear	fear_8.png	
IEV	   2	 384	   3	   0	1.101204e+03	  47	  47	7.535033e-01	3.510477e+01	2046	fear	fear_10.png	
IEV	   2	 385	   3	   0	1.107615e+03	  19	  19	8.870362e-01	1.654849e+01	 656	fear	fear_14.png	
IEV	   2	 386	   3	   0	1.114607e+03	  44	  44	7.597522e-01	3.308904e+01	2004	fear	fear_4.png	
IEV	   2	 387	   3	   0	1.121069e+03	  54	  54	7.035391e-01	3.807565e+01	2357	fear	fear_21.png	
IEV	   2	 388	   3	   0	1.128116e+03	  17	  17	8.842079e-01	1.525879e+01	 721	fear	fear_2.png	
IEV	   2	 389	   3	   0	1.134508e+03	  24	  24	8.811145e-01	2.105331e+01	 785	fear	fear_18.png	
IEV	   2	 390	   3	   0	1.141863e+03	  50	  50	7.064288e-01	3.504731e+01	2340	fear	fear_6.png	
IEV	   2	 391	   3	   0	1.147081e+03	  17	  17	8.866214e-01	1.484680e+01	 666	fear	fear_7.png	
IEV	   2	 392	   3	   0	1.153876e+03	  30	  30	8.326137e-01	2.463697e+01	1422	fear	fear_5.png	
IEV	   2	 393	   3	   0	1.161057e+03	  26	  26	8.704603e-01	2.260386e+01	 969	fear	fear_15.png	
IEV	   2	 394	   3	   0	1.167393e+03	  18	  18	8.851115e-01	1.599140e+01	 701	fear	fear_13.png	
IEV	   2	 395	   3	   0	1.173030e+03	  20	  20	8.850224e-01	1.777647e+01	 703	fear	fear_20.png	
IEV	   2	 396	   3	   0	1.179420e+03	  18	  18	8.898454e-01	1.605050e+01	 583	fear	fear_1.png	
IEV	   2	 397	   3	   0	1.186427e+03	  55	   0	6.584297e-01	3.645554e+01	2611	fear	fear_19.png	
IEV	   2	 398	   3	   0	1.193650e+03	  37	  37	7.782866e-01	2.841021e+01	1874	fear	fear_3.png	
IEV	   2	 399	   3	   0	1.200095e+03	  25	  25	8.843910e-01	2.230318e+01	 717	fear	fear_16.png	
IEV	   2	 400	   3	   0	1.206235e+03	  22	  22	8.847986e-01	1.958332e+01	 708	fear	fear_10.png	
IEV	   2	 401	   3	   0	1.214244e+03	  41	  41	7.584237e-01	3.092269e+01	2013	fear	fear_15.png	
IEV	   2	 402	   3	   0	1.221062e+03	  44	   0	7.194620e-01	3.190463e+01	2262	fear	fear_7.png	
IEV	   2	 403	   3	   0	1.227941e+03	  62	  62	6.289301e-01	3.908535e+01	2768	fear	fear_6.png	
IEV	   2	 404	   3	   0	1.235785e+03	 146	   0	3.723347e-01	5.428364e+01	4022	fear	fear_21.png	
IEV	   2	 405	   3	   0	1.241819e+03	  34	  34	8.251600e-01	2.791455e+01	1493	fear	fear_20.png	
IEV	   2	 406	   3	   0	1.248659e+03	  53	  53	6.798201e-01	3.628743e+01	2493	fear	fear_3.png	
IEV	   2	 407	   3	   0	1.255683e+03	  32	  32	8.292004e-01	2.666616e+01	1455	fear	fear_1.png	
IEV	   2	 408	   3	   0	1.262162e+03	  19	  19	8.899527e-01	1.692093e+01	 580	fear	fear_18.png	
IEV	   2	 409	   3	   0	1.267980e+03	  30	  30	8.062640e-01	2.413482e+01	1658	fear	fear_9.png	
IEV	   2	 410	   3	   0	1.274314e+03	  25	  25	8.770911e-01	2.166080e+01	 860	fear	fear_2.png	
IEV	   2	 411	   3	   0	1.280741e+03	  16	  16	8.861566e-01	1.404117e+01	 677	fear	fear_16.png	
IEV	   2	 412	   3	   0	1.287518e+03	  48	  48	7.001175e-01	3.341290e+01	2377	fear	fear_14.png	
IEV	   2	 413	   3	   0	1.294123e+03	  18	  18	8.880808e-01	1.636616e+01	 630	fear	fear_11.png	
IEV	   2	 414	   3	   0	1.300472e+03	  45	  45	7.485065e-01	3.399812e+01	2079	fear	fear_8.png	
IEV	   2	 415	   3	   0	1.307636e+03	  60	  60	6.323676e-01	3.822928e+01	2750	fear	fear_19.png	
IEV	   2	 416	   3	   0	1.313665e+03	  16	  16	8.867466e-01	1.393825e+01	 663	fear	fear_13.png	
IEV	   2	 417	   3	   0	1.320361e+03	  49	  49	6.940735e-01	3.387096e+01	2412	fear	fear_5.png	
IEV	   2	 418	   3	   0	1.327197e+03	  30	  30	8.116338e-01	2.439402e+01	1613	fear	fear_17.png	
IEV	   2	 419	   3	   0	1.334210e+03	  36	  36	7.825217e-01	2.802263e+01	1843	fear	fear_12.png	
IEV	   2	 420	   3	   0	1.341593e+03	  49	  49	6.990865e-01	3.419056e+01	2383	fear	fear_4.png	
DEV	   2	 421	   2	   0	1.414366e+03	  70	  70	8.948912e-01	6.243181e+01	  18	happy	happy_6.png	
DEV	   2	 422	   2	   0	1.421293e+03	  70	  70	8.247989e-01	5.755716e+01	 271	happy	happy_14.png	
DEV	   2	 423	   2	   0	1.427046e+03	  66	  66	8.164530e-01	5.396553e+01	 302	happy	happy_4.png	
DEV	   2	 424	   2	   0	1.433129e+03	  74	  74	7.954482e-01	5.874895e+01	 381	happy	happy_9.png	
DEV	   2	 425	   2	   0	1.438808e+03	  71	  71	8.004646e-01	5.657611e+01	 362	happy	happy_21.png	
DEV	   2	 426	   2	   0	1.445020e+03	  63	  63	8.923424e-01	5.611876e+01	  27	happy	happy_8.png	
DEV	   2	 427	   2	   0	1.451876e+03	  74	  74	8.094976e-01	6.018915e+01	 328	happy	happy_1.png	
DEV	   2	 428	   2	   0	1.458119e+03	  67	  67	8.169897e-01	5.480167e+01	 300	happy	happy_12.png	
DEV	   2	 429	   2	   0	1.464208e+03	  68	  68	7.408392e-01	5.012143e+01	 594	happy	happy_15.png	
DEV	   2	 430	   2	   0	1.470659e+03	  68	   0	8.140407e-01	5.550696e+01	 311	happy	happy_5.png	
DEV	   2	 431	   2	   0	1.476794e+03	  68	  68	8.204842e-01	5.574920e+01	 287	happy	happy_13.png	
DEV	   2	 432	   2	   0	1.483285e+03	  73	  73	5.709478e-01	4.187800e+01	1369	happy	happy_16.png	
DEV	   2	 433	   2	   0	1.489892e+03	  69	   0	7.326590e-01	5.048516e+01	 627	happy	happy_11.png	
DEV	   2	 434	   2	   0	1.496242e+03	  83	  83	4.530062e-01	3.778980e+01	2113	happy	happy_19.png	
DEV	   2	 435	   2	   0	1.503720e+03	  86	  86	3.019692e-01	2.595296e+01	3723	happy	happy_20.png	
DEV	   2	 436	   2	   0	1.510119e+03	  70	   0	7.980856e-01	5.567723e+01	 371	happy	happy_10.png	
DEV	   2	 437	   2	   0	1.516679e+03	  70	  70	8.226397e-01	5.747398e+01	 279	happy	happy_18.png	
DEV	   2	 438	   2	   0	1.523220e+03	  75	  75	5.536404e-01	4.140816e+01	1463	happy	happy_3.png	
DEV	   2	 439	   2	   0	1.529574e+03	  68	  68	8.110991e-01	5.539415e+01	 322	happy	happy_7.png	
DEV	   2	 440	   2	   0	1.536116e+03	  81	   0	4.305301e-01	3.489030e+01	2293	happy	happy_17.png	
DEV	   2	 441	   2	   0	1.542053e+03	  71	  71	7.223617e-01	5.144541e+01	 669	happy	happy_2.png	
DEV	   2	 442	   2	   0	1.548139e+03	  69	  69	6.955402e-01	4.799556e+01	 781	happy	happy_18.png	
DEV	   2	 443	   2	   0	1.555427e+03	  71	  71	6.938953e-01	4.930257e+01	 788	happy	happy_19.png	
DEV	   2	 444	   2	   0	1.562379e+03	  83	   0	3.857573e-01	3.215082e+01	2710	happy	happy_3.png	
DEV	   2	 445	   2	   0	1.568465e+03	  83	  83	4.705990e-01	3.903473e+01	1983	happy	happy_20.png	
DEV	   2	 446	   2	   0	1.574211e+03	  66	  66	8.164530e-01	5.396553e+01	 302	happy	happy_15.png	
DEV	   2	 447	   2	   0	1.580964e+03	  74	  74	7.609890e-01	5.632594e+01	 514	happy	happy_12.png	
DEV	   2	 448	   2	   0	1.588263e+03	  77	  77	6.097737e-01	4.716129e+01	1171	happy	happy_6.png	
DEV	   2	 449	   2	   0	1.593735e+03	  75	  75	7.097921e-01	5.294422e+01	 721	happy	happy_16.png	
DEV	   2	 450	   2	   0	1.599648e+03	  69	  69	7.311801e-01	5.041624e+01	 633	happy	happy_14.png	
DEV	   2	 451	   2	   0	1.606018e+03	  76	  76	7.078762e-01	5.354892e+01	 729	happy	happy_10.png	
DEV	   2	 452	   2	   0	1.611457e+03	  68	  68	7.748388e-01	5.234947e+01	 460	happy	happy_7.png	
DEV	   2	 453	   2	   0	1.618400e+03	  73	  73	8.302134e-01	6.025285e+01	 251	happy	happy_4.png	
DEV	   2	 454	   2	   0	1.623768e+03	  73	  73	7.630284e-01	5.566341e+01	 506	happy	happy_21.png	
DEV	   2	 455	   2	   0	1.629487e+03	  75	  75	7.833984e-01	5.896886e+01	 427	happy	happy_8.png	
DEV	   2	 456	   2	   0	1.634642e+03	  71	  71	8.164530e-01	5.804779e+01	 302	happy	happy_17.png	
DEV	   2	 457	   2	   0	1.640814e+03	  77	   0	6.631369e-01	5.100461e+01	 922	happy	happy_13.png	
DEV	   2	 458	   2	   0	1.646985e+03	  63	  63	8.587321e-01	5.445822e+01	 147	happy	happy_11.png	
DEV	   2	 459	   2	   0	1.653458e+03	  74	  74	5.743445e-01	4.265129e+01	1351	happy	happy_1.png	
DEV	   2	 460	   2	   0	1.660518e+03	  80	   0	4.046927e-01	3.228665e+01	2523	happy	happy_9.png	
DEV	   2	 461	   2	   0	1.667995e+03	  78	  78	3.843095e-01	3.012547e+01	2725	happy	happy_5.png	
DEV	   2	 462	   2	   0	1.674751e+03	  73	   0	5.154439e-01	3.751078e+01	1686	happy	happy_2.png	
CEV	   2	 463	   1	   0	1.745307e+03	  57	   0	6.771429e-01	3.835429e+01	1560	fear	fear_5.png	
CEV	   2	 464	   1	   0	1.752166e+03	  40	   0	8.594286e-01	3.442171e+01	 284	fear	fear_11.png	
CEV	   2	 465	   1	   0	1.759358e+03	  50	  50	7.878571e-01	3.936357e+01	 785	fear	fear_8.png	
CEV	   2	 466	   1	   0	1.765934e+03	  49	  49	7.372857e-01	3.626271e+01	1139	fear	fear_21.png	
CEV	   2	 467	   1	   0	1.772581e+03	  64	  64	6.052857e-01	3.881586e+01	2063	fear	fear_4.png	
CEV	   2	 468	   1	   0	1.779631e+03	  64	   0	5.430000e-01	3.482800e+01	2499	fear	fear_9.png	
CEV	   2	 469	   1	   0	1.787385e+03	  78	   0	4.841429e-01	3.796829e+01	2911	fear	fear_17.png	
CEV	   2	 470	   1	   0	1.794133e+03	  62	  62	6.027143e-01	3.760271e+01	2081	fear	fear_16.png	
CEV	   2	 471	   1	   0	1.800759e+03	  60	   0	6.067143e-01	3.639329e+01	2053	fear	fear_2.png	
CEV	   2	 472	   1	   0	1.807573e+03	  58	   0	6.147143e-01	3.577057e+01	1997	fear	fear_10.png	
CEV	   2	 473	   1	   0	1.815031e+03	  75	   0	5.145714e-01	3.854371e+01	2698	fear	fear_19.png	
CEV	   2	 474	   1	   0	1.820740e+03	  47	  47	7.881429e-01	  37	 783	fear	fear_6.png	
CEV	   2	 475	   1	   0	1.828619e+03	  93	   0	4.212857e-01	3.910643e+01	3351	fear	fear_13.png	
CEV	   2	 476	   1	   0	1.835300e+03	  46	   0	7.342857e-01	3.406286e+01	1160	fear	fear_7.png	
CEV	   2	 477	   1	   0	1.840684e+03	  48	  48	7.908571e-01	3.779086e+01	 764	fear	fear_1.png	
CEV	   2	 478	   1	   0	1.847094e+03	  56	  56	7.274286e-01	4.063714e+01	1208	fear	fear_14.png	
CEV	   2	 479	   1	   0	1.854032e+03	  51	  51	7.511429e-01	3.850229e+01	1042	fear	fear_20.png	
CEV	   2	 480	   1	   0	1.859982e+03	  49	  49	7.434286e-01	3.625657e+01	1096	fear	fear_18.png	
CEV	   2	 481	   1	   0	1.866570e+03	  45	  45	7.350000e-01	3.332500e+01	1155	fear	fear_15.png	
CEV	   2	 482	   1	   0	1.872795e+03	  46	  46	7.507143e-01	3.474786e+01	1045	fear	fear_12.png	
CEV	   2	 483	   1	   0	1.880121e+03	  48	   0	7.527143e-01	3.624729e+01	1031	fear	fear_3.png	
CEV	   2	 484	   1	   0	1.887222e+03	  55	  55	7.025714e-01	3.840514e+01	1382	fear	fear_2.png	
CEV	   2	 485	   1	   0	1.895143e+03	  87	   0	4.114286e-01	3.576571e+01	3420	fear	fear_3.png	
CEV	   2	 486	   1	   0	1.902172e+03	  49	   0	7.245714e-01	3.555086e+01	1228	fear	fear_19.png	
CEV	   2	 487	   1	   0	1.908301e+03	  45	  45	7.785714e-01	3.466429e+01	 850	fear	fear_20.png	
CEV	   2	 488	   1	   0	1.914159e+03	  42	  42	8.031429e-01	3.378743e+01	 678	fear	fear_13.png	
CEV	   2	 489	   1	   0	1.920057e+03	  44	  44	7.884286e-01	3.463471e+01	 781	fear	fear_18.png	
CEV	   2	 490	   1	   0	1.926164e+03	  62	  62	6.134286e-01	3.822686e+01	2006	fear	fear_16.png	
CEV	   2	 491	   1	   0	1.932628e+03	  48	  48	7.971429e-01	3.859429e+01	 720	fear	fear_7.png	
CEV	   2	 492	   1	   0	1.939813e+03	  58	  58	6.531429e-01	3.765314e+01	1728	fear	fear_5.png	
CEV	   2	 493	   1	   0	1.946049e+03	  58	   0	6.910000e-01	3.976400e+01	1463	fear	fear_14.png	
CEV	   2	 494	   1	   0	1.952061e+03	  49	   0	7.877143e-01	3.857543e+01	 786	fear	fear_15.png	
CEV	   2	 495	   1	   0	1.957909e+03	  44	  44	8.304286e-01	3.616957e+01	 487	fear	fear_17.png	
CEV	   2	 496	   1	   0	1.964078e+03	  44	  44	8.595714e-01	3.785957e+01	 283	fear	fear_12.png	
CEV	   2	 497	   1	   0	1.970027e+03	  44	  44	8.060000e-01	3.538800e+01	 658	fear	fear_11.png	
CEV	   2	 498	   1	   0	1.975441e+03	  45	  45	8.137143e-01	  37	 604	fear	fear_9.png	
CEV	   2	 499	   1	   0	1.981668e+03	  47	   0	8.365714e-01	3.950971e+01	 444	fear	fear_6.png	
CEV	   2	 500	   1	   0	1.988175e+03	  40	  40	8.140000e-01	3.293000e+01	 602	fear	fear_1.png	
CEV	   2	 501	   1	   0	1.994977e+03	  51	   0	6.770000e-01	3.429200e+01	1561	fear	fear_21.png	
CEV	   2	 502	   1	   0	2.001802e+03	  65	  65	6.122857e-01	4.006143e+01	2014	fear	fear_8.png	
CEV	   2	 503	   1	   0	2.009196e+03	  74	  74	5.322857e-01	3.912914e+01	2574	fear	fear_4.png	
CEV	   2	 504	   1	   0	2.015453e+03	  50	   0	7.760000e-01	3.855200e+01	 868	fear	fear_10.png	
