#Subj:	11043
#Run:	1
#Age:	16
#Gender:	male
#09-May-2013
Func	Run	Trial	Block	Null	trialStartTime	Mag	ScoreInc	Freq	EV	RT	Emotion	Image
CEV	   1	   1	  12	   0	1.111244e+02	  92	   0	4.107143e-01	3.782143e+01	3425	scram	scram_16.png	
CEV	   1	   2	  12	   0	1.174614e+02	  49	  49	7.942857e-01	3.858857e+01	 740	scram	scram_8.png	
CEV	   1	   3	  12	   0	1.246242e+02	  60	  60	6.425714e-01	3.828514e+01	1802	scram	scram_15.png	
CEV	   1	   4	  12	   0	1.315197e+02	  95	  95	3.994286e-01	3.779886e+01	3504	scram	scram_12.png	
CEV	   1	   5	  12	   0	1.398685e+02	  95	  95	3.802857e-01	3.623943e+01	3638	scram	scram_3.png	
CEV	   1	   6	  12	   0	1.464372e+02	  48	   0	7.142857e-01	3.414286e+01	1300	scram	scram_2.png	
CEV	   1	   7	  12	   0	1.535585e+02	  72	  72	5.307143e-01	3.806143e+01	2585	scram	scram_5.png	
CEV	   1	   8	  12	   0	1.612087e+02	  96	  96	4.070000e-01	3.903500e+01	3451	scram	scram_18.png	
CEV	   1	   9	  12	   0	1.681460e+02	  73	  73	4.990000e-01	3.650100e+01	2807	scram	scram_7.png	
CEV	   1	  10	  12	   0	1.760055e+02	 101	   0	3.774286e-01	3.813229e+01	3658	scram	scram_21.png	
CEV	   1	  11	  12	   0	1.827974e+02	  40	  40	8.568571e-01	3.442943e+01	 302	scram	scram_6.png	
CEV	   1	  12	  12	   0	1.890543e+02	  48	  48	7.477143e-01	3.625229e+01	1066	scram	scram_19.png	
CEV	   1	  13	  12	   0	1.960174e+02	  63	   0	6.047143e-01	3.820943e+01	2067	scram	scram_9.png	
CEV	   1	  14	  12	   0	2.035165e+02	  79	   0	4.558571e-01	3.608829e+01	3109	scram	scram_20.png	
CEV	   1	  15	  12	   0	2.104600e+02	  81	  81	4.677143e-01	3.793543e+01	3026	scram	scram_17.png	
CEV	   1	  16	  12	   0	2.177497e+02	  65	  65	5.401429e-01	3.483943e+01	2519	scram	scram_11.png	
CEV	   1	  17	  12	   0	2.239559e+02	  78	  78	5.072857e-01	3.953643e+01	2749	scram	scram_14.png	
CEV	   1	  18	  12	   0	2.302895e+02	  71	  71	5.295714e-01	3.752957e+01	2593	scram	scram_10.png	
CEV	   1	  19	  12	   0	2.377368e+02	  73	  73	5.270000e-01	3.858100e+01	2611	scram	scram_13.png	
CEV	   1	  20	  12	   0	2.449411e+02	  48	  48	7.650000e-01	  37	 945	scram	scram_1.png	
CEV	   1	  21	  12	   0	2.527970e+02	 110	   0	3.501429e-01	3.840057e+01	3849	scram	scram_4.png	
CEV	   1	  22	  12	   0	2.604545e+02	  97	  97	3.801429e-01	3.700000e+01	3639	scram	scram_12.png	
CEV	   1	  23	  12	   0	2.675888e+02	  69	  69	5.047143e-01	3.498114e+01	2767	scram	scram_3.png	
CEV	   1	  24	  12	   0	2.751811e+02	  57	  57	6.870000e-01	3.906100e+01	1491	scram	scram_2.png	
CEV	   1	  25	  12	   0	2.818492e+02	  51	  51	7.784286e-01	3.933529e+01	 851	scram	scram_11.png	
CEV	   1	  26	  12	   0	2.873971e+02	  51	  51	7.827143e-01	4.013086e+01	 821	scram	scram_9.png	
CEV	   1	  27	  12	   0	2.939819e+02	  58	  58	6.017143e-01	3.519486e+01	2088	scram	scram_5.png	
CEV	   1	  28	  12	   0	3.018076e+02	  84	   0	4.461429e-01	3.744614e+01	3177	scram	scram_21.png	
CEV	   1	  29	  12	   0	3.092357e+02	  95	   0	3.862857e-01	3.661371e+01	3596	scram	scram_20.png	
CEV	   1	  30	  12	   0	3.157246e+02	  44	  44	8.571429e-01	3.785714e+01	 300	scram	scram_19.png	
CEV	   1	  31	  12	   0	3.228746e+02	  62	  62	6.397143e-01	3.955886e+01	1822	scram	scram_10.png	
CEV	   1	  32	  12	   0	3.300024e+02	  99	   0	3.834286e-01	3.815029e+01	3616	scram	scram_8.png	
CEV	   1	  33	  12	   0	3.364900e+02	  80	   0	4.552857e-01	3.654471e+01	3113	scram	scram_6.png	
CEV	   1	  34	  12	   0	3.437022e+02	  97	  97	3.651429e-01	3.553943e+01	3744	scram	scram_14.png	
CEV	   1	  35	  12	   0	3.499135e+02	  51	   0	7.321429e-01	3.700000e+01	1175	scram	scram_15.png	
CEV	   1	  36	  12	   0	3.564147e+02	  66	  66	5.921429e-01	3.936857e+01	2155	scram	scram_7.png	
CEV	   1	  37	  12	   0	3.643990e+02	 108	   0	3.461429e-01	3.734614e+01	3877	scram	scram_4.png	
CEV	   1	  38	  12	   0	3.707567e+02	  39	  39	8.378571e-01	3.281071e+01	 435	scram	scram_18.png	
CEV	   1	  39	  12	   0	3.766220e+02	  58	   0	6.061429e-01	3.518157e+01	2057	scram	scram_16.png	
CEV	   1	  40	  12	   0	3.845104e+02	  66	  66	5.457143e-01	3.590857e+01	2480	scram	scram_13.png	
CEV	   1	  41	  12	   0	3.915783e+02	  58	  58	6.061429e-01	3.518157e+01	2057	scram	scram_1.png	
CEV	   1	  42	  12	   0	3.983333e+02	  59	   0	6.098571e-01	3.578029e+01	2031	scram	scram_17.png	
DEV	   1	  43	  11	   0	4.813769e+02	  84	   0	3.506332e-01	2.960587e+01	3103	fear	fear_7.png	
DEV	   1	  44	  11	   0	4.885706e+02	  83	  83	3.477384e-01	2.869783e+01	3138	fear	fear_13.png	
DEV	   1	  45	  11	   0	4.948387e+02	  68	   0	7.671202e-01	5.202386e+01	 490	fear	fear_18.png	
DEV	   1	  46	  11	   0	5.007503e+02	  74	   0	5.449042e-01	4.033191e+01	1512	fear	fear_16.png	
DEV	   1	  47	  11	   0	5.074589e+02	  79	   0	4.507921e-01	3.582910e+01	2130	fear	fear_11.png	
DEV	   1	  48	  11	   0	5.153668e+02	  81	   0	2.784419e-01	2.244297e+01	4023	fear	fear_6.png	
DEV	   1	  49	  11	   0	5.212121e+02	  72	   0	5.986661e-01	4.288365e+01	1226	fear	fear_17.png	
DEV	   1	  50	  11	   0	5.288024e+02	  79	   0	2.883780e-01	2.287811e+01	3898	fear	fear_9.png	
DEV	   1	  51	  11	   0	5.351640e+02	  84	   0	4.128977e-01	3.449432e+01	2447	fear	fear_10.png	
DEV	   1	  52	  11	   0	5.412812e+02	  68	  68	7.435832e-01	5.024359e+01	 583	fear	fear_21.png	
DEV	   1	  53	  11	   0	5.485358e+02	  75	   0	5.545429e-01	4.146282e+01	1458	fear	fear_12.png	
DEV	   1	  54	  11	   0	5.560627e+02	  81	   0	3.612394e-01	2.929696e+01	2978	fear	fear_15.png	
DEV	   1	  55	  11	   0	5.628289e+02	  70	  70	6.827170e-01	4.804236e+01	 836	fear	fear_2.png	
DEV	   1	  56	  11	   0	5.687890e+02	  68	  68	7.299497e-01	4.962878e+01	 638	fear	fear_8.png	
DEV	   1	  57	  11	   0	5.749005e+02	  77	  77	6.976606e-01	5.368064e+01	 772	fear	fear_1.png	
DEV	   1	  58	  11	   0	5.813467e+02	  70	  70	7.865287e-01	5.518765e+01	 415	fear	fear_4.png	
DEV	   1	  59	  11	   0	5.873555e+02	  75	  75	7.564165e-01	5.685524e+01	 532	fear	fear_20.png	
DEV	   1	  60	  11	   0	5.941469e+02	  74	  74	6.180075e-01	4.581053e+01	1131	fear	fear_3.png	
DEV	   1	  61	  11	   0	6.001780e+02	  75	  75	5.735873e-01	4.317983e+01	1355	fear	fear_14.png	
DEV	   1	  62	  11	   0	6.064926e+02	  73	  73	5.758626e-01	4.216567e+01	1343	fear	fear_19.png	
DEV	   1	  63	  11	   0	6.135980e+02	  73	  73	5.728315e-01	4.198841e+01	1359	fear	fear_5.png	
DEV	   1	  64	  11	   0	6.198758e+02	  75	  75	5.887835e-01	4.409299e+01	1276	fear	fear_3.png	
DEV	   1	  65	  11	   0	6.268412e+02	  83	   0	4.609788e-01	3.835549e+01	2053	fear	fear_1.png	
DEV	   1	  66	  11	   0	6.341781e+02	  75	  75	6.079391e-01	4.583270e+01	1180	fear	fear_19.png	
DEV	   1	  67	  11	   0	6.409626e+02	  70	   0	7.199289e-01	5.060462e+01	 679	fear	fear_7.png	
DEV	   1	  68	  11	   0	6.479373e+02	  74	  74	6.267933e-01	4.631634e+01	1089	fear	fear_9.png	
DEV	   1	  69	  11	   0	6.545163e+02	  79	  79	5.870264e-01	4.633619e+01	1285	fear	fear_16.png	
DEV	   1	  70	  11	   0	6.625812e+02	  79	   0	3.727926e-01	2.935421e+01	2848	fear	fear_4.png	
DEV	   1	  71	  11	   0	6.683021e+02	  74	  74	5.006797e-01	3.712846e+01	1779	fear	fear_10.png	
DEV	   1	  72	  11	   0	6.736893e+02	  76	   0	7.184728e-01	5.484430e+01	 685	fear	fear_21.png	
DEV	   1	  73	  11	   0	6.797559e+02	  74	  74	6.817935e-01	5.072228e+01	 840	fear	fear_17.png	
DEV	   1	  74	  11	   0	6.859606e+02	  74	  74	5.427944e-01	4.020512e+01	1524	fear	fear_5.png	
DEV	   1	  75	  11	   0	6.926834e+02	  76	  76	6.974247e-01	5.296980e+01	 773	fear	fear_6.png	
DEV	   1	  76	  11	   0	7.004115e+02	  72	  72	5.312283e-01	3.844363e+01	1591	fear	fear_12.png	
DEV	   1	  77	  11	   0	7.064166e+02	  79	   0	5.098084e-01	4.023375e+01	1721	fear	fear_20.png	
DEV	   1	  78	  11	   0	7.126475e+02	  74	  74	6.931914e-01	5.134609e+01	 791	fear	fear_8.png	
DEV	   1	  79	  11	   0	7.194359e+02	  74	  74	6.717171e-01	4.949016e+01	 884	fear	fear_11.png	
DEV	   1	  80	  11	   0	7.251547e+02	  78	  78	5.777677e-01	4.516565e+01	1333	fear	fear_18.png	
DEV	   1	  81	  11	   0	7.314664e+02	  75	  75	7.028697e-01	5.256987e+01	 750	fear	fear_2.png	
DEV	   1	  82	  11	   0	7.382437e+02	  77	   0	5.196927e-01	3.984181e+01	1660	fear	fear_13.png	
DEV	   1	  83	  11	   0	7.439081e+02	  75	  75	7.292123e-01	5.469946e+01	 641	fear	fear_14.png	
DEV	   1	  84	  11	   0	7.505341e+02	  79	   0	6.128461e-01	4.857527e+01	1156	fear	fear_15.png	
IEV	   1	  85	  10	   0	8.261852e+02	 129	   0	4.028828e-01	5.206808e+01	3874	happy	happy_19.png	
IEV	   1	  86	  10	   0	8.320967e+02	  16	  16	8.966537e-01	1.472156e+01	 335	happy	happy_18.png	
IEV	   1	  87	  10	   0	8.378494e+02	  24	  24	8.657742e-01	2.063725e+01	1038	happy	happy_12.png	
IEV	   1	  88	  10	   0	8.453327e+02	  30	  30	8.470946e-01	2.553111e+01	1271	happy	happy_14.png	
IEV	   1	  89	  10	   0	8.520153e+02	  44	  44	7.510901e-01	3.304073e+01	2062	happy	happy_17.png	
IEV	   1	  90	  10	   0	8.588481e+02	  78	  78	5.839167e-01	4.538151e+01	2998	happy	happy_5.png	
IEV	   1	  91	  10	   0	8.661547e+02	  79	   0	5.627954e-01	4.423091e+01	3103	happy	happy_8.png	
IEV	   1	  92	  10	   0	8.735351e+02	  73	  73	6.119358e-01	4.445260e+01	2856	happy	happy_13.png	
IEV	   1	  93	  10	   0	8.812379e+02	  73	  73	5.960366e-01	4.353451e+01	2937	happy	happy_6.png	
IEV	   1	  94	  10	   0	8.887171e+02	  66	  66	6.080318e-01	4.041286e+01	2876	happy	happy_15.png	
IEV	   1	  95	  10	   0	8.961737e+02	  77	  77	5.747016e-01	4.414387e+01	3044	happy	happy_2.png	
IEV	   1	  96	  10	   0	9.034689e+02	  65	  65	6.437252e-01	4.197375e+01	2690	happy	happy_7.png	
IEV	   1	  97	  10	   0	9.107060e+02	  71	  71	5.886993e-01	4.159295e+01	2974	happy	happy_4.png	
IEV	   1	  98	  10	   0	9.184163e+02	  70	  70	5.924727e-01	4.136614e+01	2955	happy	happy_10.png	
IEV	   1	  99	  10	   0	9.259470e+02	  72	   0	5.875054e-01	4.225187e+01	2980	happy	happy_21.png	
IEV	   1	 100	  10	   0	9.337012e+02	  74	  74	5.819188e-01	4.316014e+01	3008	happy	happy_20.png	
IEV	   1	 101	  10	   0	9.415485e+02	  78	   0	5.873063e-01	4.578740e+01	2981	happy	happy_9.png	
IEV	   1	 102	  10	   0	9.495269e+02	  76	  76	5.722876e-01	4.370464e+01	3056	happy	happy_16.png	
IEV	   1	 103	  10	   0	9.566408e+02	  71	  71	5.914808e-01	4.201740e+01	2960	happy	happy_3.png	
IEV	   1	 104	  10	   0	9.633397e+02	  64	  64	6.386338e-01	4.100438e+01	2717	happy	happy_11.png	
IEV	   1	 105	  10	   0	9.712022e+02	  77	   0	5.789162e-01	4.448887e+01	3023	happy	happy_1.png	
IEV	   1	 106	  10	   0	9.775415e+02	  23	  23	8.542574e-01	1.956033e+01	1188	happy	happy_21.png	
IEV	   1	 107	  10	   0	9.852098e+02	  66	  66	6.140766e-01	4.064862e+01	2845	happy	happy_10.png	
IEV	   1	 108	  10	   0	9.924591e+02	  74	  74	5.809186e-01	4.321718e+01	3013	happy	happy_8.png	
IEV	   1	 109	  10	   0	9.988068e+02	  71	  71	5.805184e-01	4.149842e+01	3015	happy	happy_1.png	
IEV	   1	 110	  10	   0	1.006231e+03	  67	  67	6.329392e-01	4.262193e+01	2747	happy	happy_9.png	
IEV	   1	 111	  10	   0	1.013065e+03	  78	   0	5.885004e-01	4.572436e+01	2975	happy	happy_11.png	
IEV	   1	 112	  10	   0	1.020683e+03	  72	  72	5.974196e-01	4.285848e+01	2930	happy	happy_19.png	
IEV	   1	 113	  10	   0	1.027877e+03	  68	  68	6.003777e-01	4.088547e+01	2915	happy	happy_2.png	
IEV	   1	 114	  10	   0	1.035396e+03	  78	  78	5.910838e-01	4.617848e+01	2962	happy	happy_5.png	
IEV	   1	 115	  10	   0	1.041999e+03	  71	  71	6.029350e-01	4.253717e+01	2902	happy	happy_6.png	
IEV	   1	 116	  10	   0	1.049081e+03	  78	   0	5.700713e-01	4.439850e+01	3067	happy	happy_20.png	
IEV	   1	 117	  10	   0	1.055816e+03	  76	  76	5.886993e-01	4.453644e+01	2974	happy	happy_13.png	
IEV	   1	 118	  10	   0	1.062970e+03	  72	   0	5.898922e-01	4.270121e+01	2968	happy	happy_18.png	
IEV	   1	 119	  10	   0	1.070385e+03	  67	   0	5.982092e-01	3.982166e+01	2926	happy	happy_7.png	
IEV	   1	 120	  10	   0	1.076865e+03	  28	  28	8.657034e-01	2.410959e+01	1039	happy	happy_17.png	
IEV	   1	 121	  10	   0	1.083852e+03	  39	  39	7.522990e-01	2.918098e+01	2054	happy	happy_4.png	
IEV	   1	 122	  10	   0	1.090769e+03	  61	   0	6.401458e-01	3.898985e+01	2709	happy	happy_14.png	
IEV	   1	 123	  10	   0	1.096952e+03	  20	  20	8.644165e-01	1.736160e+01	1057	happy	happy_3.png	
IEV	   1	 124	  10	   0	1.103943e+03	  31	  31	8.002346e-01	2.474242e+01	1707	happy	happy_15.png	
IEV	   1	 125	  10	   0	1.110466e+03	  45	   0	7.386021e-01	3.329835e+01	2143	happy	happy_12.png	
IEV	   1	 126	  10	   0	1.119002e+03	 123	   0	4.249297e-01	5.206850e+01	3768	happy	happy_16.png	
CEVR	   1	 127	   9	   0	1.194921e+03	 124	   0	3.093645e-01	3.823746e+01	2114	fear	fear_10.png	
CEVR	   1	 128	   9	   0	1.200716e+03	 151	 151	2.484174e-01	3.749683e+01	1087	fear	fear_16.png	
CEVR	   1	 129	   9	   0	1.206743e+03	 148	   0	2.416947e-01	3.579153e+01	 942	fear	fear_2.png	
CEVR	   1	 130	   9	   0	1.212976e+03	 140	   0	2.635328e-01	  37	1386	fear	fear_15.png	
CEVR	   1	 131	   9	   0	1.218596e+03	 168	   0	2.250999e-01	3.790040e+01	 547	fear	fear_21.png	
CEVR	   1	 132	   9	   0	1.225395e+03	 150	   0	2.487992e-01	3.724880e+01	1095	fear	fear_5.png	
CEVR	   1	 133	   9	   0	1.232667e+03	  96	   0	3.973612e-01	3.819208e+01	3041	fear	fear_11.png	
CEVR	   1	 134	   9	   0	1.240366e+03	 106	 106	3.380318e-01	3.598590e+01	2469	fear	fear_8.png	
CEVR	   1	 135	   9	   0	1.247805e+03	 111	 111	3.466274e-01	3.838651e+01	2564	fear	fear_6.png	
CEVR	   1	 136	   9	   0	1.255049e+03	 105	 105	3.507584e-01	3.700000e+01	2608	fear	fear_18.png	
CEVR	   1	 137	   9	   0	1.262904e+03	  89	   0	4.409261e-01	3.920463e+01	3363	fear	fear_13.png	
CEVR	   1	 138	   9	   0	1.269350e+03	 106	   0	3.474644e-01	3.700000e+01	2573	fear	fear_1.png	
CEVR	   1	 139	   9	   0	1.276626e+03	 118	   0	3.033497e-01	3.578660e+01	2031	fear	fear_3.png	
CEVR	   1	 140	   9	   0	1.283522e+03	 104	 104	3.406998e-01	3.529650e+01	2499	fear	fear_20.png	
CEVR	   1	 141	   9	   0	1.289886e+03	 111	 111	3.327338e-01	3.700000e+01	2408	fear	fear_17.png	
CEVR	   1	 142	   9	   0	1.297554e+03	 114	   0	3.334192e-01	3.800026e+01	2416	fear	fear_19.png	
CEVR	   1	 143	   9	   0	1.304314e+03	 113	 113	3.333333e-01	3.766667e+01	2415	fear	fear_12.png	
CEVR	   1	 144	   9	   0	1.311807e+03	 111	   0	3.398058e-01	3.767961e+01	2489	fear	fear_7.png	
CEVR	   1	 145	   9	   0	1.317800e+03	 143	   0	2.678387e-01	3.833919e+01	1465	fear	fear_9.png	
CEVR	   1	 146	   9	   0	1.323916e+03	 163	   0	2.311674e-01	3.769350e+01	 698	fear	fear_4.png	
CEVR	   1	 147	   9	   0	1.329938e+03	 146	   0	2.508718e-01	3.674913e+01	1138	fear	fear_14.png	
CEVR	   1	 148	   9	   0	1.337635e+03	 111	 111	3.214197e-01	3.571432e+01	2271	fear	fear_21.png	
CEVR	   1	 149	   9	   0	1.344685e+03	 115	   0	3.140155e-01	3.605795e+01	2176	fear	fear_7.png	
CEVR	   1	 150	   9	   0	1.351996e+03	 112	   0	3.398058e-01	3.801942e+01	2489	fear	fear_18.png	
CEVR	   1	 151	   9	   0	1.359674e+03	  67	  67	5.240793e-01	3.490368e+01	3829	fear	fear_3.png	
CEVR	   1	 152	   9	   0	1.367635e+03	  71	  71	5.175859e-01	3.700000e+01	3798	fear	fear_19.png	
CEVR	   1	 153	   9	   0	1.374527e+03	  89	   0	4.264076e-01	3.785282e+01	3263	fear	fear_12.png	
CEVR	   1	 154	   9	   0	1.381005e+03	 136	   0	2.680604e-01	3.646388e+01	1469	fear	fear_16.png	
CEVR	   1	 155	   9	   0	1.387118e+03	 121	   0	2.937840e-01	3.553108e+01	1892	fear	fear_2.png	
CEVR	   1	 156	   9	   0	1.392735e+03	 157	 157	2.313326e-01	3.630600e+01	 702	fear	fear_15.png	
CEVR	   1	 157	   9	   0	1.399128e+03	 160	 160	2.294472e-01	3.677055e+01	 656	fear	fear_1.png	
CEVR	   1	 158	   9	   0	1.405905e+03	 161	   0	2.294879e-01	3.700000e+01	 657	fear	fear_13.png	
CEVR	   1	 159	   9	   0	1.412130e+03	 164	   0	2.327462e-01	3.816373e+01	 736	fear	fear_6.png	
CEVR	   1	 160	   9	   0	1.419147e+03	 139	   0	2.590000e-01	3.596400e+01	1300	fear	fear_11.png	
CEVR	   1	 161	   9	   0	1.425415e+03	 120	   0	3.021465e-01	3.639571e+01	2014	fear	fear_17.png	
CEVR	   1	 162	   9	   0	1.432775e+03	 106	   0	3.499054e-01	3.700000e+01	2599	fear	fear_9.png	
CEVR	   1	 163	   9	   0	1.440166e+03	  92	   0	3.985842e-01	3.660142e+01	3051	fear	fear_8.png	
CEVR	   1	 164	   9	   0	1.447330e+03	 149	   0	2.454511e-01	3.650910e+01	1024	fear	fear_10.png	
CEVR	   1	 165	   9	   0	1.453975e+03	 137	   0	2.746554e-01	3.754931e+01	1585	fear	fear_20.png	
CEVR	   1	 166	   9	   0	1.460794e+03	 110	   0	3.411486e-01	3.768230e+01	2504	fear	fear_14.png	
CEVR	   1	 167	   9	   0	1.466946e+03	 131	 131	2.757079e-01	3.617288e+01	1603	fear	fear_4.png	
CEVR	   1	 168	   9	   0	1.474623e+03	 139	 139	2.767094e-01	3.838355e+01	1620	fear	fear_5.png	
DEV	   1	 169	   8	   0	1.547966e+03	  74	   0	4.573603e-01	3.398282e+01	2080	scram	scram_13.png	
DEV	   1	 170	   8	   0	1.553058e+03	  73	  73	8.239888e-01	5.999801e+01	 274	scram	scram_11.png	
DEV	   1	 171	   8	   0	1.560031e+03	  72	  72	6.355082e-01	4.554196e+01	1048	scram	scram_9.png	
DEV	   1	 172	   8	   0	1.567325e+03	  81	   0	4.123482e-01	3.321792e+01	2452	scram	scram_16.png	
DEV	   1	 173	   8	   0	1.575141e+03	  80	   0	3.177895e-01	2.557214e+01	3517	scram	scram_3.png	
DEV	   1	 174	   8	   0	1.581112e+03	  74	  74	6.920199e-01	5.128248e+01	 796	scram	scram_10.png	
DEV	   1	 175	   8	   0	1.587140e+03	  70	  70	7.023947e-01	4.903205e+01	 752	scram	scram_20.png	
DEV	   1	 176	   8	   0	1.593320e+03	  73	  73	6.859590e-01	5.026557e+01	 822	scram	scram_4.png	
DEV	   1	 177	   8	   0	1.600380e+03	  76	  76	6.067198e-01	4.636682e+01	1186	scram	scram_17.png	
DEV	   1	 178	   8	   0	1.607155e+03	  77	   0	4.943830e-01	3.822577e+01	1820	scram	scram_8.png	
DEV	   1	 179	   8	   0	1.614236e+03	  70	  70	7.294580e-01	5.106516e+01	 640	scram	scram_19.png	
DEV	   1	 180	   8	   0	1.621033e+03	  74	  74	6.785710e-01	5.054395e+01	 854	scram	scram_21.png	
DEV	   1	 181	   8	   0	1.627122e+03	  78	   0	6.350799e-01	4.932901e+01	1050	scram	scram_15.png	
DEV	   1	 182	   8	   0	1.633376e+03	  80	  80	5.008349e-01	4.014295e+01	1778	scram	scram_1.png	
DEV	   1	 183	   8	   0	1.639516e+03	  77	  77	5.737765e-01	4.433883e+01	1354	scram	scram_12.png	
DEV	   1	 184	   8	   0	1.645780e+03	  80	   0	5.668323e-01	4.560392e+01	1391	scram	scram_7.png	
DEV	   1	 185	   8	   0	1.654239e+03	  87	  87	3.098805e-01	2.686977e+01	3620	scram	scram_14.png	
DEV	   1	 186	   8	   0	1.661075e+03	  84	  84	3.294120e-01	2.770572e+01	3367	scram	scram_2.png	
DEV	   1	 187	   8	   0	1.667919e+03	  81	  81	3.602014e-01	2.922451e+01	2990	scram	scram_18.png	
DEV	   1	 188	   8	   0	1.674735e+03	  78	  78	3.876056e-01	3.034518e+01	2691	scram	scram_5.png	
DEV	   1	 189	   8	   0	1.682442e+03	  82	  82	3.336540e-01	2.735060e+01	3313	scram	scram_6.png	
DEV	   1	 190	   8	   0	1.689220e+03	  82	   0	3.926482e-01	3.225105e+01	2640	scram	scram_8.png	
DEV	   1	 191	   8	   0	1.696337e+03	  85	   0	3.353150e-01	2.847511e+01	3292	scram	scram_7.png	
DEV	   1	 192	   8	   0	1.702434e+03	  73	  73	7.270041e-01	5.312844e+01	 650	scram	scram_15.png	
DEV	   1	 193	   8	   0	1.709969e+03	  80	   0	3.018152e-01	2.413020e+01	3725	scram	scram_16.png	
DEV	   1	 194	   8	   0	1.716568e+03	  73	  73	6.788007e-01	4.987789e+01	 853	scram	scram_2.png	
DEV	   1	 195	   8	   0	1.723000e+03	  75	   0	5.741551e-01	4.321418e+01	1352	scram	scram_18.png	
DEV	   1	 196	   8	   0	1.729016e+03	  75	   0	7.076370e-01	5.282814e+01	 730	scram	scram_3.png	
DEV	   1	 197	   8	   0	1.735840e+03	  83	  83	3.333384e-01	2.766139e+01	3317	scram	scram_6.png	
DEV	   1	 198	   8	   0	1.743236e+03	  80	   0	3.078090e-01	2.455467e+01	3647	scram	scram_20.png	
DEV	   1	 199	   8	   0	1.751103e+03	  83	  83	4.433843e-01	3.666043e+01	2188	scram	scram_13.png	
DEV	   1	 200	   8	   0	1.758436e+03	  77	  77	4.021656e-01	3.090838e+01	2547	scram	scram_9.png	
DEV	   1	 201	   8	   0	1.764599e+03	  74	  74	5.271729e-01	3.925943e+01	1615	scram	scram_5.png	
DEV	   1	 202	   8	   0	1.771788e+03	  77	   0	5.248284e-01	4.016614e+01	1629	scram	scram_11.png	
DEV	   1	 203	   8	   0	1.778793e+03	  80	   0	4.294607e-01	3.438706e+01	2302	scram	scram_19.png	
DEV	   1	 204	   8	   0	1.787038e+03	  84	   0	3.151758e-01	2.633265e+01	3551	scram	scram_4.png	
DEV	   1	 205	   8	   0	1.793778e+03	  74	   0	7.076370e-01	5.212051e+01	 730	scram	scram_1.png	
DEV	   1	 206	   8	   0	1.800794e+03	  77	   0	4.314850e-01	3.323019e+01	2285	scram	scram_14.png	
DEV	   1	 207	   8	   0	1.808676e+03	  81	   0	3.442211e-01	2.775747e+01	3181	scram	scram_10.png	
DEV	   1	 208	   8	   0	1.814773e+03	  74	  74	7.265142e-01	5.382991e+01	 652	scram	scram_21.png	
DEV	   1	 209	   8	   0	1.820692e+03	  69	  69	7.597166e-01	5.246441e+01	 519	scram	scram_12.png	
DEV	   1	 210	   8	   0	1.827242e+03	  75	   0	6.927226e-01	5.201337e+01	 793	scram	scram_17.png	
CEVR	   1	 211	   7	   0	1.899610e+03	 118	   0	3.093645e-01	3.638127e+01	2114	happy	happy_21.png	
CEVR	   1	 212	   7	   0	1.906696e+03	  78	  78	4.884949e-01	3.797699e+01	3649	happy	happy_16.png	
CEVR	   1	 213	   7	   0	1.912862e+03	 158	   0	2.354117e-01	3.723541e+01	 799	happy	happy_9.png	
CEVR	   1	 214	   7	   0	1.919006e+03	 128	 128	2.986624e-01	3.819465e+01	1964	happy	happy_10.png	
CEVR	   1	 215	   7	   0	1.926340e+03	 119	   0	3.109990e-01	3.700000e+01	2136	happy	happy_8.png	
CEVR	   1	 216	   7	   0	1.933343e+03	 120	   0	3.076740e-01	  37	2091	happy	happy_7.png	
CEVR	   1	 217	   7	   0	1.940884e+03	  93	   0	3.886555e-01	3.622269e+01	2968	happy	happy_13.png	
CEVR	   1	 218	   7	   0	1.947279e+03	 150	 150	2.464320e-01	  37	1045	happy	happy_14.png	
CEVR	   1	 219	   7	   0	1.953928e+03	 132	   0	2.744225e-01	3.617673e+01	1581	happy	happy_17.png	
CEVR	   1	 220	   7	   0	1.962213e+03	  93	  93	3.985842e-01	3.700000e+01	3051	happy	happy_20.png	
CEVR	   1	 221	   7	   0	1.968324e+03	 124	   0	2.925232e-01	3.641495e+01	1873	happy	happy_6.png	
CEVR	   1	 222	   7	   0	1.974130e+03	 147	   0	2.469018e-01	3.625929e+01	1055	happy	happy_1.png	
CEVR	   1	 223	   7	   0	1.981626e+03	 118	   0	3.069448e-01	3.607917e+01	2081	happy	happy_19.png	
CEVR	   1	 224	   7	   0	1.987982e+03	 104	   0	3.492449e-01	3.630151e+01	2592	happy	happy_2.png	
CEVR	   1	 225	   7	   0	1.995872e+03	  78	  78	4.572740e-01	3.562818e+01	3468	happy	happy_11.png	
CEVR	   1	 226	   7	   0	2.003485e+03	 127	   0	2.822581e-01	3.587097e+01	1712	happy	happy_3.png	
CEVR	   1	 227	   7	   0	2.011130e+03	  92	   0	4.112417e-01	3.782248e+01	3151	happy	happy_5.png	
CEVR	   1	 228	   7	   0	2.017785e+03	 116	   0	3.152386e-01	3.668476e+01	2192	happy	happy_12.png	
CEVR	   1	 229	   7	   0	2.023363e+03	 140	   0	2.659138e-01	3.726591e+01	1430	happy	happy_18.png	
CEVR	   1	 230	   7	   0	2.030859e+03	  88	   0	4.262673e-01	3.742627e+01	3262	happy	happy_4.png	
CEVR	   1	 231	   7	   0	2.037222e+03	 160	   0	2.269143e-01	3.631926e+01	 593	happy	happy_15.png	
CEVR	   1	 232	   7	   0	2.044409e+03	 131	 131	2.767685e-01	3.616969e+01	1621	happy	happy_20.png	
CEVR	   1	 233	   7	   0	2.051626e+03	 122	   0	3.060742e-01	3.730607e+01	2069	happy	happy_15.png	
CEVR	   1	 234	   7	   0	2.057696e+03	 162	   0	2.280733e-01	  37	 622	happy	happy_2.png	
CEVR	   1	 235	   7	   0	2.065085e+03	  96	  96	3.990755e-01	3.819723e+01	3055	happy	happy_8.png	
CEVR	   1	 236	   7	   0	2.073188e+03	  78	  78	4.881266e-01	3.797625e+01	3647	happy	happy_18.png	
CEVR	   1	 237	   7	   0	2.081314e+03	  83	   0	4.606901e-01	3.838207e+01	3489	happy	happy_21.png	
CEVR	   1	 238	   7	   0	2.087909e+03	 113	   0	3.212602e-01	3.635748e+01	2269	happy	happy_12.png	
CEVR	   1	 239	   7	   0	2.094516e+03	 151	   0	2.471846e-01	3.724718e+01	1061	happy	happy_4.png	
CEVR	   1	 240	   7	   0	2.102233e+03	  78	  78	4.973118e-01	3.898925e+01	3696	happy	happy_13.png	
CEVR	   1	 241	   7	   0	2.109548e+03	 107	 107	3.408792e-01	3.631824e+01	2501	happy	happy_19.png	
CEVR	   1	 242	   7	   0	2.116524e+03	 121	   0	3.175576e-01	3.827023e+01	2222	happy	happy_11.png	
CEVR	   1	 243	   7	   0	2.123799e+03	  72	   0	5.171725e-01	3.700000e+01	3796	happy	happy_16.png	
CEVR	   1	 244	   7	   0	2.130877e+03	  94	   0	3.920678e-01	  37	2997	happy	happy_6.png	
CEVR	   1	 245	   7	   0	2.137833e+03	 124	   0	2.972911e-01	  37	1944	happy	happy_17.png	
CEVR	   1	 246	   7	   0	2.145072e+03	  74	   0	5.031080e-01	3.700000e+01	3726	happy	happy_14.png	
CEVR	   1	 247	   7	   0	2.152875e+03	 101	 101	3.556715e-01	3.593299e+01	2659	happy	happy_7.png	
CEVR	   1	 248	   7	   0	2.159903e+03	 110	 110	3.248871e-01	3.570045e+01	2314	happy	happy_9.png	
CEVR	   1	 249	   7	   0	2.165724e+03	 147	   0	2.499517e-01	3.675005e+01	1119	happy	happy_1.png	
CEVR	   1	 250	   7	   0	2.173415e+03	 115	   0	3.177134e-01	3.668229e+01	2224	happy	happy_10.png	
CEVR	   1	 251	   7	   0	2.179920e+03	 150	   0	2.484651e-01	3.724847e+01	1088	happy	happy_3.png	
CEVR	   1	 252	   7	   0	2.187439e+03	 107	   0	3.576360e-01	3.843054e+01	2679	happy	happy_5.png	
#09-May-2013
IEV	   2	 253	   6	   0	1.801319e+01	  45	  45	7.539538e-01	3.356140e+01	2043	scram	scram_3.png	
IEV	   2	 254	   6	   0	2.424877e+01	  24	  24	8.605512e-01	2.046632e+01	1109	scram	scram_17.png	
IEV	   2	 255	   6	   0	3.062248e+01	  72	  72	5.863103e-01	4.232199e+01	2986	scram	scram_18.png	
IEV	   2	 256	   6	   0	3.793230e+01	  77	  77	5.662355e-01	4.347512e+01	3086	scram	scram_2.png	
IEV	   2	 257	   6	   0	4.622041e+01	 127	   0	4.168059e-01	5.278761e+01	3807	scram	scram_13.png	
IEV	   2	 258	   6	   0	5.180842e+01	  28	  28	8.649201e-01	2.421167e+01	1050	scram	scram_9.png	
IEV	   2	 259	   6	   0	5.947588e+01	  70	  70	6.214363e-01	4.329636e+01	2807	scram	scram_8.png	
IEV	   2	 260	   6	   0	6.710845e+01	  75	   0	5.960366e-01	4.472658e+01	2937	scram	scram_7.png	
IEV	   2	 261	   6	   0	7.532398e+01	 131	 131	3.970793e-01	5.188670e+01	3902	scram	scram_4.png	
IEV	   2	 262	   6	   0	8.353232e+01	 133	   0	4.014310e-01	5.332664e+01	3881	scram	scram_14.png	
IEV	   2	 263	   6	   0	8.954068e+01	  23	  23	8.617639e-01	1.944571e+01	1093	scram	scram_12.png	
IEV	   2	 264	   6	   0	9.648044e+01	  31	   0	8.189922e-01	2.526367e+01	1549	scram	scram_1.png	
IEV	   2	 265	   6	   0	1.044216e+02	 122	 122	4.303517e-01	5.229348e+01	3742	scram	scram_10.png	
IEV	   2	 266	   6	   0	1.115290e+02	 116	   0	4.495641e-01	5.201114e+01	3650	scram	scram_16.png	
IEV	   2	 267	   6	   0	1.187460e+02	  88	   0	5.284457e-01	4.658027e+01	3271	scram	scram_20.png	
IEV	   2	 268	   6	   0	1.248369e+02	  25	  25	8.647047e-01	2.164550e+01	1053	scram	scram_11.png	
IEV	   2	 269	   6	   0	1.310875e+02	  54	  54	6.728299e-01	3.610735e+01	2532	scram	scram_21.png	
IEV	   2	 270	   6	   0	1.385821e+02	  44	   0	7.572380e-01	3.329483e+01	2021	scram	scram_6.png	
IEV	   2	 271	   6	   0	1.462144e+02	  83	  83	5.617822e-01	4.653361e+01	3108	scram	scram_5.png	
IEV	   2	 272	   6	   0	1.538471e+02	  62	  62	6.422201e-01	4.013848e+01	2698	scram	scram_19.png	
IEV	   2	 273	   6	   0	1.611912e+02	  25	  25	8.386887e-01	2.060664e+01	1361	scram	scram_15.png	
IEV	   2	 274	   6	   0	1.693922e+02	  90	  90	5.284457e-01	4.763716e+01	3271	scram	scram_12.png	
IEV	   2	 275	   6	   0	1.766977e+02	  67	  67	6.066620e-01	4.049797e+01	2883	scram	scram_14.png	
IEV	   2	 276	   6	   0	1.829925e+02	  17	  17	8.793977e-01	1.516044e+01	 818	scram	scram_18.png	
IEV	   2	 277	   6	   0	1.909267e+02	  44	  44	7.698861e-01	3.378374e+01	1934	scram	scram_6.png	
IEV	   2	 278	   6	   0	1.983980e+02	 125	   0	4.238875e-01	5.295542e+01	3773	scram	scram_4.png	
IEV	   2	 279	   6	   0	2.050489e+02	  52	   0	7.021733e-01	3.676657e+01	2365	scram	scram_7.png	
IEV	   2	 280	   6	   0	2.119272e+02	  30	   0	8.543403e-01	2.553021e+01	1187	scram	scram_5.png	
IEV	   2	 281	   6	   0	2.191856e+02	 131	   0	3.879805e-01	5.067543e+01	3946	scram	scram_8.png	
IEV	   2	 282	   6	   0	2.263304e+02	  45	   0	7.421936e-01	3.375387e+01	2120	scram	scram_17.png	
IEV	   2	 283	   6	   0	2.331627e+02	  80	  80	5.615795e-01	4.485916e+01	3109	scram	scram_15.png	
IEV	   2	 284	   6	   0	2.408295e+02	  62	  62	6.606372e-01	4.092544e+01	2599	scram	scram_13.png	
IEV	   2	 285	   6	   0	2.483799e+02	  81	   0	5.577233e-01	4.506568e+01	3128	scram	scram_3.png	
IEV	   2	 286	   6	   0	2.550982e+02	  36	   0	8.021004e-01	2.856628e+01	1692	scram	scram_9.png	
IEV	   2	 287	   6	   0	2.621679e+02	  75	  75	5.900909e-01	4.445995e+01	2967	scram	scram_10.png	
IEV	   2	 288	   6	   0	2.696814e+02	 127	   0	4.018458e-01	5.090133e+01	3879	scram	scram_11.png	
IEV	   2	 289	   6	   0	2.759805e+02	  20	  20	8.642719e-01	1.738145e+01	1059	scram	scram_16.png	
IEV	   2	 290	   6	   0	2.818191e+02	  27	  27	8.619889e-01	2.286380e+01	1090	scram	scram_21.png	
IEV	   2	 291	   6	   0	2.880439e+02	  22	   0	8.923390e-01	2.004772e+01	 508	scram	scram_19.png	
IEV	   2	 292	   6	   0	2.946701e+02	  31	  31	8.433477e-01	2.595857e+01	1312	scram	scram_20.png	
IEV	   2	 293	   6	   0	3.014521e+02	  37	  37	8.102176e-01	3.021090e+01	1625	scram	scram_2.png	
IEV	   2	 294	   6	   0	3.084036e+02	  35	  35	7.707381e-01	2.677657e+01	1928	scram	scram_1.png	
CEV	   2	 295	   5	   0	3.791643e+02	  64	  64	6.124286e-01	3.944971e+01	2013	happy	happy_14.png	
CEV	   2	 296	   5	   0	3.846299e+02	  53	  53	7.352857e-01	3.920586e+01	1153	happy	happy_20.png	
CEV	   2	 297	   5	   0	3.908552e+02	  62	   0	6.040000e-01	3.760400e+01	2072	happy	happy_1.png	
CEV	   2	 298	   5	   0	3.977917e+02	  76	   0	4.580000e-01	3.471000e+01	3094	happy	happy_10.png	
CEV	   2	 299	   5	   0	4.051511e+02	  53	  53	6.797143e-01	3.632029e+01	1542	happy	happy_8.png	
CEV	   2	 300	   5	   0	4.112804e+02	  46	  46	7.970000e-01	  37	 721	happy	happy_21.png	
CEV	   2	 301	   5	   0	4.186040e+02	  64	  64	5.432857e-01	3.482686e+01	2497	happy	happy_16.png	
CEV	   2	 302	   5	   0	4.255716e+02	  74	  74	4.772857e-01	3.509086e+01	2959	happy	happy_6.png	
CEV	   2	 303	   5	   0	4.322974e+02	  45	  45	7.427143e-01	3.328643e+01	1101	happy	happy_19.png	
CEV	   2	 304	   5	   0	4.399331e+02	  57	  57	6.298571e-01	3.574029e+01	1891	happy	happy_4.png	
CEV	   2	 305	   5	   0	4.470959e+02	  54	  54	7.132857e-01	3.842657e+01	1307	happy	happy_11.png	
CEV	   2	 306	   5	   0	4.534133e+02	  50	  50	7.454286e-01	  37	1082	happy	happy_12.png	
CEV	   2	 307	   5	   0	4.598112e+02	  59	  59	5.840000e-01	3.466400e+01	2212	happy	happy_13.png	
CEV	   2	 308	   5	   0	4.676254e+02	 102	   0	3.788571e-01	3.851543e+01	3648	happy	happy_2.png	
CEV	   2	 309	   5	   0	4.738631e+02	  52	  52	6.814286e-01	3.563714e+01	1530	happy	happy_5.png	
CEV	   2	 310	   5	   0	4.806750e+02	  47	  47	8.044286e-01	3.780443e+01	 669	happy	happy_3.png	
CEV	   2	 311	   5	   0	4.877872e+02	  79	  79	4.598571e-01	3.654014e+01	3081	happy	happy_17.png	
CEV	   2	 312	   5	   0	4.946043e+02	  53	  53	7.512857e-01	4.000514e+01	1041	happy	happy_15.png	
CEV	   2	 313	   5	   0	5.003072e+02	  49	  49	6.965714e-01	3.421371e+01	1424	happy	happy_18.png	
CEV	   2	 314	   5	   0	5.070907e+02	  67	   0	5.274286e-01	3.541771e+01	2608	happy	happy_7.png	
CEV	   2	 315	   5	   0	5.132338e+02	  55	  55	6.802857e-01	3.768029e+01	1538	happy	happy_9.png	
CEV	   2	 316	   5	   0	5.198548e+02	  52	  52	7.737143e-01	4.009486e+01	 884	happy	happy_21.png	
CEV	   2	 317	   5	   0	5.268884e+02	  74	  74	5.168571e-01	3.803371e+01	2682	happy	happy_10.png	
CEV	   2	 318	   5	   0	5.334121e+02	  55	   0	7.192857e-01	3.987714e+01	1265	happy	happy_16.png	
CEV	   2	 319	   5	   0	5.403960e+02	  65	   0	6.165714e-01	4.008286e+01	1984	happy	happy_14.png	
CEV	   2	 320	   5	   0	5.472623e+02	  72	  72	5.324286e-01	3.859729e+01	2573	happy	happy_1.png	
CEV	   2	 321	   5	   0	5.552215e+02	  98	   0	3.665714e-01	3.590029e+01	3734	happy	happy_5.png	
CEV	   2	 322	   5	   0	5.632207e+02	  57	  57	6.101429e-01	3.455943e+01	2029	happy	happy_4.png	
CEV	   2	 323	   5	   0	5.704000e+02	  82	  82	4.757143e-01	3.890286e+01	2970	happy	happy_2.png	
CEV	   2	 324	   5	   0	5.787369e+02	 105	 105	3.450000e-01	3.631000e+01	3885	happy	happy_6.png	
CEV	   2	 325	   5	   0	5.855142e+02	  52	  52	7.048571e-01	  37	1366	happy	happy_17.png	
CEV	   2	 326	   5	   0	5.921274e+02	  74	   0	4.660000e-01	3.467000e+01	3038	happy	happy_9.png	
CEV	   2	 327	   5	   0	5.991331e+02	  59	   0	6.392857e-01	3.763929e+01	1825	happy	happy_20.png	
CEV	   2	 328	   5	   0	6.059314e+02	  42	  42	8.380000e-01	3.532400e+01	 434	happy	happy_3.png	
CEV	   2	 329	   5	   0	6.129447e+02	  71	  71	4.902857e-01	3.503886e+01	2868	happy	happy_7.png	
CEV	   2	 330	   5	   0	6.190472e+02	  58	  58	6.655714e-01	3.833114e+01	1641	happy	happy_12.png	
CEV	   2	 331	   5	   0	6.274492e+02	  83	  83	4.668571e-01	3.886743e+01	3032	happy	happy_11.png	
CEV	   2	 332	   5	   0	6.337578e+02	  66	  66	6.102857e-01	4.005143e+01	2028	happy	happy_8.png	
CEV	   2	 333	   5	   0	6.402261e+02	  46	   0	8.461429e-01	3.869229e+01	 377	happy	happy_13.png	
CEV	   2	 334	   5	   0	6.474995e+02	  55	  55	6.462857e-01	3.570743e+01	1776	happy	happy_18.png	
CEV	   2	 335	   5	   0	6.546089e+02	  80	   0	4.625714e-01	3.700000e+01	3062	happy	happy_15.png	
CEV	   2	 336	   5	   0	6.610629e+02	  53	  53	7.347143e-01	3.920414e+01	1157	happy	happy_19.png	
CEVR	   2	 337	   4	   0	7.312037e+02	  91	  91	3.926622e-01	3.582201e+01	3002	scram	scram_12.png	
CEVR	   2	 338	   4	   0	7.378551e+02	 120	   0	2.974277e-01	3.581029e+01	1946	scram	scram_20.png	
CEVR	   2	 339	   4	   0	7.452773e+02	 148	 148	2.466667e-01	3.650667e+01	1050	scram	scram_6.png	
CEVR	   2	 340	   4	   0	7.522379e+02	  99	   0	3.625420e-01	3.591237e+01	2728	scram	scram_17.png	
CEVR	   2	 341	   4	   0	7.586924e+02	 156	   0	2.404382e-01	3.748088e+01	 914	scram	scram_19.png	
CEVR	   2	 342	   4	   0	7.651984e+02	 126	 126	3.024288e-01	3.820972e+01	2018	scram	scram_14.png	
CEVR	   2	 343	   4	   0	7.734077e+02	  73	   0	5.234438e-01	3.804689e+01	3826	scram	scram_3.png	
CEVR	   2	 344	   4	   0	7.793393e+02	 156	 156	2.382705e-01	3.723827e+01	 865	scram	scram_13.png	
CEVR	   2	 345	   4	   0	7.866771e+02	  80	  80	4.661627e-01	3.746616e+01	3522	scram	scram_7.png	
CEVR	   2	 346	   4	   0	7.930461e+02	 126	 126	2.841782e-01	3.586329e+01	1743	scram	scram_2.png	
CEVR	   2	 347	   4	   0	8.003518e+02	 103	 103	3.730913e-01	3.849237e+01	2829	scram	scram_11.png	
CEVR	   2	 348	   4	   0	8.080022e+02	  99	  99	3.611266e-01	3.591662e+01	2714	scram	scram_18.png	
CEVR	   2	 349	   4	   0	8.152454e+02	  79	  79	4.606901e-01	3.653931e+01	3489	scram	scram_21.png	
CEVR	   2	 350	   4	   0	8.229060e+02	  88	  88	4.400272e-01	3.876011e+01	3357	scram	scram_10.png	
CEVR	   2	 351	   4	   0	8.297483e+02	  87	  87	4.071047e-01	3.537158e+01	3119	scram	scram_9.png	
CEVR	   2	 352	   4	   0	8.357835e+02	 131	 131	2.823812e-01	3.700000e+01	1714	scram	scram_5.png	
CEVR	   2	 353	   4	   0	8.426203e+02	 120	   0	3.230232e-01	3.861512e+01	2291	scram	scram_1.png	
CEVR	   2	 354	   4	   0	8.494010e+02	 150	 150	2.426912e-01	3.651462e+01	 964	scram	scram_4.png	
CEVR	   2	 355	   4	   0	8.564139e+02	  97	  97	3.728765e-01	3.625425e+01	2827	scram	scram_8.png	
CEVR	   2	 356	   4	   0	8.642677e+02	 103	   0	3.606238e-01	3.700000e+01	2709	scram	scram_15.png	
CEVR	   2	 357	   4	   0	8.717195e+02	 120	 120	3.104027e-01	3.731040e+01	2128	scram	scram_16.png	
CEVR	   2	 358	   4	   0	8.794377e+02	 102	   0	3.500946e-01	3.559962e+01	2601	scram	scram_6.png	
CEVR	   2	 359	   4	   0	8.867353e+02	 138	   0	2.770053e-01	3.810802e+01	1625	scram	scram_7.png	
CEVR	   2	 360	   4	   0	8.925023e+02	 155	   0	2.326208e-01	3.606952e+01	 733	scram	scram_1.png	
CEVR	   2	 361	   4	   0	8.999000e+02	 115	 115	3.154689e-01	3.636906e+01	2195	scram	scram_16.png	
CEVR	   2	 362	   4	   0	9.072132e+02	 107	 107	3.523810e-01	3.770476e+01	2625	scram	scram_15.png	
CEVR	   2	 363	   4	   0	9.137785e+02	 114	   0	3.105516e-01	3.544724e+01	2130	scram	scram_10.png	
CEVR	   2	 364	   4	   0	9.213041e+02	  87	   0	4.295191e-01	3.742952e+01	3285	scram	scram_18.png	
CEVR	   2	 365	   4	   0	9.279816e+02	 137	   0	2.736108e-01	3.754722e+01	1567	scram	scram_8.png	
CEVR	   2	 366	   4	   0	9.347573e+02	 122	 122	3.119730e-01	3.793592e+01	2149	scram	scram_13.png	
CEVR	   2	 367	   4	   0	9.416285e+02	 155	   0	2.423278e-01	3.748466e+01	 956	scram	scram_20.png	
CEVR	   2	 368	   4	   0	9.500944e+02	  71	  71	5.116555e-01	3.648834e+01	3769	scram	scram_12.png	
CEVR	   2	 369	   4	   0	9.570654e+02	 133	   0	2.838667e-01	3.785160e+01	1738	scram	scram_17.png	
CEVR	   2	 370	   4	   0	9.640291e+02	 109	   0	3.429555e-01	3.734296e+01	2524	scram	scram_14.png	
CEVR	   2	 371	   4	   0	9.712211e+02	  79	  79	4.459366e-01	3.521625e+01	3396	scram	scram_3.png	
CEVR	   2	 372	   4	   0	9.781829e+02	 107	   0	3.457021e-01	3.700000e+01	2554	scram	scram_21.png	
CEVR	   2	 373	   4	   0	9.853757e+02	 122	   0	3.143204e-01	3.825728e+01	2180	scram	scram_5.png	
CEVR	   2	 374	   4	   0	9.910723e+02	 148	 148	2.532760e-01	3.750655e+01	1187	scram	scram_19.png	
CEVR	   2	 375	   4	   0	9.981846e+02	 107	 107	3.335909e-01	3.566564e+01	2418	scram	scram_9.png	
CEVR	   2	 376	   4	   0	1.006207e+03	  85	   0	4.510623e-01	3.835319e+01	3429	scram	scram_4.png	
CEVR	   2	 377	   4	   0	1.013347e+03	  93	  93	4.062108e-01	3.781242e+01	3112	scram	scram_2.png	
CEVR	   2	 378	   4	   0	1.019506e+03	 155	 155	2.419656e-01	3.748393e+01	 948	scram	scram_11.png	
IEV	   2	 379	   3	   0	1.091255e+03	  76	   0	5.627954e-01	4.254252e+01	3103	fear	fear_17.png	
IEV	   2	 380	   3	   0	1.098075e+03	  40	  40	7.557494e-01	3.039296e+01	2031	fear	fear_9.png	
IEV	   2	 381	   3	   0	1.104970e+03	  26	  26	8.674475e-01	2.214494e+01	1014	fear	fear_11.png	
IEV	   2	 382	   3	   0	1.111629e+03	  74	  74	5.960366e-01	4.413054e+01	2937	fear	fear_12.png	
IEV	   2	 383	   3	   0	1.118316e+03	  43	   0	7.612216e-01	3.296808e+01	1994	fear	fear_8.png	
IEV	   2	 384	   3	   0	1.125344e+03	  28	  28	8.633240e-01	2.441759e+01	1072	fear	fear_10.png	
IEV	   2	 385	   3	   0	1.132255e+03	  32	  32	8.118687e-01	2.599357e+01	1611	fear	fear_14.png	
IEV	   2	 386	   3	   0	1.140122e+03	 119	   0	4.345253e-01	5.170307e+01	3722	fear	fear_4.png	
IEV	   2	 387	   3	   0	1.146913e+03	  77	  77	5.890971e-01	4.510370e+01	2972	fear	fear_21.png	
IEV	   2	 388	   3	   0	1.155008e+03	  63	  63	6.268228e-01	3.922174e+01	2779	fear	fear_2.png	
IEV	   2	 389	   3	   0	1.161846e+03	  37	  37	8.055359e-01	2.984764e+01	1664	fear	fear_18.png	
IEV	   2	 390	   3	   0	1.169050e+03	  40	  40	7.620997e-01	3.060924e+01	1988	fear	fear_6.png	
IEV	   2	 391	   3	   0	1.174517e+03	  22	  22	8.594730e-01	1.888740e+01	1123	fear	fear_7.png	
IEV	   2	 392	   3	   0	1.182089e+03	  72	  72	5.950477e-01	4.299553e+01	2942	fear	fear_5.png	
IEV	   2	 393	   3	   0	1.189638e+03	  38	  38	7.991067e-01	3.044841e+01	1716	fear	fear_15.png	
IEV	   2	 394	   3	   0	1.197148e+03	  74	  74	5.781144e-01	4.279839e+01	3027	fear	fear_13.png	
IEV	   2	 395	   3	   0	1.204374e+03	 126	 126	4.097347e-01	5.180919e+01	3841	fear	fear_20.png	
IEV	   2	 396	   3	   0	1.211504e+03	  42	  42	7.532027e-01	3.136241e+01	2048	fear	fear_1.png	
IEV	   2	 397	   3	   0	1.218465e+03	  52	   0	6.758869e-01	3.521383e+01	2515	fear	fear_19.png	
IEV	   2	 398	   3	   0	1.225522e+03	  29	  29	8.235328e-01	2.396349e+01	1508	fear	fear_3.png	
IEV	   2	 399	   3	   0	1.231874e+03	  23	  23	8.924611e-01	2.091744e+01	 504	fear	fear_16.png	
IEV	   2	 400	   3	   0	1.238787e+03	  49	   0	7.276161e-01	3.561417e+01	2212	fear	fear_10.png	
IEV	   2	 401	   3	   0	1.246814e+03	  41	  41	7.545535e-01	3.124925e+01	2039	fear	fear_15.png	
IEV	   2	 402	   3	   0	1.254022e+03	  73	   0	5.753044e-01	4.180932e+01	3041	fear	fear_7.png	
IEV	   2	 403	   3	   0	1.260415e+03	  33	  33	7.924662e-01	2.629933e+01	1768	fear	fear_6.png	
IEV	   2	 404	   3	   0	1.267241e+03	  46	  46	7.509387e-01	3.455489e+01	2063	fear	fear_21.png	
IEV	   2	 405	   3	   0	1.274232e+03	  97	  97	5.079655e-01	4.910900e+01	3370	fear	fear_20.png	
IEV	   2	 406	   3	   0	1.280336e+03	  21	  21	8.692080e-01	1.842900e+01	 988	fear	fear_3.png	
IEV	   2	 407	   3	   0	1.287847e+03	  54	  54	6.961537e-01	3.789091e+01	2400	fear	fear_1.png	
IEV	   2	 408	   3	   0	1.294391e+03	  20	  20	8.865375e-01	1.752098e+01	 668	fear	fear_18.png	
IEV	   2	 409	   3	   0	1.300229e+03	  30	  30	8.062640e-01	2.413482e+01	1658	fear	fear_9.png	
IEV	   2	 410	   3	   0	1.307643e+03	  78	   0	5.813188e-01	4.551965e+01	3011	fear	fear_2.png	
IEV	   2	 411	   3	   0	1.315552e+03	 103	 103	4.625217e-01	4.780957e+01	3588	fear	fear_16.png	
IEV	   2	 412	   3	   0	1.322542e+03	  61	  61	6.275897e-01	3.854458e+01	2775	fear	fear_14.png	
IEV	   2	 413	   3	   0	1.329646e+03	  32	  32	8.099804e-01	2.618360e+01	1627	fear	fear_11.png	
IEV	   2	 414	   3	   0	1.336001e+03	  46	  46	7.469774e-01	3.411952e+01	2089	fear	fear_8.png	
IEV	   2	 415	   3	   0	1.342370e+03	  21	  21	8.570286e-01	1.834873e+01	1154	fear	fear_19.png	
IEV	   2	 416	   3	   0	1.349091e+03	  39	  39	7.532027e-01	2.910280e+01	2048	fear	fear_13.png	
IEV	   2	 417	   3	   0	1.355435e+03	  30	  30	8.037031e-01	2.439447e+01	1679	fear	fear_5.png	
IEV	   2	 418	   3	   0	1.362460e+03	  39	  39	7.551520e-01	2.968867e+01	2035	fear	fear_17.png	
IEV	   2	 419	   3	   0	1.370022e+03	  69	  69	6.021488e-01	4.137890e+01	2906	fear	fear_12.png	
IEV	   2	 420	   3	   0	1.376776e+03	  22	  22	8.607801e-01	1.871488e+01	1106	fear	fear_4.png	
DEV	   2	 421	   2	   0	1.448818e+03	  86	   0	3.534749e-01	3.052102e+01	3069	happy	happy_6.png	
DEV	   2	 422	   2	   0	1.456154e+03	  76	  76	6.357225e-01	4.809657e+01	1047	happy	happy_14.png	
DEV	   2	 423	   2	   0	1.462778e+03	  76	  76	4.609788e-01	3.512864e+01	2053	happy	happy_4.png	
DEV	   2	 424	   2	   0	1.469142e+03	  78	   0	6.631369e-01	5.166775e+01	 922	happy	happy_9.png	
DEV	   2	 425	   2	   0	1.476221e+03	  84	  84	3.480677e-01	2.906944e+01	3134	happy	happy_21.png	
DEV	   2	 426	   2	   0	1.483694e+03	  78	   0	4.008092e-01	3.122096e+01	2560	happy	happy_8.png	
DEV	   2	 427	   2	   0	1.491155e+03	  82	  82	5.424439e-01	4.452359e+01	1526	happy	happy_1.png	
DEV	   2	 428	   2	   0	1.497779e+03	  73	  73	6.331567e-01	4.604633e+01	1059	happy	happy_12.png	
DEV	   2	 429	   2	   0	1.504127e+03	  71	   0	6.257399e-01	4.437874e+01	1094	happy	happy_15.png	
DEV	   2	 430	   2	   0	1.510963e+03	  74	   0	6.303903e-01	4.652195e+01	1072	happy	happy_5.png	
DEV	   2	 431	   2	   0	1.517506e+03	  74	  74	6.267933e-01	4.631634e+01	1089	happy	happy_13.png	
DEV	   2	 432	   2	   0	1.524352e+03	  76	  76	4.594985e-01	3.503416e+01	2064	happy	happy_16.png	
DEV	   2	 433	   2	   0	1.531674e+03	  76	   0	4.631471e-01	3.526688e+01	2037	happy	happy_11.png	
DEV	   2	 434	   2	   0	1.537968e+03	  83	  83	4.752560e-01	3.936220e+01	1950	happy	happy_19.png	
DEV	   2	 435	   2	   0	1.545096e+03	  84	  84	3.539795e-01	2.985099e+01	3063	happy	happy_20.png	
DEV	   2	 436	   2	   0	1.551838e+03	  75	   0	6.295418e-01	4.710307e+01	1076	happy	happy_10.png	
DEV	   2	 437	   2	   0	1.559762e+03	  83	  83	3.542322e-01	2.951525e+01	3060	happy	happy_18.png	
DEV	   2	 438	   2	   0	1.566594e+03	  77	  77	4.632832e-01	3.573884e+01	2036	happy	happy_3.png	
DEV	   2	 439	   2	   0	1.574637e+03	  83	   0	3.071183e-01	2.542727e+01	3656	happy	happy_7.png	
DEV	   2	 440	   2	   0	1.580845e+03	  78	   0	5.278456e-01	4.141178e+01	1611	happy	happy_17.png	
DEV	   2	 441	   2	   0	1.586987e+03	  74	  74	6.342244e-01	4.674014e+01	1054	happy	happy_2.png	
DEV	   2	 442	   2	   0	1.593734e+03	  75	  75	4.578932e-01	3.447371e+01	2076	happy	happy_18.png	
DEV	   2	 443	   2	   0	1.602161e+03	  80	  80	3.571137e-01	2.865156e+01	3026	happy	happy_19.png	
DEV	   2	 444	   2	   0	1.609550e+03	  86	   0	3.128726e-01	2.678797e+01	3581	happy	happy_3.png	
DEV	   2	 445	   2	   0	1.615625e+03	  83	  83	4.761113e-01	3.942224e+01	1944	happy	happy_20.png	
DEV	   2	 446	   2	   0	1.622722e+03	  79	   0	3.634165e-01	2.872191e+01	2953	happy	happy_15.png	
DEV	   2	 447	   2	   0	1.629790e+03	  78	   0	6.159368e-01	4.815433e+01	1141	happy	happy_12.png	
DEV	   2	 448	   2	   0	1.638043e+03	  84	  84	3.527197e-01	2.975878e+01	3078	happy	happy_6.png	
DEV	   2	 449	   2	   0	1.643691e+03	  77	  77	6.295418e-01	4.836215e+01	1076	happy	happy_16.png	
DEV	   2	 450	   2	   0	1.650346e+03	  76	  76	4.531370e-01	3.462715e+01	2112	happy	happy_14.png	
DEV	   2	 451	   2	   0	1.657870e+03	  85	  85	3.588243e-01	3.056360e+01	3006	happy	happy_10.png	
DEV	   2	 452	   2	   0	1.664391e+03	  78	   0	3.971999e-01	3.098224e+01	2595	happy	happy_7.png	
DEV	   2	 453	   2	   0	1.671975e+03	  81	  81	5.339575e-01	4.340933e+01	1575	happy	happy_4.png	
DEV	   2	 454	   2	   0	1.677600e+03	  77	  77	6.391616e-01	4.893711e+01	1031	happy	happy_21.png	
DEV	   2	 455	   2	   0	1.684616e+03	  87	   0	3.577111e-01	3.119673e+01	3019	happy	happy_8.png	
DEV	   2	 456	   2	   0	1.690816e+03	  82	  82	4.228020e-01	3.477903e+01	2359	happy	happy_17.png	
DEV	   2	 457	   2	   0	1.697516e+03	  82	   0	4.679533e-01	3.838035e+01	2002	happy	happy_13.png	
DEV	   2	 458	   2	   0	1.703861e+03	  66	  66	7.789800e-01	5.174208e+01	 444	happy	happy_11.png	
DEV	   2	 459	   2	   0	1.710691e+03	  77	   0	4.627392e-01	3.570363e+01	2040	happy	happy_1.png	
DEV	   2	 460	   2	   0	1.718024e+03	  81	   0	3.537271e-01	2.877134e+01	3066	happy	happy_9.png	
DEV	   2	 461	   2	   0	1.724615e+03	  71	  71	6.496025e-01	4.630583e+01	 983	happy	happy_5.png	
DEV	   2	 462	   2	   0	1.731093e+03	  70	   0	6.165571e-01	4.326032e+01	1138	happy	happy_2.png	
CEV	   2	 463	   1	   0	1.804884e+03	  63	   0	6.075714e-01	3.821514e+01	2047	fear	fear_5.png	
CEV	   2	 464	   1	   0	1.812601e+03	  57	   0	6.157143e-01	3.515286e+01	1990	fear	fear_11.png	
CEV	   2	 465	   1	   0	1.820930e+03	  83	   0	4.632857e-01	3.838986e+01	3057	fear	fear_8.png	
CEV	   2	 466	   1	   0	1.827969e+03	  60	  60	6.061429e-01	3.639386e+01	2057	fear	fear_21.png	
CEV	   2	 467	   1	   0	1.834595e+03	  63	  63	6.118571e-01	3.883557e+01	2017	fear	fear_4.png	
CEV	   2	 468	   1	   0	1.840970e+03	  46	   0	7.412857e-01	3.403486e+01	1111	fear	fear_9.png	
CEV	   2	 469	   1	   0	1.848808e+03	  81	   0	4.665714e-01	3.793314e+01	3034	fear	fear_17.png	
CEV	   2	 470	   1	   0	1.855620e+03	  63	  63	5.922857e-01	3.759229e+01	2154	fear	fear_16.png	
CEV	   2	 471	   1	   0	1.861730e+03	  48	   0	7.617143e-01	3.623829e+01	 968	fear	fear_2.png	
CEV	   2	 472	   1	   0	1.868604e+03	  60	   0	5.994286e-01	3.580114e+01	2104	fear	fear_10.png	
CEV	   2	 473	   1	   0	1.876223e+03	  82	   0	4.672857e-01	3.840186e+01	3029	fear	fear_19.png	
CEV	   2	 474	   1	   0	1.882323e+03	  55	  55	6.774286e-01	3.700000e+01	1558	fear	fear_6.png	
CEV	   2	 475	   1	   0	1.888845e+03	  51	  51	8.121429e-01	4.106071e+01	 615	fear	fear_13.png	
CEV	   2	 476	   1	   0	1.895815e+03	  52	   0	6.577143e-01	3.436914e+01	1696	fear	fear_7.png	
CEV	   2	 477	   1	   0	1.901505e+03	  53	  53	7.067143e-01	3.770671e+01	1353	fear	fear_1.png	
CEV	   2	 478	   1	   0	1.908842e+03	  84	  84	4.661429e-01	3.933071e+01	3037	fear	fear_14.png	
CEV	   2	 479	   1	   0	1.916746e+03	  80	   0	4.762857e-01	3.795257e+01	2966	fear	fear_20.png	
CEV	   2	 480	   1	   0	1.923189e+03	  60	  60	6.082857e-01	3.639171e+01	2042	fear	fear_18.png	
CEV	   2	 481	   1	   0	1.929758e+03	  45	  45	7.425714e-01	3.328714e+01	1102	fear	fear_15.png	
CEV	   2	 482	   1	   0	1.936482e+03	  57	   0	6.118571e-01	3.516443e+01	2017	fear	fear_12.png	
CEV	   2	 483	   1	   0	1.943843e+03	  49	   0	7.431429e-01	3.625686e+01	1098	fear	fear_3.png	
CEV	   2	 484	   1	   0	1.952153e+03	 105	   0	3.584286e-01	3.771686e+01	3791	fear	fear_2.png	
CEV	   2	 485	   1	   0	1.959711e+03	  68	   0	5.198571e-01	3.544043e+01	2661	fear	fear_3.png	
CEV	   2	 486	   1	   0	1.966735e+03	  49	   0	7.224286e-01	3.555514e+01	1243	fear	fear_19.png	
CEV	   2	 487	   1	   0	1.973440e+03	  57	  57	6.154286e-01	3.515371e+01	1992	fear	fear_20.png	
CEV	   2	 488	   1	   0	1.980213e+03	  65	   0	5.390000e-01	3.484400e+01	2527	fear	fear_13.png	
CEV	   2	 489	   1	   0	1.986249e+03	  46	  46	7.544286e-01	3.473671e+01	1019	fear	fear_18.png	
CEV	   2	 490	   1	   0	1.992406e+03	  63	  63	6.065714e-01	3.821314e+01	2054	fear	fear_16.png	
CEV	   2	 491	   1	   0	1.999997e+03	  80	  80	4.760000e-01	3.795200e+01	2968	fear	fear_7.png	
CEV	   2	 492	   1	   0	2.007120e+03	  56	  56	6.727143e-01	3.767271e+01	1591	fear	fear_5.png	
CEV	   2	 493	   1	   0	2.013938e+03	  74	   0	5.268571e-01	3.910743e+01	2612	fear	fear_14.png	
CEV	   2	 494	   1	   0	2.020519e+03	  62	   0	6.211429e-01	3.824229e+01	1952	fear	fear_15.png	
CEV	   2	 495	   1	   0	2.026897e+03	  53	  53	6.852857e-01	3.631471e+01	1503	fear	fear_17.png	
CEV	   2	 496	   1	   0	2.034193e+03	  70	  70	5.327143e-01	3.753271e+01	2571	fear	fear_12.png	
CEV	   2	 497	   1	   0	2.041564e+03	  90	  90	4.018571e-01	3.619629e+01	3487	fear	fear_11.png	
CEV	   2	 498	   1	   0	2.047001e+03	  46	  46	8.048571e-01	  37	 666	fear	fear_9.png	
CEV	   2	 499	   1	   0	2.054575e+03	  84	   0	4.550000e-01	3.836500e+01	3115	fear	fear_6.png	
CEV	   2	 500	   1	   0	2.061970e+03	  60	  60	5.667143e-01	3.416643e+01	2333	fear	fear_1.png	
CEV	   2	 501	   1	   0	2.068533e+03	  46	   0	7.457143e-01	3.401714e+01	1080	fear	fear_21.png	
CEV	   2	 502	   1	   0	2.075861e+03	  84	  84	4.671429e-01	3.933571e+01	3030	fear	fear_8.png	
CEV	   2	 503	   1	   0	2.082949e+03	  63	  63	6.251429e-01	3.950057e+01	1924	fear	fear_4.png	
CEV	   2	 504	   1	   0	2.090020e+03	  70	   0	5.445714e-01	3.808914e+01	2488	fear	fear_10.png	
