#Subj:	11046
#Run:	1
#Age:	15
#Gender:	female
#28-Mar-2013
Func	Run	Trial	Block	Null	trialStartTime	Mag	ScoreInc	Freq	EV	RT	Emotion	Image
CEV	   1	   1	   1	   0	7.228181e+01	  60	   0	6.328571e-01	3.826571e+01	1870	fear	fear_10.png	
CEV	   1	   2	   1	   0	7.885287e+01	  49	  49	7.871429e-01	3.857429e+01	 790	fear	fear_4.png	
CEV	   1	   3	   1	   0	8.442566e+01	  48	  48	8.024286e-01	3.860486e+01	 683	fear	fear_8.png	
CEV	   1	   4	   1	   0	9.197595e+01	  82	  82	4.617143e-01	3.792343e+01	3068	fear	fear_21.png	
CEV	   1	   5	   1	   0	9.977619e+01	  76	  76	4.760000e-01	3.604800e+01	2968	fear	fear_1.png	
CEV	   1	   6	   1	   0	1.070151e+02	  85	   0	4.135714e-01	3.534571e+01	3405	fear	fear_6.png	
CEV	   1	   7	   1	   0	1.135874e+02	  70	  70	5.407143e-01	3.808143e+01	2515	fear	fear_9.png	
CEV	   1	   8	   1	   0	1.195538e+02	  48	  48	8.568571e-01	4.128429e+01	 302	fear	fear_11.png	
CEV	   1	   9	   1	   0	1.264459e+02	  80	  80	4.550000e-01	3.654500e+01	3115	fear	fear_12.png	
CEV	   1	  10	   1	   0	1.332612e+02	  81	   0	4.714286e-01	3.841429e+01	3000	fear	fear_17.png	
CEV	   1	  11	   1	   0	1.403249e+02	  83	   0	4.294286e-01	3.571171e+01	3294	fear	fear_15.png	
CEV	   1	  12	   1	   0	1.474149e+02	  76	   0	4.790000e-01	3.652100e+01	2947	fear	fear_14.png	
CEV	   1	  13	   1	   0	1.536105e+02	  47	  47	8.201429e-01	3.864029e+01	 559	fear	fear_5.png	
CEV	   1	  14	   1	   0	1.593668e+02	  48	  48	7.464286e-01	3.550714e+01	1075	fear	fear_7.png	
CEV	   1	  15	   1	   0	1.655982e+02	  49	  49	7.815714e-01	3.856314e+01	 829	fear	fear_16.png	
CEV	   1	  16	   1	   0	1.724423e+02	  49	  49	6.921429e-01	3.423143e+01	1455	fear	fear_18.png	
CEV	   1	  17	   1	   0	1.783344e+02	  62	  62	6.507143e-01	4.025357e+01	1745	fear	fear_13.png	
CEV	   1	  18	   1	   0	1.850276e+02	  58	  58	6.497143e-01	3.764971e+01	1752	fear	fear_20.png	
CEV	   1	  19	   1	   0	1.921203e+02	  63	  63	6.212857e-01	3.886386e+01	1951	fear	fear_19.png	
CEV	   1	  20	   1	   0	1.986060e+02	  62	   0	5.948571e-01	  37	2136	fear	fear_3.png	
CEV	   1	  21	   1	   0	2.059446e+02	  62	   0	6.372857e-01	3.954914e+01	1839	fear	fear_2.png	
CEV	   1	  22	   1	   0	2.133015e+02	  56	  56	6.604286e-01	3.700000e+01	1677	fear	fear_3.png	
CEV	   1	  23	   1	   0	2.208030e+02	  62	  62	5.618571e-01	3.475257e+01	2367	fear	fear_12.png	
CEV	   1	  24	   1	   0	2.288604e+02	  71	  71	5.460000e-01	3.863800e+01	2478	fear	fear_15.png	
CEV	   1	  25	   1	   0	2.353274e+02	  75	  75	5.147143e-01	3.854414e+01	2697	fear	fear_18.png	
CEV	   1	  26	   1	   0	2.423859e+02	  76	  76	5.172857e-01	3.906914e+01	2679	fear	fear_20.png	
CEV	   1	  27	   1	   0	2.492977e+02	  71	  71	5.021429e-01	3.549357e+01	2785	fear	fear_14.png	
CEV	   1	  28	   1	   0	2.564233e+02	  80	   0	4.695714e-01	3.746957e+01	3013	fear	fear_1.png	
CEV	   1	  29	   1	   0	2.635594e+02	  83	   0	4.381429e-01	3.656186e+01	3233	fear	fear_7.png	
CEV	   1	  30	   1	   0	2.708683e+02	  96	   0	3.907143e-01	3.739071e+01	3565	fear	fear_13.png	
CEV	   1	  31	   1	   0	2.788393e+02	 112	 112	3.441429e-01	3.837657e+01	3891	fear	fear_6.png	
CEV	   1	  32	   1	   0	2.865194e+02	 112	   0	3.400000e-01	3.802000e+01	3920	fear	fear_19.png	
CEV	   1	  33	   1	   0	2.934069e+02	 108	   0	3.381429e-01	3.666186e+01	3933	fear	fear_10.png	
CEV	   1	  34	   1	   0	3.011639e+02	 103	 103	3.468571e-01	3.561257e+01	3872	fear	fear_2.png	
CEV	   1	  35	   1	   0	3.087728e+02	 103	   0	3.604286e-01	  37	3777	fear	fear_16.png	
CEV	   1	  36	   1	   0	3.160541e+02	  76	  76	5.112857e-01	3.904514e+01	2721	fear	fear_17.png	
CEV	   1	  37	   1	   0	3.236339e+02	 101	   0	3.688571e-01	3.736886e+01	3718	fear	fear_9.png	
CEV	   1	  38	   1	   0	3.318098e+02	  87	  87	4.004286e-01	3.499786e+01	3497	fear	fear_4.png	
CEV	   1	  39	   1	   0	3.396674e+02	 104	   0	3.470000e-01	3.595900e+01	3871	fear	fear_21.png	
CEV	   1	  40	   1	   0	3.472236e+02	  90	   0	4.042857e-01	3.619143e+01	3470	fear	fear_8.png	
CEV	   1	  41	   1	   0	3.557997e+02	 110	   0	3.261429e-01	3.602157e+01	4017	fear	fear_11.png	
CEV	   1	  42	   1	   0	3.638234e+02	  68	   0	5.280000e-01	3.594400e+01	2604	fear	fear_5.png	
DEV	   1	  43	   2	   0	4.366983e+02	  80	   0	5.167456e-01	4.120537e+01	1678	happy	happy_2.png	
DEV	   1	  44	   2	   0	4.429880e+02	  73	  73	7.071589e-01	5.138802e+01	 732	happy	happy_5.png	
DEV	   1	  45	   2	   0	4.490059e+02	  67	   0	7.933428e-01	5.309856e+01	 389	happy	happy_9.png	
DEV	   1	  46	   2	   0	4.552406e+02	  65	  65	8.378323e-01	5.469059e+01	 223	happy	happy_1.png	
DEV	   1	  47	   2	   0	4.614609e+02	  73	   0	6.929570e-01	5.064042e+01	 792	happy	happy_11.png	
DEV	   1	  48	   2	   0	4.676893e+02	  70	  70	6.437067e-01	4.534430e+01	1010	happy	happy_13.png	
DEV	   1	  49	   2	   0	4.739288e+02	  72	   0	5.996656e-01	4.293966e+01	1221	happy	happy_17.png	
DEV	   1	  50	   2	   0	4.797908e+02	  72	   0	5.527400e-01	3.969536e+01	1468	happy	happy_8.png	
DEV	   1	  51	   2	   0	4.857460e+02	  81	   0	4.882143e-01	3.978045e+01	1861	happy	happy_21.png	
DEV	   1	  52	   2	   0	4.932017e+02	  75	  75	4.597670e-01	3.459154e+01	2062	happy	happy_4.png	
DEV	   1	  53	   2	   0	4.994427e+02	  78	   0	4.183575e-01	3.279300e+01	2398	happy	happy_7.png	
DEV	   1	  54	   2	   0	5.063506e+02	  79	   0	4.221124e-01	3.346424e+01	2365	happy	happy_10.png	
DEV	   1	  55	   2	   0	5.133488e+02	  78	  78	3.822989e-01	2.999123e+01	2746	happy	happy_14.png	
DEV	   1	  56	   2	   0	5.208964e+02	  78	  78	3.731576e-01	2.900558e+01	2844	happy	happy_16.png	
DEV	   1	  57	   2	   0	5.281149e+02	  86	   0	3.606333e-01	3.105784e+01	2985	happy	happy_6.png	
DEV	   1	  58	   2	   0	5.352539e+02	  83	  83	3.405022e-01	2.817871e+01	3227	happy	happy_12.png	
DEV	   1	  59	   2	   0	5.428995e+02	  87	   0	3.242744e-01	2.829864e+01	3433	happy	happy_15.png	
DEV	   1	  60	   2	   0	5.505025e+02	  83	   0	2.995799e-01	2.486980e+01	3754	happy	happy_20.png	
DEV	   1	  61	   2	   0	5.576298e+02	  82	  82	3.266040e-01	2.684513e+01	3403	happy	happy_3.png	
DEV	   1	  62	   2	   0	5.639505e+02	  70	  70	6.938953e-01	4.860867e+01	 788	happy	happy_19.png	
DEV	   1	  63	   2	   0	5.705393e+02	  70	  70	7.095523e-01	4.938356e+01	 722	happy	happy_18.png	
DEV	   1	  64	   2	   0	5.787989e+02	  82	  82	3.217209e-01	2.649279e+01	3466	happy	happy_2.png	
DEV	   1	  65	   2	   0	5.853799e+02	  87	   0	3.184822e-01	2.785045e+01	3508	happy	happy_17.png	
DEV	   1	  66	   2	   0	5.927958e+02	  83	   0	3.287867e-01	2.733081e+01	3375	happy	happy_7.png	
DEV	   1	  67	   2	   0	6.007684e+02	  81	   0	3.198689e-01	2.603879e+01	3490	happy	happy_3.png	
DEV	   1	  68	   2	   0	6.087982e+02	  83	  83	3.137937e-01	2.591664e+01	3569	happy	happy_18.png	
DEV	   1	  69	   2	   0	6.157016e+02	  87	   0	3.152526e-01	2.728409e+01	3550	happy	happy_10.png	
DEV	   1	  70	   2	   0	6.229636e+02	  80	   0	3.214892e-01	2.583304e+01	3469	happy	happy_20.png	
DEV	   1	  71	   2	   0	6.294366e+02	  68	  68	7.172614e-01	4.903958e+01	 690	happy	happy_19.png	
DEV	   1	  72	   2	   0	6.357667e+02	  77	   0	6.903830e-01	5.326456e+01	 803	happy	happy_11.png	
DEV	   1	  73	   2	   0	6.414170e+02	  73	  73	7.329057e-01	5.342826e+01	 626	happy	happy_16.png	
DEV	   1	  74	   2	   0	6.481397e+02	  69	  69	7.420854e-01	5.091909e+01	 589	happy	happy_13.png	
DEV	   1	  75	   2	   0	6.547229e+02	  75	  75	7.129157e-01	5.382460e+01	 708	happy	happy_5.png	
DEV	   1	  76	   2	   0	6.607641e+02	  67	  67	7.333994e-01	4.905278e+01	 624	happy	happy_15.png	
DEV	   1	  77	   2	   0	6.667798e+02	  72	  72	7.458346e-01	5.407239e+01	 574	happy	happy_12.png	
DEV	   1	  78	   2	   0	6.731889e+02	  72	  72	7.498513e-01	5.426882e+01	 558	happy	happy_1.png	
DEV	   1	  79	   2	   0	6.797316e+02	  72	  72	7.326590e-01	5.268314e+01	 627	happy	happy_8.png	
DEV	   1	  80	   2	   0	6.860460e+02	  73	  73	7.495997e-01	5.500617e+01	 559	happy	happy_21.png	
DEV	   1	  81	   2	   0	6.928466e+02	  75	  75	7.050113e-01	5.268615e+01	 741	happy	happy_9.png	
DEV	   1	  82	   2	   0	6.988317e+02	  71	  71	7.133974e-01	5.099724e+01	 706	happy	happy_4.png	
DEV	   1	  83	   2	   0	7.050679e+02	  76	  76	6.903830e-01	5.257418e+01	 803	happy	happy_14.png	
DEV	   1	  84	   2	   0	7.113625e+02	  77	   0	7.083547e-01	5.428356e+01	 727	happy	happy_6.png	
IEV	   1	  85	   3	   0	7.829447e+02	  19	  19	8.877646e-01	1.730945e+01	 638	fear	fear_4.png	
IEV	   1	  86	   3	   0	7.881948e+02	  17	  17	8.943199e-01	1.519939e+01	 438	fear	fear_12.png	
IEV	   1	  87	   3	   0	7.942697e+02	  17	  17	8.975158e-01	1.543726e+01	 287	fear	fear_17.png	
IEV	   1	  88	   3	   0	8.006937e+02	  21	  21	8.956275e-01	1.851713e+01	 384	fear	fear_5.png	
IEV	   1	  89	   3	   0	8.071209e+02	  20	  20	8.895197e-01	1.788856e+01	 592	fear	fear_13.png	
IEV	   1	  90	   3	   0	8.127235e+02	  23	  23	8.850224e-01	2.043154e+01	 703	fear	fear_19.png	
IEV	   1	  91	   3	   0	8.182814e+02	  21	   0	8.774850e-01	1.809267e+01	 853	fear	fear_8.png	
IEV	   1	  92	   3	   0	8.251931e+02	  27	  27	8.710434e-01	2.339450e+01	 960	fear	fear_11.png	
IEV	   1	  93	   3	   0	8.311959e+02	  26	  26	8.580632e-01	2.250392e+01	1141	fear	fear_14.png	
IEV	   1	  94	   3	   0	8.376085e+02	  26	  26	8.387858e-01	2.143407e+01	1360	fear	fear_16.png	
IEV	   1	  95	   3	   0	8.436083e+02	  32	  32	8.205579e-01	2.592091e+01	1535	fear	fear_2.png	
IEV	   1	  96	   3	   0	8.502672e+02	  37	  37	8.069893e-01	2.970977e+01	1652	fear	fear_9.png	
IEV	   1	  97	   3	   0	8.575506e+02	  36	  36	7.746792e-01	2.796174e+01	1900	fear	fear_18.png	
IEV	   1	  98	   3	   0	8.637582e+02	  42	  42	7.392293e-01	3.103080e+01	2139	fear	fear_1.png	
IEV	   1	  99	   3	   0	8.710261e+02	  41	   0	7.500287e-01	3.087664e+01	2069	fear	fear_3.png	
IEV	   1	 100	   3	   0	8.784228e+02	  54	  54	6.812439e-01	3.686738e+01	2485	fear	fear_20.png	
IEV	   1	 101	   3	   0	8.853870e+02	  72	   0	6.162128e-01	4.421324e+01	2834	fear	fear_21.png	
IEV	   1	 102	   3	   0	8.923901e+02	  80	  80	5.554868e-01	4.462921e+01	3139	fear	fear_6.png	
IEV	   1	 103	   3	   0	8.997654e+02	  87	  87	5.261774e-01	4.564139e+01	3282	fear	fear_7.png	
IEV	   1	 104	   3	   0	9.075250e+02	 100	 100	4.909111e-01	4.887932e+01	3452	fear	fear_15.png	
IEV	   1	 105	   3	   0	9.142617e+02	 109	   0	4.593868e-01	5.025442e+01	3603	fear	fear_10.png	
IEV	   1	 106	   3	   0	9.229371e+02	 126	 126	4.032978e-01	5.084264e+01	3872	fear	fear_16.png	
IEV	   1	 107	   3	   0	9.312332e+02	 131	 131	3.931469e-01	5.164177e+01	3921	fear	fear_3.png	
IEV	   1	 108	   3	   0	9.386288e+02	 132	   0	3.929401e-01	5.204267e+01	3922	fear	fear_19.png	
IEV	   1	 109	   3	   0	9.467716e+02	 120	 120	4.151411e-01	4.994110e+01	3815	fear	fear_1.png	
IEV	   1	 110	   3	   0	9.543359e+02	 131	 131	4.064111e-01	5.315458e+01	3857	fear	fear_20.png	
IEV	   1	 111	   3	   0	9.627042e+02	 133	   0	4.045428e-01	5.362395e+01	3866	fear	fear_13.png	
IEV	   1	 112	   3	   0	9.705644e+02	 127	   0	4.080725e-01	5.187242e+01	3849	fear	fear_15.png	
IEV	   1	 113	   3	   0	9.777511e+02	 129	   0	3.972864e-01	5.108428e+01	3901	fear	fear_5.png	
IEV	   1	 114	   3	   0	9.851998e+02	 102	   0	4.965338e-01	5.060955e+01	3425	fear	fear_7.png	
IEV	   1	 115	   3	   0	9.936734e+02	 123	 123	4.176386e-01	5.150484e+01	3803	fear	fear_6.png	
IEV	   1	 116	   3	   0	1.001421e+03	 125	   0	4.138929e-01	5.164983e+01	3821	fear	fear_18.png	
IEV	   1	 117	   3	   0	1.009447e+03	 122	 122	4.265975e-01	5.200564e+01	3760	fear	fear_2.png	
IEV	   1	 118	   3	   0	1.016559e+03	 117	   0	4.311863e-01	5.053770e+01	3738	fear	fear_21.png	
IEV	   1	 119	   3	   0	1.024527e+03	 108	   0	4.470565e-01	4.808273e+01	3662	fear	fear_4.png	
IEV	   1	 120	   3	   0	1.031491e+03	 132	   0	4.070340e-01	5.353992e+01	3854	fear	fear_14.png	
IEV	   1	 121	   3	   0	1.039737e+03	 105	 105	4.566698e-01	4.808490e+01	3616	fear	fear_10.png	
IEV	   1	 122	   3	   0	1.048277e+03	 106	   0	4.593868e-01	4.887626e+01	3603	fear	fear_8.png	
IEV	   1	 123	   3	   0	1.055865e+03	 119	   0	4.195125e-01	4.975373e+01	3794	fear	fear_12.png	
IEV	   1	 124	   3	   0	1.063361e+03	  98	   0	4.781884e-01	4.705547e+01	3513	fear	fear_11.png	
IEV	   1	 125	   3	   0	1.069368e+03	  17	  17	8.965755e-01	1.563451e+01	 339	fear	fear_9.png	
IEV	   1	 126	   3	   0	1.077754e+03	 133	   0	3.987364e-01	5.302000e+01	3894	fear	fear_17.png	
CEVR	   1	 127	   4	   0	1.148372e+03	 158	   0	2.400816e-01	3.796033e+01	 906	scram	scram_11.png	
CEVR	   1	 128	   4	   0	1.154219e+03	 170	 170	2.200884e-01	3.744018e+01	 416	scram	scram_2.png	
CEVR	   1	 129	   4	   0	1.160115e+03	 160	   0	2.237001e-01	3.588150e+01	 511	scram	scram_4.png	
CEVR	   1	 130	   4	   0	1.166186e+03	 168	   0	2.201632e-01	  37	 418	scram	scram_9.png	
CEVR	   1	 131	   4	   0	1.172079e+03	 169	   0	2.235843e-01	3.789434e+01	 508	scram	scram_19.png	
CEVR	   1	 132	   4	   0	1.178335e+03	 176	   0	2.108434e-01	3.721084e+01	 158	scram	scram_5.png	
CEVR	   1	 133	   4	   0	1.184027e+03	 169	   0	2.234685e-01	3.767041e+01	 505	scram	scram_21.png	
CEVR	   1	 134	   4	   0	1.189509e+03	 169	   0	2.152951e-01	3.635411e+01	 285	scram	scram_3.png	
CEVR	   1	 135	   4	   0	1.195109e+03	 163	 163	2.320789e-01	3.792832e+01	 720	scram	scram_14.png	
CEVR	   1	 136	   4	   0	1.201059e+03	 162	 162	2.279528e-01	  37	 619	scram	scram_17.png	
CEVR	   1	 137	   4	   0	1.207974e+03	 164	   0	2.331233e-01	3.816562e+01	 745	scram	scram_12.png	
CEVR	   1	 138	   4	   0	1.214664e+03	 160	   0	2.312087e-01	3.700000e+01	 699	scram	scram_20.png	
CEVR	   1	 139	   4	   0	1.221235e+03	 157	   0	2.295285e-01	3.608189e+01	 658	scram	scram_13.png	
CEVR	   1	 140	   4	   0	1.227259e+03	 153	 153	2.340080e-01	3.582996e+01	 766	scram	scram_8.png	
CEVR	   1	 141	   4	   0	1.232770e+03	 159	 159	2.328718e-01	3.700000e+01	 739	scram	scram_18.png	
CEVR	   1	 142	   4	   0	1.239436e+03	 159	   0	2.376147e-01	3.771284e+01	 850	scram	scram_10.png	
CEVR	   1	 143	   4	   0	1.246154e+03	 160	 160	2.335016e-01	3.746700e+01	 754	scram	scram_15.png	
CEVR	   1	 144	   4	   0	1.252382e+03	 160	   0	2.342196e-01	3.746844e+01	 771	scram	scram_16.png	
CEVR	   1	 145	   4	   0	1.258473e+03	 159	   0	2.397704e-01	3.819885e+01	 899	scram	scram_1.png	
CEVR	   1	 146	   4	   0	1.265052e+03	 161	   0	2.346440e-01	3.770393e+01	 781	scram	scram_7.png	
CEVR	   1	 147	   4	   0	1.271094e+03	 162	   0	2.271531e-01	3.677285e+01	 599	scram	scram_6.png	
CEVR	   1	 148	   4	   0	1.277742e+03	 153	 153	2.358834e-01	3.605647e+01	 810	scram	scram_16.png	
CEVR	   1	 149	   4	   0	1.284671e+03	 155	   0	2.341772e-01	3.629747e+01	 770	scram	scram_15.png	
CEVR	   1	 150	   4	   0	1.290914e+03	 160	   0	2.354974e-01	3.770649e+01	 801	scram	scram_8.png	
CEVR	   1	 151	   4	   0	1.297059e+03	 159	   0	2.273126e-01	3.609075e+01	 603	scram	scram_4.png	
CEVR	   1	 152	   4	   0	1.304026e+03	 104	   0	3.541154e-01	  37	2643	scram	scram_1.png	
CEVR	   1	 153	   4	   0	1.310802e+03	 134	   0	2.793356e-01	3.755867e+01	1664	scram	scram_5.png	
CEVR	   1	 154	   4	   0	1.318313e+03	  83	  83	4.369096e-01	3.612618e+01	3336	scram	scram_9.png	
CEVR	   1	 155	   4	   0	1.324275e+03	 145	   0	2.459639e-01	3.577018e+01	1035	scram	scram_10.png	
CEVR	   1	 156	   4	   0	1.330124e+03	 148	 148	2.447090e-01	3.626587e+01	1008	scram	scram_21.png	
CEVR	   1	 157	   4	   0	1.336963e+03	 151	 151	2.439714e-01	3.675603e+01	 992	scram	scram_18.png	
CEVR	   1	 158	   4	   0	1.343003e+03	 152	   0	2.436959e-01	  37	 986	scram	scram_11.png	
CEVR	   1	 159	   4	   0	1.349271e+03	 155	   0	2.461041e-01	3.823052e+01	1038	scram	scram_2.png	
CEVR	   1	 160	   4	   0	1.355625e+03	 148	   0	2.428732e-01	3.602851e+01	 968	scram	scram_7.png	
CEVR	   1	 161	   4	   0	1.361557e+03	 150	   0	2.431925e-01	3.651362e+01	 975	scram	scram_13.png	
CEVR	   1	 162	   4	   0	1.368050e+03	 155	   0	2.394601e-01	  37	 892	scram	scram_3.png	
CEVR	   1	 163	   4	   0	1.374290e+03	 151	   0	2.438336e-01	3.675617e+01	 989	scram	scram_14.png	
CEVR	   1	 164	   4	   0	1.380512e+03	 151	   0	2.421919e-01	3.651562e+01	 953	scram	scram_19.png	
CEVR	   1	 165	   4	   0	1.386079e+03	 152	   0	2.463851e-01	3.749277e+01	1044	scram	scram_17.png	
CEVR	   1	 166	   4	   0	1.392909e+03	 154	   0	2.428277e-01	3.748566e+01	 967	scram	scram_6.png	
CEVR	   1	 167	   4	   0	1.399218e+03	 151	 151	2.409751e-01	3.627707e+01	 926	scram	scram_20.png	
CEVR	   1	 168	   4	   0	1.406437e+03	 158	 158	2.414693e-01	3.820735e+01	 937	scram	scram_12.png	
CEV	   1	 169	   5	   0	1.476952e+03	  42	  42	7.872857e-01	3.306357e+01	 789	happy	happy_19.png	
CEV	   1	 170	   5	   0	1.483363e+03	  58	  58	6.818571e-01	3.972743e+01	1527	happy	happy_15.png	
CEV	   1	 171	   5	   0	1.490313e+03	  67	  67	5.280000e-01	3.541600e+01	2604	happy	happy_18.png	
CEV	   1	 172	   5	   0	1.498014e+03	  91	   0	4.055714e-01	  37	3461	happy	happy_13.png	
CEV	   1	 173	   5	   0	1.505563e+03	  93	   0	3.851429e-01	3.584457e+01	3604	happy	happy_8.png	
CEV	   1	 174	   5	   0	1.513583e+03	  89	  89	4.218571e-01	3.742186e+01	3347	happy	happy_11.png	
CEV	   1	 175	   5	   0	1.520734e+03	 101	   0	3.560000e-01	3.593200e+01	3808	happy	happy_12.png	
CEV	   1	 176	   5	   0	1.527032e+03	  43	  43	8.574286e-01	  37	 298	happy	happy_7.png	
CEV	   1	 177	   5	   0	1.534748e+03	  88	  88	4.238571e-01	3.742386e+01	3333	happy	happy_3.png	
CEV	   1	 178	   5	   0	1.542637e+03	  85	   0	4.314286e-01	3.656857e+01	3280	happy	happy_20.png	
CEV	   1	 179	   5	   0	1.550038e+03	  85	  85	4.274286e-01	3.614514e+01	3308	happy	happy_9.png	
CEV	   1	 180	   5	   0	1.557755e+03	  88	  88	4.234286e-01	3.742343e+01	3336	happy	happy_17.png	
CEV	   1	 181	   5	   0	1.564991e+03	  91	   0	4.181429e-01	3.825443e+01	3373	happy	happy_6.png	
CEV	   1	 182	   5	   0	1.571913e+03	  89	  89	4.267143e-01	3.785343e+01	3313	happy	happy_2.png	
CEV	   1	 183	   5	   0	1.580356e+03	  90	  90	4.164286e-01	3.741643e+01	3385	happy	happy_4.png	
CEV	   1	 184	   5	   0	1.588450e+03	  90	   0	4.298571e-01	3.871943e+01	3291	happy	happy_5.png	
CEV	   1	 185	   5	   0	1.596048e+03	  89	  89	4.297143e-01	3.828914e+01	3292	happy	happy_1.png	
CEV	   1	 186	   5	   0	1.603164e+03	  88	  88	4.238571e-01	3.742386e+01	3333	happy	happy_14.png	
CEV	   1	 187	   5	   0	1.610772e+03	  86	  86	4.262857e-01	3.657371e+01	3316	happy	happy_16.png	
CEV	   1	 188	   5	   0	1.617999e+03	  85	  85	4.211429e-01	3.573657e+01	3352	happy	happy_10.png	
CEV	   1	 189	   5	   0	1.625639e+03	  88	  88	4.172857e-01	3.658271e+01	3379	happy	happy_21.png	
CEV	   1	 190	   5	   0	1.633401e+03	  91	   0	4.107143e-01	3.741071e+01	3425	happy	happy_9.png	
CEV	   1	 191	   5	   0	1.641018e+03	  89	   0	4.264286e-01	3.785286e+01	3315	happy	happy_7.png	
CEV	   1	 192	   5	   0	1.647748e+03	  89	  89	4.201429e-01	3.742014e+01	3359	happy	happy_18.png	
CEV	   1	 193	   5	   0	1.655516e+03	  81	  81	4.377143e-01	3.524914e+01	3236	happy	happy_15.png	
CEV	   1	 194	   5	   0	1.662408e+03	  85	   0	4.355714e-01	  37	3251	happy	happy_17.png	
CEV	   1	 195	   5	   0	1.670092e+03	  84	   0	4.332857e-01	3.656671e+01	3267	happy	happy_3.png	
CEV	   1	 196	   5	   0	1.676913e+03	  89	   0	4.230000e-01	3.784600e+01	3339	happy	happy_5.png	
CEV	   1	 197	   5	   0	1.684512e+03	  86	  86	4.297143e-01	  37	3292	happy	happy_2.png	
CEV	   1	 198	   5	   0	1.691725e+03	  82	   0	4.302857e-01	3.527886e+01	3288	happy	happy_13.png	
CEV	   1	 199	   5	   0	1.699105e+03	  88	  88	4.345714e-01	3.830371e+01	3258	happy	happy_12.png	
CEV	   1	 200	   5	   0	1.706390e+03	  81	  81	4.332857e-01	3.526686e+01	3267	happy	happy_11.png	
CEV	   1	 201	   5	   0	1.714506e+03	  84	  84	4.245714e-01	3.572629e+01	3328	happy	happy_4.png	
CEV	   1	 202	   5	   0	1.722958e+03	  87	   0	4.204286e-01	3.657957e+01	3357	happy	happy_19.png	
CEV	   1	 203	   5	   0	1.730494e+03	  83	   0	4.472857e-01	  37	3169	happy	happy_6.png	
CEV	   1	 204	   5	   0	1.738476e+03	  91	   0	4.060000e-01	  37	3458	happy	happy_16.png	
CEV	   1	 205	   5	   0	1.746226e+03	  90	   0	4.151429e-01	3.741514e+01	3394	happy	happy_21.png	
CEV	   1	 206	   5	   0	1.754031e+03	  83	   0	4.278571e-01	3.571643e+01	3305	happy	happy_8.png	
CEV	   1	 207	   5	   0	1.760837e+03	  85	   0	4.277143e-01	3.614457e+01	3306	happy	happy_10.png	
CEV	   1	 208	   5	   0	1.766732e+03	  48	  48	8.025714e-01	3.860514e+01	 682	happy	happy_1.png	
CEV	   1	 209	   5	   0	1.772640e+03	  50	  50	7.132857e-01	3.557343e+01	1307	happy	happy_20.png	
CEV	   1	 210	   5	   0	1.779131e+03	  48	   0	8.035714e-01	3.860714e+01	 675	happy	happy_14.png	
IEV	   1	 211	   6	   0	1.848386e+03	  31	  31	8.138526e-01	2.497854e+01	1594	scram	scram_1.png	
IEV	   1	 212	   6	   0	1.854286e+03	  19	  19	8.974660e-01	1.724269e+01	 290	scram	scram_2.png	
IEV	   1	 213	   6	   0	1.859993e+03	  19	  19	8.924307e-01	1.735336e+01	 505	scram	scram_20.png	
IEV	   1	 214	   6	   0	1.865742e+03	  25	  25	8.809108e-01	2.196571e+01	 789	scram	scram_19.png	
IEV	   1	 215	   6	   0	1.871768e+03	  23	  23	8.720642e-01	1.976541e+01	 944	scram	scram_21.png	
IEV	   1	 216	   6	   0	1.878826e+03	  29	  29	8.341358e-01	2.446964e+01	1407	scram	scram_16.png	
IEV	   1	 217	   6	   0	1.885436e+03	  48	   0	7.118210e-01	3.393194e+01	2308	scram	scram_11.png	
IEV	   1	 218	   6	   0	1.892026e+03	  38	  38	7.795236e-01	2.985658e+01	1865	scram	scram_10.png	
IEV	   1	 219	   6	   0	1.899144e+03	  60	   0	6.399569e-01	3.836223e+01	2710	scram	scram_9.png	
IEV	   1	 220	   6	   0	1.905845e+03	  70	  70	6.052904e-01	4.239883e+01	2890	scram	scram_3.png	
IEV	   1	 221	   6	   0	1.913628e+03	  97	   0	4.900776e-01	4.744674e+01	3456	scram	scram_13.png	
IEV	   1	 222	   6	   0	1.921503e+03	 108	   0	4.522808e-01	4.874144e+01	3637	scram	scram_15.png	
IEV	   1	 223	   6	   0	1.930164e+03	 121	   0	4.161816e-01	5.031286e+01	3810	scram	scram_17.png	
IEV	   1	 224	   6	   0	1.936749e+03	  75	   0	5.722876e-01	4.313235e+01	3056	scram	scram_8.png	
IEV	   1	 225	   6	   0	1.943941e+03	  58	  58	6.476625e-01	3.784726e+01	2669	scram	scram_5.png	
IEV	   1	 226	   6	   0	1.951085e+03	  79	   0	5.485562e-01	4.335576e+01	3173	scram	scram_7.png	
IEV	   1	 227	   6	   0	1.958464e+03	  79	  79	5.745006e-01	4.530397e+01	3045	scram	scram_4.png	
IEV	   1	 228	   6	   0	1.966050e+03	  76	   0	5.726902e-01	4.368209e+01	3054	scram	scram_6.png	
IEV	   1	 229	   6	   0	1.973215e+03	  76	   0	5.807185e-01	4.439002e+01	3014	scram	scram_18.png	
IEV	   1	 230	   6	   0	1.980822e+03	  80	   0	5.644152e-01	4.527065e+01	3095	scram	scram_14.png	
IEV	   1	 231	   6	   0	1.988493e+03	  83	   0	5.377031e-01	4.449833e+01	3226	scram	scram_12.png	
IEV	   1	 232	   6	   0	1.996483e+03	  51	  51	6.847883e-01	3.524785e+01	2465	scram	scram_15.png	
IEV	   1	 233	   6	   0	2.004373e+03	  53	  53	6.980533e-01	3.706029e+01	2389	scram	scram_19.png	
IEV	   1	 234	   6	   0	2.012064e+03	  54	  54	6.847883e-01	3.730222e+01	2465	scram	scram_5.png	
IEV	   1	 235	   6	   0	2.019389e+03	  53	  53	7.074445e-01	3.780146e+01	2334	scram	scram_6.png	
IEV	   1	 236	   6	   0	2.025931e+03	  53	  53	7.018313e-01	3.749290e+01	2367	scram	scram_21.png	
IEV	   1	 237	   6	   0	2.032865e+03	  54	   0	7.057504e-01	3.792072e+01	2344	scram	scram_11.png	
IEV	   1	 238	   6	   0	2.039309e+03	  49	  49	7.016601e-01	3.469833e+01	2368	scram	scram_20.png	
IEV	   1	 239	   6	   0	2.046259e+03	  53	  53	6.992584e-01	3.697467e+01	2382	scram	scram_16.png	
IEV	   1	 240	   6	   0	2.053301e+03	  55	  55	7.021733e-01	3.887309e+01	2365	scram	scram_10.png	
IEV	   1	 241	   6	   0	2.060487e+03	  52	  52	6.870804e-01	3.576766e+01	2452	scram	scram_1.png	
IEV	   1	 242	   6	   0	2.067460e+03	  57	  57	6.914617e-01	3.959873e+01	2427	scram	scram_12.png	
IEV	   1	 243	   6	   0	2.074917e+03	  52	  52	6.973633e-01	3.641183e+01	2393	scram	scram_14.png	
IEV	   1	 244	   6	   0	2.081782e+03	  52	  52	6.990865e-01	3.628782e+01	2383	scram	scram_4.png	
IEV	   1	 245	   6	   0	2.088746e+03	  53	   0	6.952880e-01	3.656055e+01	2405	scram	scram_7.png	
IEV	   1	 246	   6	   0	2.096462e+03	  50	   0	7.109825e-01	3.541783e+01	2313	scram	scram_8.png	
IEV	   1	 247	   6	   0	2.103572e+03	  52	  52	6.792853e-01	3.564610e+01	2496	scram	scram_9.png	
IEV	   1	 248	   6	   0	2.110580e+03	  51	  51	6.796419e-01	3.494080e+01	2494	scram	scram_13.png	
IEV	   1	 249	   6	   0	2.116444e+03	  41	  41	7.597522e-01	3.080978e+01	2004	scram	scram_2.png	
IEV	   1	 250	   6	   0	2.123690e+03	  56	   0	6.724693e-01	3.747787e+01	2534	scram	scram_18.png	
IEV	   1	 251	   6	   0	2.131190e+03	  56	   0	6.821321e-01	3.816920e+01	2480	scram	scram_17.png	
IEV	   1	 252	   6	   0	2.138150e+03	  63	   0	6.610045e-01	4.156323e+01	2597	scram	scram_3.png	
#28-Mar-2013
CEVR	   2	 253	   7	   0	1.560393e+01	 126	   0	2.994912e-01	3.759898e+01	1976	happy	happy_5.png	
CEVR	   2	 254	   7	   0	2.132203e+01	 165	 165	2.228149e-01	3.677719e+01	 488	happy	happy_3.png	
CEVR	   2	 255	   7	   0	2.799182e+01	 162	   0	2.258852e-01	3.654823e+01	 567	happy	happy_10.png	
CEVR	   2	 256	   7	   0	3.362143e+01	 168	 168	2.172454e-01	3.656551e+01	 339	happy	happy_1.png	
CEVR	   2	 257	   7	   0	4.030608e+01	 176	   0	2.139788e-01	3.764194e+01	 248	happy	happy_9.png	
CEVR	   2	 258	   7	   0	4.650044e+01	 171	   0	2.220508e-01	3.788820e+01	 468	happy	happy_7.png	
CEVR	   2	 259	   7	   0	5.212463e+01	 168	   0	2.242036e-01	3.767261e+01	 524	happy	happy_14.png	
CEVR	   2	 260	   7	   0	5.821249e+01	 176	   0	2.141204e-01	3.764236e+01	 252	happy	happy_17.png	
CEVR	   2	 261	   7	   0	6.428191e+01	 156	 156	2.361846e-01	3.676382e+01	 817	happy	happy_6.png	
CEVR	   2	 262	   7	   0	7.185261e+01	  81	   0	4.773314e-01	3.843199e+01	3587	happy	happy_16.png	
CEVR	   2	 263	   7	   0	7.828585e+01	 134	   0	2.722304e-01	3.645554e+01	1543	happy	happy_11.png	
CEVR	   2	 264	   7	   0	8.452794e+01	 163	   0	2.256491e-01	3.677435e+01	 561	happy	happy_19.png	
CEVR	   2	 265	   7	   0	9.054104e+01	 174	 174	2.159413e-01	3.764782e+01	 303	happy	happy_13.png	
CEVR	   2	 266	   7	   0	9.655637e+01	 175	   0	2.159413e-01	3.786377e+01	 303	happy	happy_4.png	
CEVR	   2	 267	   7	   0	1.021574e+02	 172	   0	2.150091e-01	  37	 277	happy	happy_12.png	
CEVR	   2	 268	   7	   0	1.086219e+02	 170	 170	2.190460e-01	3.721905e+01	 388	happy	happy_21.png	
CEVR	   2	 269	   7	   0	1.145015e+02	 165	   0	2.206885e-01	3.633793e+01	 432	happy	happy_18.png	
CEVR	   2	 270	   7	   0	1.208351e+02	 172	   0	2.173183e-01	3.743464e+01	 341	happy	happy_8.png	
CEVR	   2	 271	   7	   0	1.273270e+02	 176	   0	2.141558e-01	3.764247e+01	 253	happy	happy_2.png	
CEVR	   2	 272	   7	   0	1.331020e+02	 174	 174	2.129584e-01	  37	 219	happy	happy_15.png	
CEVR	   2	 273	   7	   0	1.389193e+02	 167	 167	2.160494e-01	3.613580e+01	 306	happy	happy_20.png	
CEVR	   2	 274	   7	   0	1.458245e+02	 174	   0	2.152235e-01	3.743045e+01	 283	happy	happy_15.png	
CEVR	   2	 275	   7	   0	1.523300e+02	 175	   0	2.082998e-01	3.637510e+01	  83	happy	happy_4.png	
CEVR	   2	 276	   7	   0	1.576735e+02	 166	 166	2.179401e-01	3.612824e+01	 358	happy	happy_18.png	
CEVR	   2	 277	   7	   0	1.637220e+02	 173	   0	2.183075e-01	3.787323e+01	 368	happy	happy_12.png	
CEVR	   2	 278	   7	   0	1.692631e+02	 174	   0	2.177569e-01	3.787103e+01	 353	happy	happy_5.png	
CEVR	   2	 279	   7	   0	1.751233e+02	 170	   0	2.190460e-01	3.721905e+01	 388	happy	happy_3.png	
CEVR	   2	 280	   7	   0	1.815326e+02	 176	   0	2.154025e-01	3.786161e+01	 288	happy	happy_11.png	
CEVR	   2	 281	   7	   0	1.876407e+02	 167	   0	2.152951e-01	3.592352e+01	 285	happy	happy_2.png	
CEVR	   2	 282	   7	   0	1.943259e+02	 169	   0	2.196777e-01	3.721968e+01	 405	happy	happy_19.png	
CEVR	   2	 283	   7	   0	1.998955e+02	 168	   0	2.197522e-01	  37	 407	happy	happy_1.png	
CEVR	   2	 284	   7	   0	2.056052e+02	 175	   0	2.154384e-01	3.764632e+01	 289	happy	happy_6.png	
CEVR	   2	 285	   7	   0	2.118542e+02	 164	   0	2.258065e-01	3.700000e+01	 565	happy	happy_20.png	
CEVR	   2	 286	   7	   0	2.174295e+02	 175	   0	2.129584e-01	3.721296e+01	 219	happy	happy_17.png	
CEVR	   2	 287	   7	   0	2.233360e+02	 174	   0	2.151163e-01	3.743023e+01	 280	happy	happy_14.png	
CEVR	   2	 288	   7	   0	2.289134e+02	 176	   0	2.062759e-01	3.638117e+01	  22	happy	happy_13.png	
CEVR	   2	 289	   7	   0	2.351206e+02	 168	   0	2.151163e-01	3.613953e+01	 280	happy	happy_7.png	
CEVR	   2	 290	   7	   0	2.416242e+02	 168	   0	2.222413e-01	3.744448e+01	 473	happy	happy_8.png	
CEVR	   2	 291	   7	   0	2.477868e+02	 168	   0	2.254526e-01	3.790181e+01	 556	happy	happy_10.png	
CEVR	   2	 292	   7	   0	2.546472e+02	 166	   0	2.266760e-01	3.768003e+01	 587	happy	happy_9.png	
CEVR	   2	 293	   7	   0	2.604201e+02	 144	   0	2.648803e-01	3.805952e+01	1411	happy	happy_16.png	
CEVR	   2	 294	   7	   0	2.664411e+02	 155	 155	2.315394e-01	3.584230e+01	 707	happy	happy_21.png	
DEV	   2	 295	   8	   0	3.362243e+02	  76	  76	7.245574e-01	5.517679e+01	 660	scram	scram_17.png	
DEV	   2	 296	   8	   0	3.420393e+02	  75	  75	7.172614e-01	5.406041e+01	 690	scram	scram_12.png	
DEV	   2	 297	   8	   0	3.487325e+02	  71	  71	7.943950e-01	5.631732e+01	 385	scram	scram_21.png	
DEV	   2	 298	   8	   0	3.548700e+02	  62	  62	8.609502e-01	5.365623e+01	 139	scram	scram_10.png	
DEV	   2	 299	   8	   0	3.608425e+02	  71	  71	7.371112e-01	5.216550e+01	 609	scram	scram_14.png	
DEV	   2	 300	   8	   0	3.676227e+02	  66	  66	8.940412e-01	5.883362e+01	  21	scram	scram_1.png	
DEV	   2	 301	   8	   0	3.737644e+02	  66	  66	8.044409e-01	5.272052e+01	 347	scram	scram_4.png	
DEV	   2	 302	   8	   0	3.804406e+02	  71	  71	6.079391e-01	4.340094e+01	1180	scram	scram_19.png	
DEV	   2	 303	   8	   0	3.874581e+02	  72	   0	5.477354e-01	3.940624e+01	1496	scram	scram_11.png	
DEV	   2	 304	   8	   0	3.940018e+02	  77	   0	4.758259e-01	3.654726e+01	1946	scram	scram_5.png	
DEV	   2	 305	   8	   0	4.015697e+02	  82	   0	4.421295e-01	3.612984e+01	2198	scram	scram_9.png	
DEV	   2	 306	   8	   0	4.086999e+02	  81	   0	4.050107e-01	3.271326e+01	2520	scram	scram_13.png	
DEV	   2	 307	   8	   0	4.158049e+02	  78	   0	3.707954e-01	2.884907e+01	2870	scram	scram_20.png	
DEV	   2	 308	   8	   0	4.233991e+02	  86	   0	3.551609e-01	3.064770e+01	3049	scram	scram_6.png	
DEV	   2	 309	   8	   0	4.309662e+02	  81	  81	3.482325e-01	2.803669e+01	3132	scram	scram_3.png	
DEV	   2	 310	   8	   0	4.383226e+02	  84	   0	3.289429e-01	2.767112e+01	3373	scram	scram_18.png	
DEV	   2	 311	   8	   0	4.452218e+02	  82	  82	3.405022e-01	2.783821e+01	3227	scram	scram_2.png	
DEV	   2	 312	   8	   0	4.524113e+02	  88	  88	2.932262e-01	2.586196e+01	3836	scram	scram_16.png	
DEV	   2	 313	   8	   0	4.608394e+02	  80	  80	2.901817e-01	2.329684e+01	3875	scram	scram_15.png	
DEV	   2	 314	   8	   0	4.683561e+02	  81	   0	2.888492e-01	2.348942e+01	3892	scram	scram_7.png	
DEV	   2	 315	   8	   0	4.741214e+02	  74	  74	6.941300e-01	5.139697e+01	 787	scram	scram_8.png	
DEV	   2	 316	   8	   0	4.805662e+02	  77	   0	7.069200e-01	5.420327e+01	 733	scram	scram_6.png	
DEV	   2	 317	   8	   0	4.869467e+02	  76	  76	6.419710e-01	4.910383e+01	1018	scram	scram_5.png	
DEV	   2	 318	   8	   0	4.932560e+02	  79	   0	6.299659e-01	4.964756e+01	1074	scram	scram_18.png	
DEV	   2	 319	   8	   0	4.989755e+02	  80	   0	6.327302e-01	5.045161e+01	1061	scram	scram_2.png	
DEV	   2	 320	   8	   0	5.053264e+02	  77	  77	6.551136e-01	5.053132e+01	 958	scram	scram_14.png	
DEV	   2	 321	   8	   0	5.125373e+02	  80	   0	3.237320e-01	2.599066e+01	3440	scram	scram_7.png	
DEV	   2	 322	   8	   0	5.191893e+02	  71	  71	6.215464e-01	4.415024e+01	1114	scram	scram_12.png	
DEV	   2	 323	   8	   0	5.252300e+02	  79	  79	6.171782e-01	4.884842e+01	1135	scram	scram_1.png	
DEV	   2	 324	   8	   0	5.313830e+02	  73	  73	6.171782e-01	4.514535e+01	1135	scram	scram_15.png	
DEV	   2	 325	   8	   0	5.375760e+02	  75	   0	6.087537e-01	4.588114e+01	1176	scram	scram_21.png	
DEV	   2	 326	   8	   0	5.441272e+02	  70	   0	6.263717e-01	4.378670e+01	1091	scram	scram_19.png	
DEV	   2	 327	   8	   0	5.506300e+02	  76	   0	6.333701e-01	4.795835e+01	1058	scram	scram_8.png	
DEV	   2	 328	   8	   0	5.580195e+02	  74	  74	5.982668e-01	4.405780e+01	1228	scram	scram_17.png	
DEV	   2	 329	   8	   0	5.646292e+02	  72	  72	5.923176e-01	4.252650e+01	1258	scram	scram_4.png	
DEV	   2	 330	   8	   0	5.713392e+02	  78	  78	5.921205e-01	4.606810e+01	1259	scram	scram_20.png	
DEV	   2	 331	   8	   0	5.781303e+02	  80	  80	6.020729e-01	4.789089e+01	1209	scram	scram_10.png	
DEV	   2	 332	   8	   0	5.843191e+02	  81	  81	6.000660e-01	4.836268e+01	1219	scram	scram_3.png	
DEV	   2	 333	   8	   0	5.907946e+02	  78	   0	6.034826e-01	4.677389e+01	1202	scram	scram_16.png	
DEV	   2	 334	   8	   0	5.981948e+02	  74	  74	5.948865e-01	4.386108e+01	1245	scram	scram_9.png	
DEV	   2	 335	   8	   0	6.040160e+02	  76	   0	5.856644e-01	4.449231e+01	1292	scram	scram_11.png	
DEV	   2	 336	   8	   0	6.106445e+02	  78	  78	6.232199e-01	4.860410e+01	1106	scram	scram_13.png	
CEVR	   2	 337	   9	   0	6.798394e+02	 158	   0	2.294066e-01	3.631178e+01	 655	fear	fear_5.png	
CEVR	   2	 338	   9	   0	6.868207e+02	 130	   0	2.762372e-01	3.589505e+01	1612	fear	fear_4.png	
CEVR	   2	 339	   9	   0	6.942568e+02	 106	 106	3.415084e-01	3.631698e+01	2508	fear	fear_14.png	
CEVR	   2	 340	   9	   0	7.015077e+02	 104	   0	3.455176e-01	3.596345e+01	2552	fear	fear_20.png	
CEVR	   2	 341	   9	   0	7.090048e+02	 112	   0	3.357532e-01	3.767151e+01	2443	fear	fear_10.png	
CEVR	   2	 342	   9	   0	7.160222e+02	 113	 113	3.393606e-01	3.835744e+01	2484	fear	fear_8.png	
CEVR	   2	 343	   9	   0	7.236395e+02	 111	   0	3.391828e-01	3.767837e+01	2482	fear	fear_9.png	
CEVR	   2	 344	   9	   0	7.301627e+02	 111	 111	3.367135e-01	3.733671e+01	2454	fear	fear_17.png	
CEVR	   2	 345	   9	   0	7.371588e+02	 111	 111	3.354053e-01	3.733541e+01	2439	fear	fear_11.png	
CEVR	   2	 346	   9	   0	7.445607e+02	 106	 106	3.361890e-01	3.565524e+01	2448	fear	fear_6.png	
CEVR	   2	 347	   9	   0	7.523941e+02	 112	 112	3.418691e-01	3.836748e+01	2512	fear	fear_13.png	
CEVR	   2	 348	   9	   0	7.590221e+02	 106	 106	3.408792e-01	3.597736e+01	2501	fear	fear_1.png	
CEVR	   2	 349	   9	   0	7.665757e+02	 106	 106	3.454254e-01	3.665457e+01	2551	fear	fear_15.png	
CEVR	   2	 350	   9	   0	7.733899e+02	 113	 113	3.383852e-01	3.835354e+01	2473	fear	fear_2.png	
CEVR	   2	 351	   9	   0	7.800982e+02	 106	 106	3.374153e-01	3.565034e+01	2462	fear	fear_16.png	
CEVR	   2	 352	   9	   0	7.868148e+02	 109	 109	3.388278e-01	  37	2478	fear	fear_12.png	
CEVR	   2	 353	   9	   0	7.935261e+02	 115	 115	3.378555e-01	3.868928e+01	2467	fear	fear_19.png	
CEVR	   2	 354	   9	   0	8.002011e+02	 110	 110	3.313715e-01	3.633726e+01	2392	fear	fear_3.png	
CEVR	   2	 355	   9	   0	8.076198e+02	 107	 107	3.387392e-01	3.632252e+01	2477	fear	fear_18.png	
CEVR	   2	 356	   9	   0	8.144237e+02	 111	   0	3.336769e-01	3.700000e+01	2419	fear	fear_7.png	
CEVR	   2	 357	   9	   0	8.219527e+02	 110	 110	3.407895e-01	3.734079e+01	2500	fear	fear_21.png	
CEVR	   2	 358	   9	   0	8.292587e+02	 106	   0	3.366259e-01	3.565350e+01	2453	fear	fear_14.png	
CEVR	   2	 359	   9	   0	8.367733e+02	 113	   0	3.381201e-01	3.835248e+01	2470	fear	fear_4.png	
CEVR	   2	 360	   9	   0	8.432025e+02	 105	   0	3.407895e-01	3.563684e+01	2500	fear	fear_9.png	
CEVR	   2	 361	   9	   0	8.507201e+02	 107	 107	3.387392e-01	3.632252e+01	2477	fear	fear_7.png	
CEVR	   2	 362	   9	   0	8.576589e+02	 110	 110	3.424114e-01	3.768482e+01	2518	fear	fear_12.png	
CEVR	   2	 363	   9	   0	8.649886e+02	 104	   0	3.407895e-01	3.529605e+01	2500	fear	fear_19.png	
CEVR	   2	 364	   9	   0	8.715776e+02	 112	   0	3.331618e-01	3.733316e+01	2413	fear	fear_17.png	
CEVR	   2	 365	   9	   0	8.791179e+02	 110	   0	3.425926e-01	3.768519e+01	2520	fear	fear_20.png	
CEVR	   2	 366	   9	   0	8.860676e+02	 111	 111	3.435925e-01	3.803078e+01	2531	fear	fear_3.png	
CEVR	   2	 367	   9	   0	8.927785e+02	 112	   0	3.373274e-01	3.767465e+01	2461	fear	fear_1.png	
CEVR	   2	 368	   9	   0	8.998849e+02	 109	 109	3.366259e-01	3.666337e+01	2453	fear	fear_13.png	
CEVR	   2	 369	   9	   0	9.067190e+02	 111	 111	3.413284e-01	3.802399e+01	2506	fear	fear_18.png	
CEVR	   2	 370	   9	   0	9.145500e+02	 110	   0	3.407895e-01	3.734079e+01	2500	fear	fear_6.png	
CEVR	   2	 371	   9	   0	9.216625e+02	 106	 106	3.374153e-01	3.565034e+01	2462	fear	fear_8.png	
CEVR	   2	 372	   9	   0	9.291789e+02	 109	   0	3.380318e-01	  37	2469	fear	fear_11.png	
CEVR	   2	 373	   9	   0	9.368363e+02	 111	   0	3.454254e-01	3.838170e+01	2551	fear	fear_5.png	
CEVR	   2	 374	   9	   0	9.429912e+02	 112	 112	3.364510e-01	3.767290e+01	2451	fear	fear_21.png	
CEVR	   2	 375	   9	   0	9.506996e+02	 106	 106	3.364510e-01	3.565420e+01	2451	fear	fear_15.png	
CEVR	   2	 376	   9	   0	9.580242e+02	 112	   0	3.396276e-01	3.801888e+01	2487	fear	fear_2.png	
CEVR	   2	 377	   9	   0	9.646407e+02	 111	 111	3.379436e-01	3.767589e+01	2468	fear	fear_16.png	
CEVR	   2	 378	   9	   0	9.713791e+02	 110	 110	3.417788e-01	3.768356e+01	2511	fear	fear_10.png	
IEV	   2	 379	  10	   0	1.040960e+03	  16	  16	8.841619e-01	1.438234e+01	 722	happy	happy_16.png	
IEV	   2	 380	  10	   0	1.047043e+03	  21	  21	8.684698e-01	1.853268e+01	 999	happy	happy_12.png	
IEV	   2	 381	  10	   0	1.054139e+03	  26	  26	8.669642e-01	2.220992e+01	1021	happy	happy_15.png	
IEV	   2	 382	  10	   0	1.059885e+03	  30	  30	8.418481e-01	2.528522e+01	1328	happy	happy_3.png	
IEV	   2	 383	  10	   0	1.066705e+03	  36	   0	8.041936e-01	2.917009e+01	1675	happy	happy_14.png	
IEV	   2	 384	  10	   0	1.074097e+03	  45	  45	7.637030e-01	3.429002e+01	1977	happy	happy_4.png	
IEV	   2	 385	  10	   0	1.081037e+03	  43	  43	7.448251e-01	3.205507e+01	2103	happy	happy_17.png	
IEV	   2	 386	  10	   0	1.088153e+03	  57	  57	6.846116e-01	3.868377e+01	2466	happy	happy_7.png	
IEV	   2	 387	  10	   0	1.095598e+03	  74	  74	5.989982e-01	4.456388e+01	2922	happy	happy_18.png	
IEV	   2	 388	  10	   0	1.102877e+03	  81	  81	5.450813e-01	4.409590e+01	3190	happy	happy_13.png	
IEV	   2	 389	  10	   0	1.109841e+03	 123	 123	4.270146e-01	5.241689e+01	3758	happy	happy_20.png	
IEV	   2	 390	  10	   0	1.116760e+03	 112	   0	4.455940e-01	4.993345e+01	3669	happy	happy_6.png	
IEV	   2	 391	  10	   0	1.124590e+03	  98	   0	4.823623e-01	4.733274e+01	3493	happy	happy_5.png	
IEV	   2	 392	  10	   0	1.132353e+03	 105	 105	4.692082e-01	4.936758e+01	3556	happy	happy_2.png	
IEV	   2	 393	  10	   0	1.140683e+03	 118	 118	4.407893e-01	5.190040e+01	3692	happy	happy_19.png	
IEV	   2	 394	  10	   0	1.147513e+03	 113	 113	4.414159e-01	4.966938e+01	3689	happy	happy_11.png	
IEV	   2	 395	  10	   0	1.155341e+03	 114	 114	4.424603e-01	5.050908e+01	3684	happy	happy_9.png	
IEV	   2	 396	  10	   0	1.162453e+03	 111	 111	4.489372e-01	4.979029e+01	3653	happy	happy_1.png	
IEV	   2	 397	  10	   0	1.169647e+03	 120	   0	4.147250e-01	4.995884e+01	3817	happy	happy_8.png	
IEV	   2	 398	  10	   0	1.176840e+03	 122	   0	4.159735e-01	5.073752e+01	3811	happy	happy_10.png	
IEV	   2	 399	  10	   0	1.185176e+03	 120	 120	4.395362e-01	5.282723e+01	3698	happy	happy_21.png	
IEV	   2	 400	  10	   0	1.193719e+03	 118	   0	4.366128e-01	5.162236e+01	3712	happy	happy_1.png	
IEV	   2	 401	  10	   0	1.200960e+03	 115	   0	4.370304e-01	5.029508e+01	3710	happy	happy_11.png	
IEV	   2	 402	  10	   0	1.208590e+03	 110	   0	4.422514e-01	4.874871e+01	3685	happy	happy_3.png	
IEV	   2	 403	  10	   0	1.216115e+03	 111	 111	4.441315e-01	4.910746e+01	3676	happy	happy_16.png	
IEV	   2	 404	  10	   0	1.224353e+03	 118	   0	4.389097e-01	5.197198e+01	3701	happy	happy_9.png	
IEV	   2	 405	  10	   0	1.232978e+03	 117	 117	4.441315e-01	5.177225e+01	3676	happy	happy_20.png	
IEV	   2	 406	  10	   0	1.241118e+03	 111	 111	4.451761e-01	4.950609e+01	3671	happy	happy_21.png	
IEV	   2	 407	  10	   0	1.248937e+03	 114	 114	4.472655e-01	5.120381e+01	3661	happy	happy_10.png	
IEV	   2	 408	  10	   0	1.256660e+03	 113	   0	4.451761e-01	5.039644e+01	3671	happy	happy_4.png	
IEV	   2	 409	  10	   0	1.265228e+03	 111	 111	4.397450e-01	4.886199e+01	3697	happy	happy_7.png	
IEV	   2	 410	  10	   0	1.273087e+03	 121	   0	4.305603e-01	5.228573e+01	3741	happy	happy_2.png	
IEV	   2	 411	  10	   0	1.280085e+03	 106	 106	4.554158e-01	4.814346e+01	3622	happy	happy_15.png	
IEV	   2	 412	  10	   0	1.288068e+03	 103	 103	4.631486e-01	4.777986e+01	3585	happy	happy_6.png	
IEV	   2	 413	  10	   0	1.296017e+03	 116	   0	4.343166e-01	5.040817e+01	3723	happy	happy_13.png	
IEV	   2	 414	  10	   0	1.303444e+03	 124	   0	4.201373e-01	5.224762e+01	3791	happy	happy_8.png	
IEV	   2	 415	  10	   0	1.310178e+03	  31	  31	8.023479e-01	2.453093e+01	1690	happy	happy_5.png	
IEV	   2	 416	  10	   0	1.317820e+03	 112	 112	4.376568e-01	4.895590e+01	3707	happy	happy_17.png	
IEV	   2	 417	  10	   0	1.325946e+03	 109	 109	4.445493e-01	4.864430e+01	3674	happy	happy_14.png	
IEV	   2	 418	  10	   0	1.333307e+03	 114	 114	4.357778e-01	4.947581e+01	3716	happy	happy_12.png	
IEV	   2	 419	  10	   0	1.341320e+03	 109	 109	4.501910e-01	4.928612e+01	3647	happy	happy_18.png	
IEV	   2	 420	  10	   0	1.348907e+03	 105	 105	4.614767e-01	4.832046e+01	3593	happy	happy_19.png	
DEV	   2	 421	  11	   0	1.418176e+03	  83	   0	4.641014e-01	3.857637e+01	2030	fear	fear_15.png	
DEV	   2	 422	  11	   0	1.423575e+03	  67	  67	8.954581e-01	5.976001e+01	  16	fear	fear_14.png	
DEV	   2	 423	  11	   0	1.430476e+03	  63	  63	8.943245e-01	5.615688e+01	  20	fear	fear_13.png	
DEV	   2	 424	  11	   0	1.435877e+03	  70	  70	8.937579e-01	6.240240e+01	  22	fear	fear_2.png	
DEV	   2	 425	  11	   0	1.441077e+03	  67	  67	8.946078e-01	5.974067e+01	  19	fear	fear_18.png	
DEV	   2	 426	  11	   0	1.447778e+03	  63	  63	8.946078e-01	5.616224e+01	  19	fear	fear_11.png	
DEV	   2	 427	  11	   0	1.452979e+03	  71	  71	8.943245e-01	6.331148e+01	  20	fear	fear_8.png	
DEV	   2	 428	  11	   0	1.458480e+03	  64	  64	8.946078e-01	5.705685e+01	  19	fear	fear_20.png	
DEV	   2	 429	  11	   0	1.465081e+03	  62	  62	8.948912e-01	5.527268e+01	  18	fear	fear_12.png	
DEV	   2	 430	  11	   0	1.470683e+03	  65	   0	8.946078e-01	5.795145e+01	  19	fear	fear_6.png	
DEV	   2	 431	  11	   0	1.477185e+03	  65	  65	8.937579e-01	5.793361e+01	  22	fear	fear_5.png	
DEV	   2	 432	  11	   0	1.483689e+03	  63	  63	8.934747e-01	5.614067e+01	  23	fear	fear_17.png	
DEV	   2	 433	  11	   0	1.488792e+03	  63	  63	8.948912e-01	5.616757e+01	  18	fear	fear_21.png	
DEV	   2	 434	  11	   0	1.493907e+03	  70	  70	8.957416e-01	6.245364e+01	  15	fear	fear_10.png	
DEV	   2	 435	  11	   0	1.499828e+03	  71	  71	8.288576e-01	5.854020e+01	 256	fear	fear_4.png	
DEV	   2	 436	  11	   0	1.505073e+03	  71	   0	7.635389e-01	5.416090e+01	 504	fear	fear_16.png	
DEV	   2	 437	  11	   0	1.512604e+03	  78	  78	5.522008e-01	4.297747e+01	1471	fear	fear_9.png	
DEV	   2	 438	  11	   0	1.520266e+03	  78	   0	4.255817e-01	3.327184e+01	2335	fear	fear_7.png	
DEV	   2	 439	  11	   0	1.528432e+03	  83	   0	3.154831e-01	2.603987e+01	3547	fear	fear_19.png	
DEV	   2	 440	  11	   0	1.536357e+03	  84	   0	3.220300e-01	2.715921e+01	3462	fear	fear_1.png	
DEV	   2	 441	  11	   0	1.543485e+03	  73	  73	6.771946e-01	4.911314e+01	 860	fear	fear_3.png	
DEV	   2	 442	  11	   0	1.549890e+03	  62	  62	8.940412e-01	5.525746e+01	  21	fear	fear_5.png	
DEV	   2	 443	  11	   0	1.555494e+03	  64	  64	8.937579e-01	5.703986e+01	  22	fear	fear_19.png	
DEV	   2	 444	  11	   0	1.561599e+03	  68	   0	8.940412e-01	6.062171e+01	  21	fear	fear_14.png	
DEV	   2	 445	  11	   0	1.567401e+03	  70	  70	8.957416e-01	6.245364e+01	  15	fear	fear_3.png	
DEV	   2	 446	  11	   0	1.572904e+03	  63	  63	8.963088e-01	5.619392e+01	  13	fear	fear_20.png	
DEV	   2	 447	  11	   0	1.579511e+03	  69	  69	8.937579e-01	6.150865e+01	  22	fear	fear_4.png	
DEV	   2	 448	  11	   0	1.585516e+03	  68	  68	8.943245e-01	6.062850e+01	  20	fear	fear_1.png	
DEV	   2	 449	  11	   0	1.591522e+03	  68	  68	8.940412e-01	6.062171e+01	  21	fear	fear_8.png	
DEV	   2	 450	  11	   0	1.597935e+03	  67	  67	7.813168e-01	5.261690e+01	 435	fear	fear_2.png	
DEV	   2	 451	  11	   0	1.603366e+03	  75	  75	7.216311e-01	5.429570e+01	 672	fear	fear_15.png	
DEV	   2	 452	  11	   0	1.610116e+03	  69	  69	7.129157e-01	4.954711e+01	 708	fear	fear_12.png	
DEV	   2	 453	  11	   0	1.617024e+03	  77	  77	6.857269e-01	5.299597e+01	 823	fear	fear_21.png	
DEV	   2	 454	  11	   0	1.623172e+03	  74	  74	7.167774e-01	5.331746e+01	 692	fear	fear_10.png	
DEV	   2	 455	  11	   0	1.629730e+03	  78	  78	7.095523e-01	5.505998e+01	 722	fear	fear_9.png	
DEV	   2	 456	  11	   0	1.635277e+03	  74	  74	7.314264e-01	5.408486e+01	 632	fear	fear_17.png	
DEV	   2	 457	  11	   0	1.640492e+03	  75	   0	7.306877e-01	5.477737e+01	 635	fear	fear_6.png	
DEV	   2	 458	  11	   0	1.646665e+03	  67	  67	7.516142e-01	5.059640e+01	 551	fear	fear_11.png	
DEV	   2	 459	  11	   0	1.652963e+03	  70	  70	7.383521e-01	5.148671e+01	 604	fear	fear_16.png	
DEV	   2	 460	  11	   0	1.658662e+03	  72	  72	6.981327e-01	5.021681e+01	 770	fear	fear_18.png	
DEV	   2	 461	  11	   0	1.664052e+03	  67	  67	7.936058e-01	5.310886e+01	 388	fear	fear_13.png	
DEV	   2	 462	  11	   0	1.670257e+03	  61	   0	8.960252e-01	5.439664e+01	  14	fear	fear_7.png	
CEV	   2	 463	  12	   0	1.741799e+03	  50	   0	7.705714e-01	3.854114e+01	 906	scram	scram_17.png	
CEV	   2	 464	  12	   0	1.747907e+03	  38	   0	8.972857e-01	3.430814e+01	  19	scram	scram_1.png	
CEV	   2	 465	  12	   0	1.754205e+03	  47	  47	8.428571e-01	3.952857e+01	 400	scram	scram_13.png	
CEV	   2	 466	  12	   0	1.759688e+03	  43	  43	8.470000e-01	3.615300e+01	 371	scram	scram_16.png	
CEV	   2	 467	  12	   0	1.767427e+03	  57	  57	6.885714e-01	3.906571e+01	1480	scram	scram_18.png	
CEV	   2	 468	  12	   0	1.774051e+03	  56	   0	6.167143e-01	3.453314e+01	1983	scram	scram_4.png	
CEV	   2	 469	  12	   0	1.780675e+03	  63	   0	6.068571e-01	3.821371e+01	2052	scram	scram_7.png	
CEV	   2	 470	  12	   0	1.787666e+03	  67	  67	5.592857e-01	3.755929e+01	2385	scram	scram_15.png	
CEV	   2	 471	  12	   0	1.793998e+03	  67	   0	5.477143e-01	3.645229e+01	2466	scram	scram_14.png	
CEV	   2	 472	  12	   0	1.800820e+03	  71	   0	5.040000e-01	3.599200e+01	2772	scram	scram_6.png	
CEV	   2	 473	  12	   0	1.807783e+03	  85	   0	4.530000e-01	3.835900e+01	3129	scram	scram_8.png	
CEV	   2	 474	  12	   0	1.815293e+03	  90	   0	4.112857e-01	3.700000e+01	3421	scram	scram_10.png	
CEV	   2	 475	  12	   0	1.822976e+03	 105	   0	3.684286e-01	3.884214e+01	3721	scram	scram_19.png	
CEV	   2	 476	  12	   0	1.830769e+03	  79	   0	4.448571e-01	3.522057e+01	3186	scram	scram_20.png	
CEV	   2	 477	  12	   0	1.837379e+03	  42	  42	8.972857e-01	3.789729e+01	  19	scram	scram_21.png	
CEV	   2	 478	  12	   0	1.844546e+03	 115	 115	3.378571e-01	3.868929e+01	3935	scram	scram_5.png	
CEV	   2	 479	  12	   0	1.852344e+03	 114	   0	3.311429e-01	3.766229e+01	3982	scram	scram_9.png	
CEV	   2	 480	  12	   0	1.860717e+03	 113	   0	3.248571e-01	3.667514e+01	4026	scram	scram_11.png	
CEV	   2	 481	  12	   0	1.868819e+03	 106	   0	3.345714e-01	3.532714e+01	3958	scram	scram_2.png	
CEV	   2	 482	  12	   0	1.876569e+03	 111	   0	3.248571e-01	3.602543e+01	4026	scram	scram_3.png	
CEV	   2	 483	  12	   0	1.885135e+03	 100	   0	3.674286e-01	3.663257e+01	3728	scram	scram_12.png	
CEV	   2	 484	  12	   0	1.892288e+03	  70	   0	5.425714e-01	3.808514e+01	2502	scram	scram_4.png	
CEV	   2	 485	  12	   0	1.899523e+03	  61	   0	5.764286e-01	3.527071e+01	2265	scram	scram_1.png	
CEV	   2	 486	  12	   0	1.906675e+03	  66	   0	5.431429e-01	3.591371e+01	2498	scram	scram_13.png	
CEV	   2	 487	  12	   0	1.912505e+03	  38	  38	8.971429e-01	3.430857e+01	  20	scram	scram_10.png	
CEV	   2	 488	  12	   0	1.918315e+03	  37	  37	8.980000e-01	3.340800e+01	  14	scram	scram_14.png	
CEV	   2	 489	  12	   0	1.925499e+03	  63	  63	5.622857e-01	3.531314e+01	2364	scram	scram_11.png	
CEV	   2	 490	  12	   0	1.931576e+03	  68	  68	5.645714e-01	3.812914e+01	2348	scram	scram_17.png	
CEV	   2	 491	  12	   0	1.938761e+03	  68	  68	5.624286e-01	3.812486e+01	2363	scram	scram_20.png	
CEV	   2	 492	  12	   0	1.945648e+03	  67	  67	5.618571e-01	3.756186e+01	2367	scram	scram_9.png	
CEV	   2	 493	  12	   0	1.952853e+03	  70	   0	5.568571e-01	3.922743e+01	2402	scram	scram_19.png	
CEV	   2	 494	  12	   0	1.960639e+03	  68	   0	5.622857e-01	3.812457e+01	2364	scram	scram_6.png	
CEV	   2	 495	  12	   0	1.966898e+03	  63	   0	5.737143e-01	3.642629e+01	2284	scram	scram_21.png	
CEV	   2	 496	  12	   0	1.974661e+03	  66	  66	5.688571e-01	3.756886e+01	2318	scram	scram_7.png	
CEV	   2	 497	  12	   0	1.982008e+03	  62	  62	5.737143e-01	3.585257e+01	2284	scram	scram_18.png	
CEV	   2	 498	  12	   0	1.988605e+03	  63	  63	5.878571e-01	  37	2185	scram	scram_5.png	
CEV	   2	 499	  12	   0	1.996279e+03	  65	   0	5.998571e-01	3.879957e+01	2101	scram	scram_2.png	
CEV	   2	 500	  12	   0	2.003652e+03	  57	  57	5.951429e-01	3.402429e+01	2134	scram	scram_3.png	
CEV	   2	 501	  12	   0	2.010259e+03	  59	   0	5.855714e-01	3.465771e+01	2201	scram	scram_12.png	
CEV	   2	 502	  12	   0	2.017292e+03	  66	  66	6.105714e-01	4.005286e+01	2026	scram	scram_15.png	
CEV	   2	 503	  12	   0	2.023436e+03	  65	  65	6.030000e-01	3.941200e+01	2079	scram	scram_8.png	
CEV	   2	 504	  12	   0	2.030913e+03	  64	   0	5.938571e-01	3.818771e+01	2143	scram	scram_16.png	
