#Subj:	11075
#Run:	1
#Age:	25
#Gender:	male
#23-Jul-2013
Func	Run	Trial	Block	Null	trialStartTime	Mag	ScoreInc	Freq	EV	RT	Emotion	Image
CEV	   1	   1	  12	   0	1.361017e+02	  51	   0	7.548571e-01	3.850971e+01	1016	 115	  99	 114	  97	 109	scram	scram_16.png	
CEV	   1	   2	  12	   0	1.430467e+02	  61	  61	6.321429e-01	3.826429e+01	1875	 115	  99	 114	  97	 109	scram	scram_8.png	
CEV	   1	   3	  12	   0	1.504861e+02	  69	  69	5.547143e-01	3.810943e+01	2417	 115	  99	 114	  97	 109	scram	scram_15.png	
CEV	   1	   4	  12	   0	1.572862e+02	  90	  90	4.185714e-01	3.783714e+01	3370	 115	  99	 114	  97	 109	scram	scram_12.png	
CEV	   1	   5	  12	   0	1.655591e+02	  91	  91	3.980000e-01	3.620400e+01	3514	 115	  99	 114	  97	 109	scram	scram_3.png	
CEV	   1	   6	  12	   0	1.732438e+02	  90	   0	3.945714e-01	3.542171e+01	3538	 115	  99	 114	  97	 109	scram	scram_2.png	
CEV	   1	   7	  12	   0	1.805738e+02	  81	  81	4.672857e-01	3.793457e+01	3029	 115	  99	 114	  97	 109	scram	scram_5.png	
CEV	   1	   8	  12	   0	1.881514e+02	  92	  92	4.251429e-01	3.912571e+01	3324	 115	  99	 114	  97	 109	scram	scram_18.png	
CEV	   1	   9	  12	   0	1.953631e+02	  88	  88	4.154286e-01	3.658457e+01	3392	 115	  99	 114	  97	 109	scram	scram_7.png	
CEV	   1	  10	  12	   0	2.031406e+02	  96	   0	3.967143e-01	3.819014e+01	3523	 115	  99	 114	  97	 109	scram	scram_21.png	
CEV	   1	  11	  12	   0	2.113510e+02	  80	   0	4.444286e-01	3.566671e+01	3189	 115	  99	 114	  97	 109	scram	scram_6.png	
CEV	   1	  12	  12	   0	2.185272e+02	  75	   0	4.878571e-01	3.651214e+01	2885	 115	  99	 114	  97	 109	scram	scram_19.png	
CEV	   1	  13	  12	   0	2.248443e+02	  49	  49	7.857143e-01	3.857143e+01	 800	 115	  99	 114	  97	 109	scram	scram_9.png	
CEV	   1	  14	  12	   0	2.314883e+02	  51	  51	6.924286e-01	3.561514e+01	1453	 115	  99	 114	  97	 109	scram	scram_20.png	
CEV	   1	  15	  12	   0	2.380130e+02	  65	  65	5.837143e-01	3.816743e+01	2214	 115	  99	 114	  97	 109	scram	scram_17.png	
CEV	   1	  16	  12	   0	2.453899e+02	  68	  68	5.115714e-01	3.495371e+01	2719	 115	  99	 114	  97	 109	scram	scram_11.png	
CEV	   1	  17	  12	   0	2.515910e+02	  78	  78	5.047143e-01	3.952357e+01	2767	 115	  99	 114	  97	 109	scram	scram_14.png	
CEV	   1	  18	  12	   0	2.580219e+02	  75	  75	4.978571e-01	3.749786e+01	2815	 115	  99	 114	  97	 109	scram	scram_10.png	
CEV	   1	  19	  12	   0	2.656057e+02	  80	  80	4.811429e-01	3.844343e+01	2932	 115	  99	 114	  97	 109	scram	scram_13.png	
CEV	   1	  20	  12	   0	2.738096e+02	  77	   0	4.790000e-01	  37	2947	 115	  99	 114	  97	 109	scram	scram_1.png	
CEV	   1	  21	  12	   0	2.811283e+02	  78	   0	5.000000e-01	  39	2800	 115	  99	 114	  97	 109	scram	scram_4.png	
CEV	   1	  22	  12	   0	2.882130e+02	  69	  69	5.385714e-01	  37	2530	 115	  99	 114	  97	 109	scram	scram_12.png	
CEV	   1	  23	  12	   0	2.953139e+02	  69	  69	5.051429e-01	3.497943e+01	2764	 115	  99	 114	  97	 109	scram	scram_3.png	
CEV	   1	  24	  12	   0	3.032735e+02	  67	  67	5.741429e-01	3.872243e+01	2281	 115	  99	 114	  97	 109	scram	scram_2.png	
CEV	   1	  25	  12	   0	3.107925e+02	  73	  73	5.285714e-01	3.858571e+01	2600	 115	  99	 114	  97	 109	scram	scram_11.png	
CEV	   1	  26	  12	   0	3.172690e+02	  76	  76	5.122857e-01	3.904914e+01	2714	 115	  99	 114	  97	 109	scram	scram_9.png	
CEV	   1	  27	  12	   0	3.241485e+02	  69	  69	5.112857e-01	3.546614e+01	2721	 115	  99	 114	  97	 109	scram	scram_5.png	
CEV	   1	  28	  12	   0	3.317767e+02	  75	  75	4.975714e-01	3.749757e+01	2817	 115	  99	 114	  97	 109	scram	scram_21.png	
CEV	   1	  29	  12	   0	3.387646e+02	  72	   0	5.094286e-01	3.649057e+01	2734	 115	  99	 114	  97	 109	scram	scram_20.png	
CEV	   1	  30	  12	   0	3.463394e+02	  69	   0	5.414286e-01	3.754143e+01	2510	 115	  99	 114	  97	 109	scram	scram_19.png	
CEV	   1	  31	  12	   0	3.528051e+02	  49	  49	8.300000e-01	4.032000e+01	 490	 115	  99	 114	  97	 109	scram	scram_10.png	
CEV	   1	  32	  12	   0	3.584943e+02	  50	  50	7.947143e-01	3.938414e+01	 737	 115	  99	 114	  97	 109	scram	scram_8.png	
CEV	   1	  33	  12	   0	3.640691e+02	  51	  51	7.131429e-01	3.628686e+01	1308	 115	  99	 114	  97	 109	scram	scram_6.png	
CEV	   1	  34	  12	   0	3.699463e+02	  46	  46	7.424286e-01	3.403029e+01	1103	 115	  99	 114	  97	 109	scram	scram_14.png	
CEV	   1	  35	  12	   0	3.762720e+02	  53	   0	6.985714e-01	3.700000e+01	1410	 115	  99	 114	  97	 109	scram	scram_15.png	
CEV	   1	  36	  12	   0	3.823811e+02	  57	  57	7.034286e-01	3.981371e+01	1376	 115	  99	 114	  97	 109	scram	scram_7.png	
CEV	   1	  37	  12	   0	3.891684e+02	  55	  55	6.811429e-01	3.768114e+01	1532	 115	  99	 114	  97	 109	scram	scram_4.png	
CEV	   1	  38	  12	   0	3.963531e+02	  57	  57	5.962857e-01	3.401857e+01	2126	 115	  99	 114	  97	 109	scram	scram_18.png	
CEV	   1	  39	  12	   0	4.027437e+02	  79	   0	4.517143e-01	3.564486e+01	3138	 115	  99	 114	  97	 109	scram	scram_16.png	
CEV	   1	  40	  12	   0	4.104836e+02	  61	  61	5.854286e-01	3.582914e+01	2202	 115	  99	 114	  97	 109	scram	scram_13.png	
CEV	   1	  41	  12	   0	4.173696e+02	  54	  54	6.532857e-01	3.504014e+01	1727	 115	  99	 114	  97	 109	scram	scram_1.png	
CEV	   1	  42	  12	   0	4.241796e+02	  61	   0	5.894286e-01	3.582114e+01	2174	 115	  99	 114	  97	 109	scram	scram_17.png	
DEV	   1	  43	  11	   0	4.991009e+02	  81	   0	4.641014e-01	3.764817e+01	2030	 102	 101	  97	 114	fear	fear_7.png	
DEV	   1	  44	  11	   0	5.051454e+02	  73	  73	6.813322e-01	5.001548e+01	 842	 102	 101	  97	 114	fear	fear_13.png	
DEV	   1	  45	  11	   0	5.117062e+02	  72	   0	6.297538e-01	4.522612e+01	1075	 102	 101	  97	 114	fear	fear_18.png	
DEV	   1	  46	  11	   0	5.172685e+02	  71	   0	6.746785e-01	4.762871e+01	 871	 102	 101	  97	 114	fear	fear_16.png	
DEV	   1	  47	  11	   0	5.243144e+02	  82	   0	3.730663e-01	3.049180e+01	2845	 102	 101	  97	 114	fear	fear_11.png	
DEV	   1	  48	  11	   0	5.308486e+02	  73	  73	5.612842e-01	4.074723e+01	1421	 102	 101	  97	 114	fear	fear_6.png	
DEV	   1	  49	  11	   0	5.369385e+02	  74	   0	5.078983e-01	3.756863e+01	1733	 102	 101	  97	 114	fear	fear_17.png	
DEV	   1	  50	  11	   0	5.430068e+02	  69	   0	6.705817e-01	4.607473e+01	 889	 102	 101	  97	 114	fear	fear_9.png	
DEV	   1	  51	  11	   0	5.493722e+02	  84	   0	4.090801e-01	3.422064e+01	2482	 102	 101	  97	 114	fear	fear_10.png	
DEV	   1	  52	  11	   0	5.559166e+02	  73	  73	5.578085e-01	4.054465e+01	1440	 102	 101	  97	 114	fear	fear_21.png	
DEV	   1	  53	  11	   0	5.640857e+02	  81	   0	3.354735e-01	2.714499e+01	3290	 102	 101	  97	 114	fear	fear_12.png	
DEV	   1	  54	  11	   0	5.716569e+02	  81	   0	3.515492e-01	2.861839e+01	3092	 102	 101	  97	 114	fear	fear_15.png	
DEV	   1	  55	  11	   0	5.784032e+02	  70	  70	6.813322e-01	4.797148e+01	 842	 102	 101	  97	 114	fear	fear_2.png	
DEV	   1	  56	  11	   0	5.844650e+02	  70	  70	6.742220e-01	4.693084e+01	 873	 102	 101	  97	 114	fear	fear_8.png	
DEV	   1	  57	  11	   0	5.905775e+02	  77	  77	6.971889e-01	5.365381e+01	 774	 102	 101	  97	 114	fear	fear_1.png	
DEV	   1	  58	  11	   0	5.972471e+02	  74	  74	6.705817e-01	4.942764e+01	 889	 102	 101	  97	 114	fear	fear_4.png	
DEV	   1	  59	  11	   0	6.034187e+02	  78	  78	6.699013e-01	5.206973e+01	 892	 102	 101	  97	 114	fear	fear_20.png	
DEV	   1	  60	  11	   0	6.100814e+02	  73	  73	6.739939e-01	4.894123e+01	 874	 102	 101	  97	 114	fear	fear_3.png	
DEV	   1	  61	  11	   0	6.158695e+02	  73	  73	6.626885e-01	4.832753e+01	 924	 102	 101	  97	 114	fear	fear_14.png	
DEV	   1	  62	  11	   0	6.219756e+02	  71	  71	6.546709e-01	4.657703e+01	 960	 102	 101	  97	 114	fear	fear_19.png	
DEV	   1	  63	  11	   0	6.289291e+02	  72	  72	6.340107e-01	4.545999e+01	1055	 102	 101	  97	 114	fear	fear_5.png	
DEV	   1	  64	  11	   0	6.351530e+02	  74	  74	6.053009e-01	4.507021e+01	1193	 102	 101	  97	 114	fear	fear_3.png	
DEV	   1	  65	  11	   0	6.417610e+02	  80	   0	5.724541e-01	4.597349e+01	1361	 102	 101	  97	 114	fear	fear_1.png	
DEV	   1	  66	  11	   0	6.490761e+02	  75	  75	6.087537e-01	4.588114e+01	1176	 102	 101	  97	 114	fear	fear_19.png	
DEV	   1	  67	  11	   0	6.560967e+02	  73	   0	6.067198e-01	4.454666e+01	1186	 102	 101	  97	 114	fear	fear_7.png	
DEV	   1	  68	  11	   0	6.629926e+02	  73	  73	6.597814e-01	4.816813e+01	 937	 102	 101	  97	 114	fear	fear_9.png	
DEV	   1	  69	  11	   0	6.694539e+02	  78	  78	6.314527e-01	4.910832e+01	1067	 102	 101	  97	 114	fear	fear_16.png	
DEV	   1	  70	  11	   0	6.766203e+02	  72	  72	6.293299e-01	4.520277e+01	1077	 102	 101	  97	 114	fear	fear_4.png	
DEV	   1	  71	  11	   0	6.820018e+02	  71	  71	6.230104e-01	4.423014e+01	1107	 102	 101	  97	 114	fear	fear_10.png	
DEV	   1	  72	  11	   0	6.876342e+02	  80	   0	6.022740e-01	4.790374e+01	1208	 102	 101	  97	 114	fear	fear_21.png	
DEV	   1	  73	  11	   0	6.937255e+02	  75	  75	6.629126e-01	4.966562e+01	 923	 102	 101	  97	 114	fear	fear_17.png	
DEV	   1	  74	  11	   0	6.997003e+02	  72	  72	6.263717e-01	4.503944e+01	1091	 102	 101	  97	 114	fear	fear_5.png	
DEV	   1	  75	  11	   0	7.065245e+02	  77	  77	6.482873e-01	5.012487e+01	 989	 102	 101	  97	 114	fear	fear_6.png	
DEV	   1	  76	  11	   0	7.140069e+02	  70	  70	6.230104e-01	4.360713e+01	1107	 102	 101	  97	 114	fear	fear_12.png	
DEV	   1	  77	  11	   0	7.196726e+02	  76	   0	6.301781e-01	4.777020e+01	1073	 102	 101	  97	 114	fear	fear_20.png	
DEV	   1	  78	  11	   0	7.259648e+02	  75	  75	6.622403e-01	4.962749e+01	 926	 102	 101	  97	 114	fear	fear_8.png	
DEV	   1	  79	  11	   0	7.328242e+02	  75	  75	6.329434e-01	4.730030e+01	1060	 102	 101	  97	 114	fear	fear_11.png	
DEV	   1	  80	  11	   0	7.384061e+02	  77	  77	6.236390e-01	4.800625e+01	1104	 102	 101	  97	 114	fear	fear_18.png	
DEV	   1	  81	  11	   0	7.449163e+02	  77	  77	6.122301e-01	4.731188e+01	1159	 102	 101	  97	 114	fear	fear_2.png	
DEV	   1	  82	  11	   0	7.513513e+02	  73	  73	6.437067e-01	4.727542e+01	1010	 102	 101	  97	 114	fear	fear_13.png	
DEV	   1	  83	  11	   0	7.572333e+02	  78	  78	6.238488e-01	4.864278e+01	1103	 102	 101	  97	 114	fear	fear_14.png	
DEV	   1	  84	  11	   0	7.638358e+02	  79	   0	6.155236e-01	4.874424e+01	1143	 102	 101	  97	 114	fear	fear_15.png	
IEV	   1	  85	  10	   0	8.370922e+02	  43	  43	7.483539e-01	3.251355e+01	2080	 104	  97	 112	 112	 121	happy	happy_19.png	
IEV	   1	  86	  10	   0	8.441583e+02	  60	  60	6.476625e-01	3.914259e+01	2669	 104	  97	 112	 112	 121	happy	happy_18.png	
IEV	   1	  87	  10	   0	8.508990e+02	  76	  76	5.797175e-01	4.386525e+01	3019	 104	  97	 112	 112	 121	happy	happy_12.png	
IEV	   1	  88	  10	   0	8.592504e+02	  79	   0	5.765094e-01	4.577331e+01	3035	 104	  97	 112	 112	 121	happy	happy_14.png	
IEV	   1	  89	  10	   0	8.663640e+02	  74	  74	5.924727e-01	4.373603e+01	2955	 104	  97	 112	 112	 121	happy	happy_17.png	
IEV	   1	  90	  10	   0	8.731440e+02	  72	  72	6.082274e-01	4.405006e+01	2875	 104	  97	 112	 112	 121	happy	happy_5.png	
IEV	   1	  91	  10	   0	8.803359e+02	  70	   0	5.991954e-01	4.215623e+01	2921	 104	  97	 112	 112	 121	happy	happy_8.png	
IEV	   1	  92	  10	   0	8.877003e+02	  73	  73	6.101808e-01	4.455015e+01	2865	 104	  97	 112	 112	 121	happy	happy_13.png	
IEV	   1	  93	  10	   0	8.954062e+02	  74	  74	5.938599e-01	4.365777e+01	2948	 104	  97	 112	 112	 121	happy	happy_6.png	
IEV	   1	  94	  10	   0	9.028720e+02	  66	  66	6.099856e-01	4.029108e+01	2866	 104	  97	 112	 112	 121	happy	happy_15.png	
IEV	   1	  95	  10	   0	9.103121e+02	  75	  75	5.807185e-01	4.380930e+01	3014	 104	  97	 112	 112	 121	happy	happy_2.png	
IEV	   1	  96	  10	   0	9.177030e+02	  74	  74	6.003777e-01	4.448774e+01	2915	 104	  97	 112	 112	 121	happy	happy_7.png	
IEV	   1	  97	  10	   0	9.248790e+02	  67	  67	6.060744e-01	4.053441e+01	2886	 104	  97	 112	 112	 121	happy	happy_4.png	
IEV	   1	  98	  10	   0	9.325444e+02	  66	  66	6.101808e-01	4.027888e+01	2865	 104	  97	 112	 112	 121	happy	happy_10.png	
IEV	   1	  99	  10	   0	9.400608e+02	  71	   0	5.904881e-01	4.207612e+01	2965	 104	  97	 112	 112	 121	happy	happy_21.png	
IEV	   1	 100	  10	   0	9.478049e+02	  75	  75	5.793169e-01	4.330829e+01	3021	 104	  97	 112	 112	 121	happy	happy_20.png	
IEV	   1	 101	  10	   0	9.555777e+02	  74	   0	6.076406e-01	4.469068e+01	2878	 104	  97	 112	 112	 121	happy	happy_9.png	
IEV	   1	 102	  10	   0	9.634298e+02	  67	  67	6.158247e-01	4.115593e+01	2836	 104	  97	 112	 112	 121	happy	happy_16.png	
IEV	   1	 103	  10	   0	9.707095e+02	  87	  87	5.245265e-01	4.572694e+01	3290	 104	  97	 112	 112	 121	happy	happy_3.png	
IEV	   1	 104	  10	   0	9.776861e+02	  90	  90	5.257648e-01	4.724010e+01	3284	 104	  97	 112	 112	 121	happy	happy_11.png	
IEV	   1	 105	  10	   0	9.857342e+02	  98	   0	4.969500e-01	4.860435e+01	3423	 104	  97	 112	 112	 121	happy	happy_1.png	
IEV	   1	 106	  10	   0	9.930740e+02	  81	  81	5.436487e-01	4.417450e+01	3197	 104	  97	 112	 112	 121	happy	happy_21.png	
IEV	   1	 107	  10	   0	1.000903e+03	  82	  82	5.454904e-01	4.461890e+01	3188	 104	  97	 112	 112	 121	happy	happy_10.png	
IEV	   1	 108	  10	   0	1.008267e+03	  86	  86	5.321530e-01	4.586147e+01	3253	 104	  97	 112	 112	 121	happy	happy_8.png	
IEV	   1	 109	  10	   0	1.014787e+03	  90	  90	5.083805e-01	4.553165e+01	3368	 104	  97	 112	 112	 121	happy	happy_1.png	
IEV	   1	 110	  10	   0	1.022559e+03	 103	 103	4.865339e-01	5.004936e+01	3473	 104	  97	 112	 112	 121	happy	happy_9.png	
IEV	   1	 111	  10	   0	1.029598e+03	 100	   0	5.004865e-01	4.994303e+01	3406	 104	  97	 112	 112	 121	happy	happy_11.png	
IEV	   1	 112	  10	   0	1.037533e+03	 108	   0	4.602228e-01	4.975903e+01	3599	 104	  97	 112	 112	 121	happy	happy_19.png	
IEV	   1	 113	  10	   0	1.044847e+03	  79	  79	5.522286e-01	4.370040e+01	3155	 104	  97	 112	 112	 121	happy	happy_2.png	
IEV	   1	 114	  10	   0	1.051228e+03	  25	  25	8.855957e-01	2.210848e+01	 690	 104	  97	 112	 112	 121	happy	happy_5.png	
IEV	   1	 115	  10	   0	1.058033e+03	  92	  92	5.150147e-01	4.724423e+01	3336	 104	  97	 112	 112	 121	happy	happy_6.png	
IEV	   1	 116	  10	   0	1.065243e+03	  92	   0	5.127357e-01	4.735500e+01	3347	 104	  97	 112	 112	 121	happy	happy_20.png	
IEV	   1	 117	  10	   0	1.072248e+03	 106	 106	4.729682e-01	5.014730e+01	3538	 104	  97	 112	 112	 121	happy	happy_13.png	
IEV	   1	 118	  10	   0	1.079680e+03	 107	   0	4.621037e-01	4.921566e+01	3590	 104	  97	 112	 112	 121	happy	happy_18.png	
IEV	   1	 119	  10	   0	1.087352e+03	  95	   0	4.871594e-01	4.612531e+01	3470	 104	  97	 112	 112	 121	happy	happy_7.png	
IEV	   1	 120	  10	   0	1.094845e+03	  84	   0	5.629980e-01	4.703477e+01	3102	 104	  97	 112	 112	 121	happy	happy_17.png	
IEV	   1	 121	  10	   0	1.102759e+03	 132	 132	3.867419e-01	5.111288e+01	3952	 104	  97	 112	 112	 121	happy	happy_4.png	
IEV	   1	 122	  10	   0	1.110277e+03	 135	   0	3.848851e-01	5.195652e+01	3961	 104	  97	 112	 112	 121	happy	happy_14.png	
IEV	   1	 123	  10	   0	1.117776e+03	 113	   0	4.347340e-01	4.908661e+01	3721	 104	  97	 112	 112	 121	happy	happy_3.png	
IEV	   1	 124	  10	   0	1.125526e+03	  81	   0	5.399603e-01	4.383588e+01	3215	 104	  97	 112	 112	 121	happy	happy_15.png	
IEV	   1	 125	  10	   0	1.131552e+03	  26	  26	8.551644e-01	2.201050e+01	1177	 104	  97	 112	 112	 121	happy	happy_12.png	
IEV	   1	 126	  10	   0	1.139884e+03	  97	   0	5.044355e-01	4.876271e+01	3387	 104	  97	 112	 112	 121	happy	happy_16.png	
CEVR	   1	 127	   9	   0	1.211949e+03	 150	   0	2.534743e-01	3.801390e+01	1191	 102	 101	  97	 114	fear	fear_10.png	
CEVR	   1	 128	   9	   0	1.218531e+03	 105	 105	3.579326e-01	3.771587e+01	2682	 102	 101	  97	 114	fear	fear_16.png	
CEVR	   1	 129	   9	   0	1.225419e+03	  98	   0	3.594227e-01	3.520289e+01	2697	 102	 101	  97	 114	fear	fear_2.png	
CEVR	   1	 130	   9	   0	1.231948e+03	 123	   0	2.997685e-01	  37	1980	 102	 101	  97	 114	fear	fear_15.png	
CEVR	   1	 131	   9	   0	1.237755e+03	 157	   0	2.413793e-01	3.796552e+01	 935	 102	 101	  97	 114	fear	fear_21.png	
CEVR	   1	 132	   9	   0	1.245773e+03	  79	   0	4.721108e-01	3.747211e+01	3557	 102	 101	  97	 114	fear	fear_5.png	
CEVR	   1	 133	   9	   0	1.252804e+03	 109	   0	3.479312e-01	3.804379e+01	2578	 102	 101	  97	 114	fear	fear_11.png	
CEVR	   1	 134	   9	   0	1.260626e+03	  98	  98	3.663366e-01	3.590099e+01	2765	 102	 101	  97	 114	fear	fear_8.png	
CEVR	   1	 135	   9	   0	1.268117e+03	 107	 107	3.598222e-01	3.843929e+01	2701	 102	 101	  97	 114	fear	fear_6.png	
CEVR	   1	 136	   9	   0	1.275431e+03	 101	 101	3.645833e-01	3.700000e+01	2748	 102	 101	  97	 114	fear	fear_18.png	
CEVR	   1	 137	   9	   0	1.282931e+03	 107	   0	3.615299e-01	3.880765e+01	2718	 102	 101	  97	 114	fear	fear_13.png	
CEVR	   1	 138	   9	   0	1.289716e+03	  86	   0	4.298042e-01	3.700000e+01	3287	 102	 101	  97	 114	fear	fear_1.png	
CEVR	   1	 139	   9	   0	1.297239e+03	 103	   0	3.467202e-01	3.561312e+01	2565	 102	 101	  97	 114	fear	fear_3.png	
CEVR	   1	 140	   9	   0	1.304232e+03	  98	  98	3.597222e-01	3.520139e+01	2700	 102	 101	  97	 114	fear	fear_20.png	
CEVR	   1	 141	   9	   0	1.310789e+03	  99	  99	3.733064e-01	  37	2831	 102	 101	  97	 114	fear	fear_17.png	
CEVR	   1	 142	   9	   0	1.318650e+03	 102	   0	3.733064e-01	3.811992e+01	2831	 102	 101	  97	 114	fear	fear_19.png	
CEVR	   1	 143	   9	   0	1.325574e+03	 103	 103	3.663366e-01	3.773267e+01	2765	 102	 101	  97	 114	fear	fear_12.png	
CEVR	   1	 144	   9	   0	1.333191e+03	 103	   0	3.647887e-01	3.772958e+01	2750	 102	 101	  97	 114	fear	fear_7.png	
CEVR	   1	 145	   9	   0	1.339834e+03	 105	   0	3.703174e-01	3.885159e+01	2803	 102	 101	  97	 114	fear	fear_9.png	
CEVR	   1	 146	   9	   0	1.346809e+03	 113	   0	3.376793e-01	3.801304e+01	2465	 102	 101	  97	 114	fear	fear_4.png	
CEVR	   1	 147	   9	   0	1.353570e+03	 104	   0	3.534389e-01	3.664656e+01	2636	 102	 101	  97	 114	fear	fear_14.png	
CEVR	   1	 148	   9	   0	1.361410e+03	 102	 102	3.497164e-01	3.560113e+01	2597	 102	 101	  97	 114	fear	fear_21.png	
CEVR	   1	 149	   9	   0	1.368670e+03	 102	   0	3.532460e-01	3.594026e+01	2634	 102	 101	  97	 114	fear	fear_7.png	
CEVR	   1	 150	   9	   0	1.376778e+03	  68	   0	5.692308e-01	3.870769e+01	4025	 102	 101	  97	 114	fear	fear_18.png	
CEVR	   1	 151	   9	   0	1.383865e+03	  99	   0	3.583287e-01	3.556669e+01	2686	 102	 101	  97	 114	fear	fear_3.png	
CEVR	   1	 152	   9	   0	1.391267e+03	 102	   0	3.615299e-01	  37	2718	 102	 101	  97	 114	fear	fear_19.png	
CEVR	   1	 153	   9	   0	1.398583e+03	  67	   0	5.697316e-01	3.813946e+01	4027	 102	 101	  97	 114	fear	fear_12.png	
CEVR	   1	 154	   9	   0	1.405701e+03	  99	   0	3.646860e-01	3.627063e+01	2749	 102	 101	  97	 114	fear	fear_16.png	
CEVR	   1	 155	   9	   0	1.412296e+03	  92	   0	3.808824e-01	3.509559e+01	2900	 102	 101	  97	 114	fear	fear_2.png	
CEVR	   1	 156	   9	   0	1.418822e+03	 104	 104	3.466274e-01	3.596012e+01	2564	 102	 101	  97	 114	fear	fear_15.png	
CEVR	   1	 157	   9	   0	1.426122e+03	 107	 107	3.419593e-01	3.665804e+01	2513	 102	 101	  97	 114	fear	fear_1.png	
CEVR	   1	 158	   9	   0	1.434018e+03	  97	  97	3.811065e-01	  37	2902	 102	 101	  97	 114	fear	fear_13.png	
CEVR	   1	 159	   9	   0	1.441917e+03	  70	   0	5.697316e-01	3.984866e+01	4027	 102	 101	  97	 114	fear	fear_6.png	
CEVR	   1	 160	   9	   0	1.449829e+03	  86	   0	4.092920e-01	3.536283e+01	3136	 102	 101	  97	 114	fear	fear_11.png	
CEVR	   1	 161	   9	   0	1.456451e+03	  99	   0	3.649944e-01	3.627001e+01	2752	 102	 101	  97	 114	fear	fear_17.png	
CEVR	   1	 162	   9	   0	1.463789e+03	 106	   0	3.486807e-01	  37	2586	 102	 101	  97	 114	fear	fear_9.png	
CEVR	   1	 163	   9	   0	1.470994e+03	 101	   0	3.613281e-01	3.663867e+01	2716	 102	 101	  97	 114	fear	fear_8.png	
CEVR	   1	 164	   9	   0	1.479298e+03	  83	   0	4.341267e-01	3.613175e+01	3317	 102	 101	  97	 114	fear	fear_10.png	
CEVR	   1	 165	   9	   0	1.486384e+03	 111	   0	3.390052e-01	3.767801e+01	2480	 102	 101	  97	 114	fear	fear_20.png	
CEVR	   1	 166	   9	   0	1.493311e+03	 103	   0	3.660260e-01	3.773205e+01	2762	 102	 101	  97	 114	fear	fear_14.png	
CEVR	   1	 167	   9	   0	1.499966e+03	 102	 102	3.516155e-01	3.594515e+01	2617	 102	 101	  97	 114	fear	fear_4.png	
CEVR	   1	 168	   9	   0	1.508143e+03	 109	 109	3.559648e-01	3.877982e+01	2662	 102	 101	  97	 114	fear	fear_5.png	
DEV	   1	 169	   8	   0	1.578699e+03	  73	   0	5.223339e-01	3.791942e+01	1644	 115	  99	 114	  97	 109	scram	scram_13.png	
DEV	   1	 170	   8	   0	1.584175e+03	  79	   0	6.333701e-01	4.985846e+01	1058	 115	  99	 114	  97	 109	scram	scram_11.png	
DEV	   1	 171	   8	   0	1.592110e+03	  79	   0	3.619339e-01	2.862154e+01	2970	 115	  99	 114	  97	 109	scram	scram_9.png	
DEV	   1	 172	   8	   0	1.599283e+03	  80	   0	4.355876e-01	3.480301e+01	2251	 115	  99	 114	  97	 109	scram	scram_16.png	
DEV	   1	 173	   8	   0	1.605542e+03	  67	   0	7.844408e-01	5.274391e+01	 423	 115	  99	 114	  97	 109	scram	scram_3.png	
DEV	   1	 174	   8	   0	1.612849e+03	  84	   0	3.175587e-01	2.682606e+01	3520	 115	  99	 114	  97	 109	scram	scram_10.png	
DEV	   1	 175	   8	   0	1.619052e+03	  72	  72	6.223825e-01	4.481827e+01	1110	 115	  99	 114	  97	 109	scram	scram_20.png	
DEV	   1	 176	   8	   0	1.625465e+03	  76	  76	5.783408e-01	4.404523e+01	1330	 115	  99	 114	  97	 109	scram	scram_4.png	
DEV	   1	 177	   8	   0	1.632567e+03	  77	  77	5.835322e-01	4.494599e+01	1303	 115	  99	 114	  97	 109	scram	scram_17.png	
DEV	   1	 178	   8	   0	1.639038e+03	  75	  75	5.944904e-01	4.443248e+01	1247	 115	  99	 114	  97	 109	scram	scram_8.png	
DEV	   1	 179	   8	   0	1.646390e+03	  74	  74	6.026765e-01	4.431337e+01	1206	 115	  99	 114	  97	 109	scram	scram_19.png	
DEV	   1	 180	   8	   0	1.653407e+03	  77	  77	5.771953e-01	4.455222e+01	1336	 115	  99	 114	  97	 109	scram	scram_21.png	
DEV	   1	 181	   8	   0	1.659668e+03	  80	   0	5.607335e-01	4.464031e+01	1424	 115	  99	 114	  97	 109	scram	scram_15.png	
DEV	   1	 182	   8	   0	1.665651e+03	  78	  78	5.917267e-01	4.604350e+01	1261	 115	  99	 114	  97	 109	scram	scram_1.png	
DEV	   1	 183	   8	   0	1.671755e+03	  77	  77	5.819878e-01	4.485023e+01	1311	 115	  99	 114	  97	 109	scram	scram_12.png	
DEV	   1	 184	   8	   0	1.677959e+03	  80	   0	5.825663e-01	4.663382e+01	1308	 115	  99	 114	  97	 109	scram	scram_7.png	
DEV	   1	 185	   8	   0	1.685223e+03	  79	  79	5.984664e-01	4.706172e+01	1227	 115	  99	 114	  97	 109	scram	scram_14.png	
DEV	   1	 186	   8	   0	1.690977e+03	  77	  77	6.020729e-01	4.608467e+01	1209	 115	  99	 114	  97	 109	scram	scram_2.png	
DEV	   1	 187	   8	   0	1.696929e+03	  75	  75	6.028779e-01	4.492789e+01	1205	 115	  99	 114	  97	 109	scram	scram_18.png	
DEV	   1	 188	   8	   0	1.703040e+03	  73	  73	5.800647e-01	4.241054e+01	1321	 115	  99	 114	  97	 109	scram	scram_5.png	
DEV	   1	 189	   8	   0	1.709753e+03	  75	  75	5.792977e-01	4.352452e+01	1325	 115	  99	 114	  97	 109	scram	scram_6.png	
DEV	   1	 190	   8	   0	1.715791e+03	  76	  76	6.093655e-01	4.652686e+01	1173	 115	  99	 114	  97	 109	scram	scram_8.png	
DEV	   1	 191	   8	   0	1.721860e+03	  78	   0	5.962755e-01	4.632710e+01	1238	 115	  99	 114	  97	 109	scram	scram_7.png	
DEV	   1	 192	   8	   0	1.728188e+03	  76	  76	6.134627e-01	4.677384e+01	1153	 115	  99	 114	  97	 109	scram	scram_15.png	
DEV	   1	 193	   8	   0	1.734476e+03	  72	  72	5.889791e-01	4.233773e+01	1275	 115	  99	 114	  97	 109	scram	scram_16.png	
DEV	   1	 194	   8	   0	1.741248e+03	  76	   0	5.954813e-01	4.508671e+01	1242	 115	  99	 114	  97	 109	scram	scram_2.png	
DEV	   1	 195	   8	   0	1.747630e+03	  75	   0	5.917267e-01	4.426832e+01	1261	 115	  99	 114	  97	 109	scram	scram_18.png	
DEV	   1	 196	   8	   0	1.753844e+03	  77	   0	6.190459e-01	4.772771e+01	1126	 115	  99	 114	  97	 109	scram	scram_3.png	
DEV	   1	 197	   8	   0	1.759305e+03	  72	  72	7.351296e-01	5.280518e+01	 617	 115	  99	 114	  97	 109	scram	scram_6.png	
DEV	   1	 198	   8	   0	1.765219e+03	  69	  69	7.088335e-01	4.863964e+01	 725	 115	  99	 114	  97	 109	scram	scram_20.png	
DEV	   1	 199	   8	   0	1.772518e+03	  78	  78	6.257399e-01	4.875892e+01	1094	 115	  99	 114	  97	 109	scram	scram_13.png	
DEV	   1	 200	   8	   0	1.779000e+03	  69	  69	6.788007e-01	4.716269e+01	 853	 115	  99	 114	  97	 109	scram	scram_9.png	
DEV	   1	 201	   8	   0	1.785101e+03	  74	  74	5.475578e-01	4.049107e+01	1497	 115	  99	 114	  97	 109	scram	scram_5.png	
DEV	   1	 202	   8	   0	1.792449e+03	  78	   0	4.697607e-01	3.662689e+01	1989	 115	  99	 114	  97	 109	scram	scram_11.png	
DEV	   1	 203	   8	   0	1.798638e+03	  72	   0	7.213877e-01	5.211848e+01	 673	 115	  99	 114	  97	 109	scram	scram_19.png	
DEV	   1	 204	   8	   0	1.805394e+03	  72	   0	7.378555e-01	5.293910e+01	 606	 115	  99	 114	  97	 109	scram	scram_4.png	
DEV	   1	 205	   8	   0	1.811966e+03	  71	   0	7.810569e-01	5.573051e+01	 436	 115	  99	 114	  97	 109	scram	scram_1.png	
DEV	   1	 206	   8	   0	1.819630e+03	  81	   0	3.097271e-01	2.499954e+01	3622	 115	  99	 114	  97	 109	scram	scram_14.png	
DEV	   1	 207	   8	   0	1.827350e+03	  80	   0	3.650848e-01	2.919981e+01	2934	 115	  99	 114	  97	 109	scram	scram_10.png	
DEV	   1	 208	   8	   0	1.834155e+03	  81	  81	4.548443e-01	3.701076e+01	2099	 115	  99	 114	  97	 109	scram	scram_21.png	
DEV	   1	 209	   8	   0	1.840875e+03	  77	  77	4.505329e-01	3.491062e+01	2132	 115	  99	 114	  97	 109	scram	scram_12.png	
DEV	   1	 210	   8	   0	1.848150e+03	  82	   0	4.365635e-01	3.574226e+01	2243	 115	  99	 114	  97	 109	scram	scram_17.png	
CEVR	   1	 211	   7	   0	1.918368e+03	 146	   0	2.501932e-01	3.649961e+01	1124	 104	  97	 112	 112	 121	happy	happy_21.png	
CEVR	   1	 212	   7	   0	1.923868e+03	 168	 168	2.228916e-01	3.744578e+01	 490	 104	  97	 112	 112	 121	happy	happy_16.png	
CEVR	   1	 213	   7	   0	1.929918e+03	 164	   0	2.267554e-01	3.722676e+01	 589	 104	  97	 112	 112	 121	happy	happy_9.png	
CEVR	   1	 214	   7	   0	1.935276e+03	 172	 172	2.196777e-01	3.787871e+01	 405	 104	  97	 112	 112	 121	happy	happy_10.png	
CEVR	   1	 215	   7	   0	1.941722e+03	 170	   0	2.177935e-01	3.700000e+01	 354	 104	  97	 112	 112	 121	happy	happy_8.png	
CEVR	   1	 216	   7	   0	1.947929e+03	 166	   0	2.233914e-01	  37	 503	 104	  97	 112	 112	 121	happy	happy_7.png	
CEVR	   1	 217	   7	   0	1.954162e+03	 168	   0	2.178301e-01	3.656434e+01	 355	 104	  97	 112	 112	 121	happy	happy_13.png	
CEVR	   1	 218	   7	   0	1.960152e+03	 172	 172	2.146527e-01	  37	 267	 104	  97	 112	 112	 121	happy	happy_14.png	
CEVR	   1	 219	   7	   0	1.966284e+03	 161	   0	2.252566e-01	3.632423e+01	 551	 104	  97	 112	 112	 121	happy	happy_17.png	
CEVR	   1	 220	   7	   0	1.973235e+03	 169	 169	2.191201e-01	  37	 390	 104	  97	 112	 112	 121	happy	happy_20.png	
CEVR	   1	 221	   7	   0	1.978584e+03	 167	   0	2.189349e-01	3.656213e+01	 385	 104	  97	 112	 112	 121	happy	happy_6.png	
CEVR	   1	 222	   7	   0	1.984128e+03	 161	   0	2.262009e-01	3.632140e+01	 575	 104	  97	 112	 112	 121	happy	happy_1.png	
CEVR	   1	 223	   7	   0	1.990731e+03	 169	   0	2.154742e-01	3.635358e+01	 290	 104	  97	 112	 112	 121	happy	happy_19.png	
CEVR	   1	 224	   7	   0	1.996096e+03	 160	   0	2.277924e-01	3.654442e+01	 615	 104	  97	 112	 112	 121	happy	happy_2.png	
CEVR	   1	 225	   7	   0	2.002688e+03	 152	   0	2.384460e-01	3.628466e+01	 869	 104	  97	 112	 112	 121	happy	happy_11.png	
CEVR	   1	 226	   7	   0	2.010035e+03	 143	   0	2.519946e-01	3.599202e+01	1161	 104	  97	 112	 112	 121	happy	happy_3.png	
CEVR	   1	 227	   7	   0	2.018151e+03	  67	   0	5.699824e-01	3.813996e+01	4028	 104	  97	 112	 112	 121	happy	happy_5.png	
CEVR	   1	 228	   7	   0	2.024606e+03	 128	   0	2.874584e-01	3.671254e+01	1795	 104	  97	 112	 112	 121	happy	happy_12.png	
CEVR	   1	 229	   7	   0	2.030713e+03	 110	   0	3.406998e-01	3.734070e+01	2499	 104	  97	 112	 112	 121	happy	happy_18.png	
CEVR	   1	 230	   7	   0	2.038070e+03	  95	   0	3.921866e-01	3.739219e+01	2998	 104	  97	 112	 112	 121	happy	happy_4.png	
CEVR	   1	 231	   7	   0	2.045822e+03	  80	   0	4.444063e-01	3.566678e+01	3386	 104	  97	 112	 112	 121	happy	happy_15.png	
CEVR	   1	 232	   7	   0	2.052546e+03	 156	 156	2.322870e-01	3.630314e+01	 725	 104	  97	 112	 112	 121	happy	happy_20.png	
CEVR	   1	 233	   7	   0	2.059172e+03	 154	   0	2.413793e-01	3.724138e+01	 935	 104	  97	 112	 112	 121	happy	happy_15.png	
CEVR	   1	 234	   7	   0	2.065319e+03	 158	   0	2.343891e-01	  37	 775	 104	  97	 112	 112	 121	happy	happy_2.png	
CEVR	   1	 235	   7	   0	2.071600e+03	 159	   0	2.373099e-01	3.771193e+01	 843	 104	  97	 112	 112	 121	happy	happy_8.png	
CEVR	   1	 236	   7	   0	2.078212e+03	 162	   0	2.315394e-01	3.746308e+01	 707	 104	  97	 112	 112	 121	happy	happy_18.png	
CEVR	   1	 237	   7	   0	2.085026e+03	 158	   0	2.394601e-01	3.771838e+01	 892	 104	  97	 112	 112	 121	happy	happy_21.png	
CEVR	   1	 238	   7	   0	2.090788e+03	 161	   0	2.273924e-01	3.654522e+01	 605	 104	  97	 112	 112	 121	happy	happy_12.png	
CEVR	   1	 239	   7	   0	2.097361e+03	 152	   0	2.454976e-01	3.724550e+01	1025	 104	  97	 112	 112	 121	happy	happy_4.png	
CEVR	   1	 240	   7	   0	2.103673e+03	 158	   0	2.399926e-01	3.795997e+01	 904	 104	  97	 112	 112	 121	happy	happy_13.png	
CEVR	   1	 241	   7	   0	2.110402e+03	 141	 141	2.594151e-01	3.648117e+01	1308	 104	  97	 112	 112	 121	happy	happy_19.png	
CEVR	   1	 242	   7	   0	2.117022e+03	 141	   0	2.704114e-01	3.808165e+01	1511	 104	  97	 112	 112	 121	happy	happy_11.png	
CEVR	   1	 243	   7	   0	2.123223e+03	 132	   0	2.802424e-01	  37	1679	 104	  97	 112	 112	 121	happy	happy_16.png	
CEVR	   1	 244	   7	   0	2.129432e+03	 143	   0	2.585346e-01	  37	1291	 104	  97	 112	 112	 121	happy	happy_6.png	
CEVR	   1	 245	   7	   0	2.136081e+03	 141	   0	2.629976e-01	  37	1376	 104	  97	 112	 112	 121	happy	happy_17.png	
CEVR	   1	 246	   7	   0	2.142174e+03	 138	   0	2.676726e-01	  37	1462	 104	  97	 112	 112	 121	happy	happy_14.png	
CEVR	   1	 247	   7	   0	2.149608e+03	 121	 121	2.973594e-01	3.610792e+01	1945	 104	  97	 112	 112	 121	happy	happy_7.png	
CEVR	   1	 248	   7	   0	2.156808e+03	  99	  99	3.575373e-01	3.556985e+01	2678	 104	  97	 112	 112	 121	happy	happy_9.png	
CEVR	   1	 249	   7	   0	2.162991e+03	 126	   0	2.905542e-01	3.670945e+01	1843	 104	  97	 112	 112	 121	happy	happy_1.png	
CEVR	   1	 250	   7	   0	2.170665e+03	 115	   0	3.177134e-01	3.668229e+01	2224	 104	  97	 112	 112	 121	happy	happy_10.png	
CEVR	   1	 251	   7	   0	2.177431e+03	 135	   0	2.758841e-01	3.727588e+01	1606	 104	  97	 112	 112	 121	happy	happy_3.png	
CEVR	   1	 252	   7	   0	2.185214e+03	  91	   0	4.230644e-01	3.869226e+01	3239	 104	  97	 112	 112	 121	happy	happy_5.png	
#23-Jul-2013
IEV	   2	 253	   6	   0	4.454148e+01	  35	  35	8.123376e-01	2.838318e+01	1607	 115	  99	 114	  97	 109	scram	scram_3.png	
IEV	   2	 254	   6	   0	5.134624e+01	  48	  48	7.158240e-01	3.434084e+01	2284	 115	  99	 114	  97	 109	scram	scram_17.png	
IEV	   2	 255	   6	   0	5.769102e+01	  71	  71	5.902895e-01	4.208786e+01	2966	 115	  99	 114	  97	 109	scram	scram_18.png	
IEV	   2	 256	   6	   0	6.517375e+01	  96	  96	4.940356e-01	4.725541e+01	3437	 115	  99	 114	  97	 109	scram	scram_2.png	
IEV	   2	 257	   6	   0	7.330373e+01	 107	 107	4.735948e-01	5.059431e+01	3535	 115	  99	 114	  97	 109	scram	scram_13.png	
IEV	   2	 258	   6	   0	8.011968e+01	 106	 106	4.796495e-01	5.082107e+01	3506	 115	  99	 114	  97	 109	scram	scram_9.png	
IEV	   2	 259	   6	   0	8.811892e+01	 103	 103	4.867424e-01	5.004044e+01	3472	 115	  99	 114	  97	 109	scram	scram_8.png	
IEV	   2	 260	   6	   0	9.601784e+01	 103	   0	4.867424e-01	5.004044e+01	3472	 115	  99	 114	  97	 109	scram	scram_7.png	
IEV	   2	 261	   6	   0	1.039913e+02	  95	  95	4.981985e-01	4.755063e+01	3417	 115	  99	 114	  97	 109	scram	scram_4.png	
IEV	   2	 262	   6	   0	1.119494e+02	  97	   0	5.052664e-01	4.923004e+01	3383	 115	  99	 114	  97	 109	scram	scram_14.png	
IEV	   2	 263	   6	   0	1.191147e+02	  94	   0	5.009024e-01	4.691964e+01	3404	 115	  99	 114	  97	 109	scram	scram_12.png	
IEV	   2	 264	   6	   0	1.266472e+02	  63	   0	6.354117e-01	3.993307e+01	2734	 115	  99	 114	  97	 109	scram	scram_1.png	
IEV	   2	 265	   6	   0	1.329863e+02	  22	  22	8.910243e-01	1.939787e+01	 549	 115	  99	 114	  97	 109	scram	scram_10.png	
IEV	   2	 266	   6	   0	1.388391e+02	  30	   0	8.553282e-01	2.541140e+01	1175	 115	  99	 114	  97	 109	scram	scram_16.png	
IEV	   2	 267	   6	   0	1.448662e+02	  22	   0	8.734345e-01	1.956859e+01	 922	 115	  99	 114	  97	 109	scram	scram_20.png	
IEV	   2	 268	   6	   0	1.513205e+02	  37	  37	7.911651e-01	2.958879e+01	1778	 115	  99	 114	  97	 109	scram	scram_11.png	
IEV	   2	 269	   6	   0	1.574160e+02	  45	  45	7.197912e-01	3.259817e+01	2260	 115	  99	 114	  97	 109	scram	scram_21.png	
IEV	   2	 270	   6	   0	1.651065e+02	  56	   0	6.872563e-01	3.850399e+01	2451	 115	  99	 114	  97	 109	scram	scram_6.png	
IEV	   2	 271	   6	   0	1.722838e+02	  50	  50	7.276161e-01	3.634179e+01	2212	 115	  99	 114	  97	 109	scram	scram_5.png	
IEV	   2	 272	   6	   0	1.796575e+02	  47	  47	7.268079e-01	3.422131e+01	2217	 115	  99	 114	  97	 109	scram	scram_19.png	
IEV	   2	 273	   6	   0	1.874702e+02	  45	  45	7.141604e-01	3.232460e+01	2294	 115	  99	 114	  97	 109	scram	scram_15.png	
IEV	   2	 274	   6	   0	1.952671e+02	  56	  56	6.851415e-01	3.864783e+01	2463	 115	  99	 114	  97	 109	scram	scram_12.png	
IEV	   2	 275	   6	   0	2.023298e+02	  49	  49	6.971907e-01	3.433266e+01	2394	 115	  99	 114	  97	 109	scram	scram_14.png	
IEV	   2	 276	   6	   0	2.094111e+02	  49	  49	6.909378e-01	3.410624e+01	2430	 115	  99	 114	  97	 109	scram	scram_18.png	
IEV	   2	 277	   6	   0	2.175803e+02	  56	  56	6.970180e-01	3.922470e+01	2395	 115	  99	 114	  97	 109	scram	scram_6.png	
IEV	   2	 278	   6	   0	2.242716e+02	  52	  52	7.214335e-01	3.751860e+01	2250	 115	  99	 114	  97	 109	scram	scram_4.png	
IEV	   2	 279	   6	   0	2.308952e+02	  51	   0	7.106467e-01	3.615337e+01	2315	 115	  99	 114	  97	 109	scram	scram_7.png	
IEV	   2	 280	   6	   0	2.382523e+02	  50	   0	7.325907e-01	3.670261e+01	2181	 115	  99	 114	  97	 109	scram	scram_5.png	
IEV	   2	 281	   6	   0	2.438475e+02	  15	  15	8.870362e-01	1.300035e+01	 656	 115	  99	 114	  97	 109	scram	scram_8.png	
IEV	   2	 282	   6	   0	2.506249e+02	  31	   0	8.327158e-01	2.545851e+01	1421	 115	  99	 114	  97	 109	scram	scram_17.png	
IEV	   2	 283	   6	   0	2.564136e+02	  24	  24	8.657742e-01	2.063725e+01	1038	 115	  99	 114	  97	 109	scram	scram_15.png	
IEV	   2	 284	   6	   0	2.633604e+02	  28	  28	8.568682e-01	2.436767e+01	1156	 115	  99	 114	  97	 109	scram	scram_13.png	
IEV	   2	 285	   6	   0	2.699666e+02	  27	   0	8.469151e-01	2.301107e+01	1273	 115	  99	 114	  97	 109	scram	scram_3.png	
IEV	   2	 286	   6	   0	2.778835e+02	 144	   0	3.725400e-01	5.353210e+01	4021	 115	  99	 114	  97	 109	scram	scram_9.png	
IEV	   2	 287	   6	   0	2.853388e+02	 123	   0	4.236791e-01	5.211546e+01	3774	 115	  99	 114	  97	 109	scram	scram_10.png	
IEV	   2	 288	   6	   0	2.916274e+02	  27	  27	8.307629e-01	2.234648e+01	1440	 115	  99	 114	  97	 109	scram	scram_11.png	
IEV	   2	 289	   6	   0	2.981064e+02	  26	  26	8.328177e-01	2.128335e+01	1420	 115	  99	 114	  97	 109	scram	scram_16.png	
IEV	   2	 290	   6	   0	3.041574e+02	  34	  34	8.174106e-01	2.787979e+01	1563	 115	  99	 114	  97	 109	scram	scram_21.png	
IEV	   2	 291	   6	   0	3.108903e+02	  35	   0	8.214455e-01	2.911451e+01	1527	 115	  99	 114	  97	 109	scram	scram_19.png	
IEV	   2	 292	   6	   0	3.175623e+02	  32	  32	8.343374e-01	2.695040e+01	1405	 115	  99	 114	  97	 109	scram	scram_20.png	
IEV	   2	 293	   6	   0	3.245998e+02	  49	  49	7.401680e-01	3.613437e+01	2133	 115	  99	 114	  97	 109	scram	scram_2.png	
IEV	   2	 294	   6	   0	3.322293e+02	  84	  84	5.261774e-01	4.406286e+01	3282	 115	  99	 114	  97	 109	scram	scram_1.png	
CEV	   2	 295	   5	   0	4.020127e+02	  53	  53	7.608571e-01	4.004343e+01	 974	 104	  97	 112	 112	 121	happy	happy_14.png	
CEV	   2	 296	   5	   0	4.075056e+02	  54	  54	7.221429e-01	3.916643e+01	1245	 104	  97	 112	 112	 121	happy	happy_20.png	
CEV	   2	 297	   5	   0	4.134365e+02	  55	  55	6.827143e-01	3.768271e+01	1521	 104	  97	 112	 112	 121	happy	happy_1.png	
CEV	   2	 298	   5	   0	4.200571e+02	  63	   0	5.435714e-01	3.428214e+01	2495	 104	  97	 112	 112	 121	happy	happy_10.png	
CEV	   2	 299	   5	   0	4.283309e+02	  88	  88	4.134286e-01	3.658657e+01	3406	 104	  97	 112	 112	 121	happy	happy_8.png	
CEV	   2	 300	   5	   0	4.357570e+02	  87	  87	4.271429e-01	  37	3310	 104	  97	 112	 112	 121	happy	happy_21.png	
CEV	   2	 301	   5	   0	4.434387e+02	  80	  80	4.398571e-01	3.524057e+01	3221	 104	  97	 112	 112	 121	happy	happy_16.png	
CEV	   2	 302	   5	   0	4.505325e+02	  81	  81	4.367143e-01	3.525314e+01	3243	 104	  97	 112	 112	 121	happy	happy_6.png	
CEV	   2	 303	   5	   0	4.583322e+02	  80	   0	4.347143e-01	3.482643e+01	3257	 104	  97	 112	 112	 121	happy	happy_19.png	
CEV	   2	 304	   5	   0	4.666175e+02	  82	   0	4.404286e-01	3.611914e+01	3217	 104	  97	 112	 112	 121	happy	happy_4.png	
CEV	   2	 305	   5	   0	4.735675e+02	  50	  50	7.635714e-01	3.852714e+01	 955	 104	  97	 112	 112	 121	happy	happy_11.png	
CEV	   2	 306	   5	   0	4.807004e+02	  72	  72	5.112857e-01	  37	2721	 104	  97	 112	 112	 121	happy	happy_12.png	
CEV	   2	 307	   5	   0	4.876301e+02	  83	   0	4.267143e-01	3.529314e+01	3313	 104	  97	 112	 112	 121	happy	happy_13.png	
CEV	   2	 308	   5	   0	4.950790e+02	  81	   0	4.782857e-01	3.891314e+01	2952	 104	  97	 112	 112	 121	happy	happy_2.png	
CEV	   2	 309	   5	   0	5.018107e+02	  66	  66	5.407143e-01	3.591857e+01	2515	 104	  97	 112	 112	 121	happy	happy_5.png	
CEV	   2	 310	   5	   0	5.096520e+02	  74	   0	5.090000e-01	3.750900e+01	2737	 104	  97	 112	 112	 121	happy	happy_3.png	
CEV	   2	 311	   5	   0	5.165472e+02	  70	  70	5.222857e-01	3.647771e+01	2644	 104	  97	 112	 112	 121	happy	happy_17.png	
CEV	   2	 312	   5	   0	5.240969e+02	  73	  73	5.362857e-01	3.914514e+01	2546	 104	  97	 112	 112	 121	happy	happy_15.png	
CEV	   2	 313	   5	   0	5.303530e+02	  65	  65	5.337143e-01	3.486514e+01	2564	 104	  97	 112	 112	 121	happy	happy_18.png	
CEV	   2	 314	   5	   0	5.371758e+02	  69	   0	5.147143e-01	3.545586e+01	2697	 104	  97	 112	 112	 121	happy	happy_7.png	
CEV	   2	 315	   5	   0	5.438393e+02	  71	  71	5.314286e-01	3.753143e+01	2580	 104	  97	 112	 112	 121	happy	happy_9.png	
CEV	   2	 316	   5	   0	5.513011e+02	  74	   0	5.320000e-01	3.912800e+01	2576	 104	  97	 112	 112	 121	happy	happy_21.png	
CEV	   2	 317	   5	   0	5.590252e+02	 116	   0	3.248571e-01	3.764971e+01	4026	 104	  97	 112	 112	 121	happy	happy_10.png	
CEV	   2	 318	   5	   0	5.661044e+02	  71	   0	5.557143e-01	3.922286e+01	2410	 104	  97	 112	 112	 121	happy	happy_16.png	
CEV	   2	 319	   5	   0	5.733122e+02	  73	   0	5.475714e-01	3.973786e+01	2467	 104	  97	 112	 112	 121	happy	happy_14.png	
CEV	   2	 320	   5	   0	5.803135e+02	  78	   0	4.924286e-01	3.847729e+01	2853	 104	  97	 112	 112	 121	happy	happy_1.png	
CEV	   2	 321	   5	   0	5.874932e+02	  60	  60	5.844286e-01	3.524671e+01	2209	 104	  97	 112	 112	 121	happy	happy_5.png	
CEV	   2	 322	   5	   0	5.959014e+02	  71	  71	4.912857e-01	3.503486e+01	2861	 104	  97	 112	 112	 121	happy	happy_4.png	
CEV	   2	 323	   5	   0	6.029943e+02	  79	  79	4.950000e-01	3.898000e+01	2835	 104	  97	 112	 112	 121	happy	happy_2.png	
CEV	   2	 324	   5	   0	6.114227e+02	 112	   0	3.254286e-01	3.634914e+01	4022	 104	  97	 112	 112	 121	happy	happy_6.png	
CEV	   2	 325	   5	   0	6.188657e+02	  73	   0	5.092857e-01	  37	2735	 104	  97	 112	 112	 121	happy	happy_17.png	
CEV	   2	 326	   5	   0	6.259947e+02	 109	   0	3.248571e-01	3.537571e+01	4026	 104	  97	 112	 112	 121	happy	happy_9.png	
CEV	   2	 327	   5	   0	6.332603e+02	  67	   0	5.601429e-01	3.756014e+01	2379	 104	  97	 112	 112	 121	happy	happy_20.png	
CEV	   2	 328	   5	   0	6.402534e+02	  45	  45	7.808571e-01	3.543829e+01	 834	 104	  97	 112	 112	 121	happy	happy_3.png	
CEV	   2	 329	   5	   0	6.464003e+02	  46	  46	7.370000e-01	3.405200e+01	1141	 104	  97	 112	 112	 121	happy	happy_7.png	
CEV	   2	 330	   5	   0	6.524460e+02	  56	  56	6.802857e-01	3.836057e+01	1538	 104	  97	 112	 112	 121	happy	happy_12.png	
CEV	   2	 331	   5	   0	6.595912e+02	  49	  49	8.234286e-01	4.029371e+01	 536	 104	  97	 112	 112	 121	happy	happy_11.png	
CEV	   2	 332	   5	   0	6.659085e+02	  66	  66	6.035714e-01	4.001786e+01	2075	 104	  97	 112	 112	 121	happy	happy_8.png	
CEV	   2	 333	   5	   0	6.733107e+02	  66	   0	5.787143e-01	3.815743e+01	2249	 104	  97	 112	 112	 121	happy	happy_13.png	
CEV	   2	 334	   5	   0	6.807087e+02	  59	  59	6.084286e-01	3.578314e+01	2041	 104	  97	 112	 112	 121	happy	happy_18.png	
CEV	   2	 335	   5	   0	6.883412e+02	 114	   0	3.252857e-01	  37	4023	 104	  97	 112	 112	 121	happy	happy_15.png	
CEV	   2	 336	   5	   0	6.953080e+02	  66	  66	5.887143e-01	3.876614e+01	2179	 104	  97	 112	 112	 121	happy	happy_19.png	
CEVR	   2	 337	   4	   0	7.644914e+02	 151	   0	2.400816e-01	3.627976e+01	 906	 115	  99	 114	  97	 109	scram	scram_12.png	
CEVR	   2	 338	   4	   0	7.713381e+02	 109	   0	3.268551e-01	3.569258e+01	2338	 115	  99	 114	  97	 109	scram	scram_20.png	
CEVR	   2	 339	   4	   0	7.799480e+02	  79	  79	4.551845e-01	3.608963e+01	3455	 115	  99	 114	  97	 109	scram	scram_6.png	
CEVR	   2	 340	   4	   0	7.870833e+02	  88	   0	4.055747e-01	3.578328e+01	3107	 115	  99	 114	  97	 109	scram	scram_17.png	
CEVR	   2	 341	   4	   0	7.951018e+02	  67	   0	5.684811e-01	3.813696e+01	4022	 115	  99	 114	  97	 109	scram	scram_19.png	
CEVR	   2	 342	   4	   0	8.022271e+02	  90	  90	4.308051e-01	3.872322e+01	3294	 115	  99	 114	  97	 109	scram	scram_14.png	
CEVR	   2	 343	   4	   0	8.101283e+02	  89	   0	4.238953e-01	3.784779e+01	3245	 115	  99	 114	  97	 109	scram	scram_3.png	
CEVR	   2	 344	   4	   0	8.172606e+02	  87	  87	4.325317e-01	3.743253e+01	3306	 115	  99	 114	  97	 109	scram	scram_13.png	
CEVR	   2	 345	   4	   0	8.246328e+02	  79	  79	4.762780e-01	3.747628e+01	3581	 115	  99	 114	  97	 109	scram	scram_7.png	
CEVR	   2	 346	   4	   0	8.318575e+02	  76	  76	4.600355e-01	3.515986e+01	3485	 115	  99	 114	  97	 109	scram	scram_2.png	
CEVR	   2	 347	   4	   0	8.393900e+02	  90	  90	4.323873e-01	3.872955e+01	3305	 115	  99	 114	  97	 109	scram	scram_11.png	
CEVR	   2	 348	   4	   0	8.473790e+02	  79	  79	4.493407e-01	3.565198e+01	3418	 115	  99	 114	  97	 109	scram	scram_18.png	
CEVR	   2	 349	   4	   0	8.545375e+02	  83	  83	4.398777e-01	3.656012e+01	3356	 115	  99	 114	  97	 109	scram	scram_21.png	
CEVR	   2	 350	   4	   0	8.621305e+02	  92	  92	4.211382e-01	3.868455e+01	3225	 115	  99	 114	  97	 109	scram	scram_10.png	
CEVR	   2	 351	   4	   0	8.690146e+02	  84	  84	4.184168e-01	3.532633e+01	3205	 115	  99	 114	  97	 109	scram	scram_9.png	
CEVR	   2	 352	   4	   0	8.758094e+02	  89	  89	4.174726e-01	3.700000e+01	3198	 115	  99	 114	  97	 109	scram	scram_5.png	
CEVR	   2	 353	   4	   0	8.831206e+02	  92	  92	4.261270e-01	3.913064e+01	3261	 115	  99	 114	  97	 109	scram	scram_1.png	
CEVR	   2	 354	   4	   0	8.910822e+02	  82	  82	4.407760e-01	3.611845e+01	3362	 115	  99	 114	  97	 109	scram	scram_4.png	
CEVR	   2	 355	   4	   0	8.983439e+02	  82	  82	4.407760e-01	3.611845e+01	3362	 115	  99	 114	  97	 109	scram	scram_8.png	
CEVR	   2	 356	   4	   0	9.064793e+02	  85	   0	4.328209e-01	3.700000e+01	3308	 115	  99	 114	  97	 109	scram	scram_15.png	
CEVR	   2	 357	   4	   0	9.145558e+02	  84	  84	4.448643e-01	3.744486e+01	3389	 115	  99	 114	  97	 109	scram	scram_16.png	
CEVR	   2	 358	   4	   0	9.226503e+02	  78	   0	4.504348e-01	3.519826e+01	3425	 115	  99	 114	  97	 109	scram	scram_6.png	
CEVR	   2	 359	   4	   0	9.307967e+02	  89	   0	4.357335e-01	3.874293e+01	3328	 115	  99	 114	  97	 109	scram	scram_7.png	
CEVR	   2	 360	   4	   0	9.379336e+02	  76	   0	4.641577e-01	3.514337e+01	3510	 115	  99	 114	  97	 109	scram	scram_1.png	
CEVR	   2	 361	   4	   0	9.449617e+02	 136	   0	2.690071e-01	3.646199e+01	1486	 115	  99	 114	  97	 109	scram	scram_16.png	
CEVR	   2	 362	   4	   0	9.512335e+02	 165	 165	2.263590e-01	3.745272e+01	 579	 115	  99	 114	  97	 109	scram	scram_15.png	
CEVR	   2	 363	   4	   0	9.570467e+02	 156	   0	2.295285e-01	3.585236e+01	 658	 115	  99	 114	  97	 109	scram	scram_10.png	
CEVR	   2	 364	   4	   0	9.631121e+02	 171	   0	2.182339e-01	3.721823e+01	 366	 115	  99	 114	  97	 109	scram	scram_18.png	
CEVR	   2	 365	   4	   0	9.693144e+02	 164	   0	2.287178e-01	3.745744e+01	 638	 115	  99	 114	  97	 109	scram	scram_8.png	
CEVR	   2	 366	   4	   0	9.752555e+02	 168	   0	2.238935e-01	3.767168e+01	 516	 115	  99	 114	  97	 109	scram	scram_13.png	
CEVR	   2	 367	   4	   0	9.827931e+02	 116	   0	3.243176e-01	3.764864e+01	2307	 115	  99	 114	  97	 109	scram	scram_20.png	
CEVR	   2	 368	   4	   0	9.902905e+02	 127	 127	2.895149e-01	3.671049e+01	1827	 115	  99	 114	  97	 109	scram	scram_12.png	
CEVR	   2	 369	   4	   0	9.973031e+02	 130	   0	2.915353e-01	3.787461e+01	1858	 115	  99	 114	  97	 109	scram	scram_17.png	
CEVR	   2	 370	   4	   0	1.003972e+03	 125	   0	2.990762e-01	3.729908e+01	1970	 115	  99	 114	  97	 109	scram	scram_14.png	
CEVR	   2	 371	   4	   0	1.009738e+03	 160	 160	2.256491e-01	3.609740e+01	 561	 115	  99	 114	  97	 109	scram	scram_3.png	
CEVR	   2	 372	   4	   0	1.016215e+03	 135	   0	2.747136e-01	3.700000e+01	1586	 115	  99	 114	  97	 109	scram	scram_21.png	
CEVR	   2	 373	   4	   0	1.022604e+03	 167	   0	2.274723e-01	3.790989e+01	 607	 115	  99	 114	  97	 109	scram	scram_5.png	
CEVR	   2	 374	   4	   0	1.028117e+03	 158	 158	2.379203e-01	3.747584e+01	 857	 115	  99	 114	  97	 109	scram	scram_19.png	
CEVR	   2	 375	   4	   0	1.035044e+03	 116	 116	3.071632e-01	3.577135e+01	2084	 115	  99	 114	  97	 109	scram	scram_9.png	
CEVR	   2	 376	   4	   0	1.041700e+03	 162	   0	2.329975e-01	3.769899e+01	 742	 115	  99	 114	  97	 109	scram	scram_4.png	
CEVR	   2	 377	   4	   0	1.047697e+03	 158	 158	2.364433e-01	3.747289e+01	 823	 115	  99	 114	  97	 109	scram	scram_2.png	
CEVR	   2	 378	   4	   0	1.053830e+03	 157	 157	2.394601e-01	3.747892e+01	 892	 115	  99	 114	  97	 109	scram	scram_11.png	
IEV	   2	 379	   3	   0	1.123589e+03	  18	  18	8.753595e-01	1.578599e+01	 890	 102	 101	  97	 114	fear	fear_17.png	
IEV	   2	 380	   3	   0	1.130100e+03	  28	  28	8.297233e-01	2.329190e+01	1450	 102	 101	  97	 114	fear	fear_9.png	
IEV	   2	 381	   3	   0	1.138265e+03	 107	   0	4.685814e-01	5.033231e+01	3559	 102	 101	  97	 114	fear	fear_11.png	
IEV	   2	 382	   3	   0	1.144671e+03	  55	  55	6.916362e-01	3.820379e+01	2426	 102	 101	  97	 114	fear	fear_12.png	
IEV	   2	 383	   3	   0	1.151640e+03	  60	   0	6.675805e-01	3.981572e+01	2561	 102	 101	  97	 114	fear	fear_8.png	
IEV	   2	 384	   3	   0	1.159271e+03	  53	  53	7.151593e-01	3.796714e+01	2288	 102	 101	  97	 114	fear	fear_10.png	
IEV	   2	 385	   3	   0	1.166786e+03	  68	  68	6.117409e-01	4.140474e+01	2857	 102	 101	  97	 114	fear	fear_14.png	
IEV	   2	 386	   3	   0	1.174215e+03	  72	  72	6.066620e-01	4.353128e+01	2883	 102	 101	  97	 114	fear	fear_4.png	
IEV	   2	 387	   3	   0	1.180941e+03	  73	  73	6.078363e-01	4.407205e+01	2877	 102	 101	  97	 114	fear	fear_21.png	
IEV	   2	 388	   3	   0	1.189068e+03	  67	  67	6.074450e-01	4.044935e+01	2879	 102	 101	  97	 114	fear	fear_2.png	
IEV	   2	 389	   3	   0	1.196528e+03	  75	  75	5.944539e-01	4.481309e+01	2945	 102	 101	  97	 114	fear	fear_18.png	
IEV	   2	 390	   3	   0	1.204196e+03	  71	  71	5.964319e-01	4.231920e+01	2935	 102	 101	  97	 114	fear	fear_6.png	
IEV	   2	 391	   3	   0	1.210553e+03	  69	   0	5.958388e-01	4.116237e+01	2938	 102	 101	  97	 114	fear	fear_7.png	
IEV	   2	 392	   3	   0	1.218507e+03	 117	 117	4.336904e-01	5.086784e+01	3726	 102	 101	  97	 114	fear	fear_5.png	
IEV	   2	 393	   3	   0	1.226948e+03	 105	 105	4.806930e-01	5.029747e+01	3501	 102	 101	  97	 114	fear	fear_15.png	
IEV	   2	 394	   3	   0	1.234708e+03	 102	 102	4.731771e-01	4.824574e+01	3537	 102	 101	  97	 114	fear	fear_13.png	
IEV	   2	 395	   3	   0	1.241819e+03	 111	 111	4.512359e-01	5.014245e+01	3642	 102	 101	  97	 114	fear	fear_20.png	
IEV	   2	 396	   3	   0	1.249687e+03	 104	 104	4.685814e-01	4.892657e+01	3559	 102	 101	  97	 114	fear	fear_1.png	
IEV	   2	 397	   3	   0	1.256567e+03	  48	   0	6.999458e-01	3.342600e+01	2378	 102	 101	  97	 114	fear	fear_19.png	
IEV	   2	 398	   3	   0	1.264647e+03	 105	   0	4.639845e-01	4.866817e+01	3581	 102	 101	  97	 114	fear	fear_3.png	
IEV	   2	 399	   3	   0	1.272367e+03	  93	  93	5.305060e-01	4.912925e+01	3261	 102	 101	  97	 114	fear	fear_16.png	
IEV	   2	 400	   3	   0	1.279844e+03	  96	   0	5.073428e-01	4.862965e+01	3373	 102	 101	  97	 114	fear	fear_10.png	
IEV	   2	 401	   3	   0	1.288879e+03	 142	   0	3.708987e-01	5.284515e+01	4029	 102	 101	  97	 114	fear	fear_15.png	
IEV	   2	 402	   3	   0	1.296162e+03	  80	   0	5.461040e-01	4.349355e+01	3185	 102	 101	  97	 114	fear	fear_7.png	
IEV	   2	 403	   3	   0	1.302076e+03	  19	  19	8.777641e-01	1.629465e+01	 848	 102	 101	  97	 114	fear	fear_6.png	
IEV	   2	 404	   3	   0	1.308922e+03	  47	  47	7.438986e-01	3.510632e+01	2109	 102	 101	  97	 114	fear	fear_21.png	
IEV	   2	 405	   3	   0	1.315098e+03	  39	  39	7.927254e-01	3.103074e+01	1766	 102	 101	  97	 114	fear	fear_20.png	
IEV	   2	 406	   3	   0	1.322474e+03	 104	 104	4.660742e-01	4.857289e+01	3571	 102	 101	  97	 114	fear	fear_3.png	
IEV	   2	 407	   3	   0	1.330647e+03	 122	   0	4.263890e-01	5.201351e+01	3761	 102	 101	  97	 114	fear	fear_1.png	
IEV	   2	 408	   3	   0	1.338875e+03	 143	   0	3.727452e-01	5.315248e+01	4020	 102	 101	  97	 114	fear	fear_18.png	
IEV	   2	 409	   3	   0	1.345457e+03	  79	  79	5.471261e-01	4.343620e+01	3180	 102	 101	  97	 114	fear	fear_9.png	
IEV	   2	 410	   3	   0	1.352961e+03	  89	   0	5.377031e-01	4.772455e+01	3226	 102	 101	  97	 114	fear	fear_2.png	
IEV	   2	 411	   3	   0	1.361090e+03	 139	   0	3.727452e-01	5.166149e+01	4020	 102	 101	  97	 114	fear	fear_16.png	
IEV	   2	 412	   3	   0	1.368306e+03	  83	  83	5.333875e-01	4.419759e+01	3247	 102	 101	  97	 114	fear	fear_14.png	
IEV	   2	 413	   3	   0	1.376336e+03	  99	   0	4.854913e-01	4.815194e+01	3478	 102	 101	  97	 114	fear	fear_11.png	
IEV	   2	 414	   3	   0	1.383673e+03	 145	   0	3.711038e-01	5.395121e+01	4028	 102	 101	  97	 114	fear	fear_8.png	
IEV	   2	 415	   3	   0	1.391503e+03	 139	   0	3.727452e-01	5.166149e+01	4020	 102	 101	  97	 114	fear	fear_19.png	
IEV	   2	 416	   3	   0	1.398700e+03	  71	  71	5.815188e-01	4.143841e+01	3010	 102	 101	  97	 114	fear	fear_13.png	
IEV	   2	 417	   3	   0	1.405830e+03	  84	  84	5.278273e-01	4.449995e+01	3274	 102	 101	  97	 114	fear	fear_5.png	
IEV	   2	 418	   3	   0	1.413441e+03	  83	  83	5.352381e-01	4.463146e+01	3238	 102	 101	  97	 114	fear	fear_17.png	
IEV	   2	 419	   3	   0	1.421155e+03	  84	  84	5.350325e-01	4.517757e+01	3239	 102	 101	  97	 114	fear	fear_12.png	
IEV	   2	 420	   3	   0	1.429018e+03	  89	  89	5.156360e-01	4.566703e+01	3333	 102	 101	  97	 114	fear	fear_4.png	
DEV	   2	 421	   2	   0	1.498481e+03	  78	   0	6.443589e-01	5.053380e+01	1007	 104	  97	 112	 112	 121	happy	happy_6.png	
DEV	   2	 422	   2	   0	1.506330e+03	  80	  80	4.539235e-01	3.649325e+01	2106	 104	  97	 112	 112	 121	happy	happy_14.png	
DEV	   2	 423	   2	   0	1.513110e+03	  77	  77	4.218830e-01	3.260504e+01	2367	 104	  97	 112	 112	 121	happy	happy_4.png	
DEV	   2	 424	   2	   0	1.519950e+03	  83	   0	4.834875e-01	3.993883e+01	1893	 104	  97	 112	 112	 121	happy	happy_9.png	
DEV	   2	 425	   2	   0	1.526474e+03	  80	  80	4.599014e-01	3.689949e+01	2061	 104	  97	 112	 112	 121	happy	happy_21.png	
DEV	   2	 426	   2	   0	1.533767e+03	  77	   0	4.428816e-01	3.396770e+01	2192	 104	  97	 112	 112	 121	happy	happy_8.png	
DEV	   2	 427	   2	   0	1.541544e+03	  85	  85	4.470602e-01	3.781337e+01	2159	 104	  97	 112	 112	 121	happy	happy_1.png	
DEV	   2	 428	   2	   0	1.548695e+03	  77	  77	4.528754e-01	3.506325e+01	2114	 104	  97	 112	 112	 121	happy	happy_12.png	
DEV	   2	 429	   2	   0	1.555558e+03	  75	   0	4.504034e-01	3.400137e+01	2133	 104	  97	 112	 112	 121	happy	happy_15.png	
DEV	   2	 430	   2	   0	1.562884e+03	  78	   0	4.599014e-01	3.597969e+01	2061	 104	  97	 112	 112	 121	happy	happy_5.png	
DEV	   2	 431	   2	   0	1.569395e+03	  73	  73	6.430552e-01	4.723885e+01	1013	 104	  97	 112	 112	 121	happy	happy_13.png	
DEV	   2	 432	   2	   0	1.575683e+03	  71	  71	6.502612e-01	4.634118e+01	 980	 104	  97	 112	 112	 121	happy	happy_16.png	
DEV	   2	 433	   2	   0	1.582579e+03	  73	   0	6.034826e-01	4.375648e+01	1202	 104	  97	 112	 112	 121	happy	happy_11.png	
DEV	   2	 434	   2	   0	1.588823e+03	  83	  83	4.833410e-01	3.992859e+01	1894	 104	  97	 112	 112	 121	happy	happy_19.png	
DEV	   2	 435	   2	   0	1.595525e+03	  82	  82	4.410059e-01	3.605169e+01	2207	 104	  97	 112	 112	 121	happy	happy_20.png	
DEV	   2	 436	   2	   0	1.603425e+03	  83	   0	3.265262e-01	2.716606e+01	3404	 104	  97	 112	 112	 121	happy	happy_10.png	
DEV	   2	 437	   2	   0	1.610784e+03	  80	  80	4.791253e-01	3.819622e+01	1923	 104	  97	 112	 112	 121	happy	happy_18.png	
DEV	   2	 438	   2	   0	1.617541e+03	  77	  77	4.794141e-01	3.677734e+01	1921	 104	  97	 112	 112	 121	happy	happy_3.png	
DEV	   2	 439	   2	   0	1.624632e+03	  77	  77	4.991321e-01	3.853118e+01	1789	 104	  97	 112	 112	 121	happy	happy_7.png	
DEV	   2	 440	   2	   0	1.630941e+03	  79	   0	4.942311e-01	3.920444e+01	1821	 104	  97	 112	 112	 121	happy	happy_17.png	
DEV	   2	 441	   2	   0	1.637513e+03	  78	  78	4.753984e-01	3.699520e+01	1949	 104	  97	 112	 112	 121	happy	happy_2.png	
DEV	   2	 442	   2	   0	1.644184e+03	  75	  75	4.753984e-01	3.556901e+01	1949	 104	  97	 112	 112	 121	happy	happy_18.png	
DEV	   2	 443	   2	   0	1.652060e+03	  77	  77	4.744034e-01	3.645589e+01	1956	 104	  97	 112	 112	 121	happy	happy_19.png	
DEV	   2	 444	   2	   0	1.658577e+03	  80	   0	4.913580e-01	3.950479e+01	1840	 104	  97	 112	 112	 121	happy	happy_3.png	
DEV	   2	 445	   2	   0	1.664663e+03	  83	  83	4.715803e-01	3.910381e+01	1976	 104	  97	 112	 112	 121	happy	happy_20.png	
DEV	   2	 446	   2	   0	1.671183e+03	  75	   0	4.910572e-01	3.702918e+01	1842	 104	  97	 112	 112	 121	happy	happy_15.png	
DEV	   2	 447	   2	   0	1.678629e+03	  82	   0	4.829020e-01	3.941500e+01	1897	 104	  97	 112	 112	 121	happy	happy_12.png	
DEV	   2	 448	   2	   0	1.685730e+03	  75	  75	6.899160e-01	5.185787e+01	 805	 104	  97	 112	 112	 121	happy	happy_6.png	
DEV	   2	 449	   2	   0	1.691325e+03	  76	  76	6.482873e-01	4.947658e+01	 989	 104	  97	 112	 112	 121	happy	happy_16.png	
DEV	   2	 450	   2	   0	1.697271e+03	  69	  69	7.165354e-01	4.972193e+01	 693	 104	  97	 112	 112	 121	happy	happy_14.png	
DEV	   2	 451	   2	   0	1.703774e+03	  77	  77	6.445765e-01	4.990251e+01	1006	 104	  97	 112	 112	 121	happy	happy_10.png	
DEV	   2	 452	   2	   0	1.709518e+03	  72	   0	6.278488e-01	4.512107e+01	1084	 104	  97	 112	 112	 121	happy	happy_7.png	
DEV	   2	 453	   2	   0	1.716791e+03	  78	  78	6.575542e-01	5.133336e+01	 947	 104	  97	 112	 112	 121	happy	happy_4.png	
DEV	   2	 454	   2	   0	1.722400e+03	  76	  76	6.450118e-01	4.928364e+01	1004	 104	  97	 112	 112	 121	happy	happy_21.png	
DEV	   2	 455	   2	   0	1.728402e+03	  79	  79	6.445765e-01	5.119166e+01	1006	 104	  97	 112	 112	 121	happy	happy_8.png	
DEV	   2	 456	   2	   0	1.733928e+03	  77	  77	6.346520e-01	4.866837e+01	1052	 104	  97	 112	 112	 121	happy	happy_17.png	
DEV	   2	 457	   2	   0	1.740108e+03	  77	   0	6.548922e-01	5.051819e+01	 959	 104	  97	 112	 112	 121	happy	happy_13.png	
DEV	   2	 458	   2	   0	1.746616e+03	  69	  69	6.868881e-01	4.756802e+01	 818	 104	  97	 112	 112	 121	happy	happy_11.png	
DEV	   2	 459	   2	   0	1.754382e+03	  82	   0	2.859359e-01	2.356139e+01	3929	 104	  97	 112	 112	 121	happy	happy_1.png	
DEV	   2	 460	   2	   0	1.760588e+03	  72	  72	6.899160e-01	4.978812e+01	 805	 104	  97	 112	 112	 121	happy	happy_9.png	
DEV	   2	 461	   2	   0	1.767185e+03	  71	  71	6.478495e-01	4.621159e+01	 991	 104	  97	 112	 112	 121	happy	happy_5.png	
DEV	   2	 462	   2	   0	1.773534e+03	  69	   0	6.683166e-01	4.596103e+01	 899	 104	  97	 112	 112	 121	happy	happy_2.png	
CEV	   2	 463	   1	   0	1.843446e+03	  51	   0	7.585714e-01	3.851714e+01	 990	 102	 101	  97	 114	fear	fear_5.png	
CEV	   2	 464	   1	   0	1.851973e+03	  95	   0	3.782857e-01	3.586514e+01	3652	 102	 101	  97	 114	fear	fear_11.png	
CEV	   2	 465	   1	   0	1.859992e+03	  70	   0	5.522857e-01	3.865686e+01	2434	 102	 101	  97	 114	fear	fear_8.png	
CEV	   2	 466	   1	   0	1.866830e+03	  55	  55	6.608571e-01	3.633914e+01	1674	 102	 101	  97	 114	fear	fear_21.png	
CEV	   2	 467	   1	   0	1.873360e+03	  61	  61	6.350000e-01	3.890500e+01	1855	 102	 101	  97	 114	fear	fear_4.png	
CEV	   2	 468	   1	   0	1.880164e+03	  56	   0	6.140000e-01	3.454400e+01	2002	 102	 101	  97	 114	fear	fear_9.png	
CEV	   2	 469	   1	   0	1.887361e+03	  59	   0	6.448571e-01	3.828971e+01	1786	 102	 101	  97	 114	fear	fear_17.png	
CEV	   2	 470	   1	   0	1.893971e+03	  59	  59	6.407143e-01	3.764071e+01	1815	 102	 101	  97	 114	fear	fear_16.png	
CEV	   2	 471	   1	   0	1.900479e+03	  57	   0	6.415714e-01	3.635843e+01	1809	 102	 101	  97	 114	fear	fear_2.png	
CEV	   2	 472	   1	   0	1.907244e+03	  57	   0	6.248571e-01	3.575029e+01	1926	 102	 101	  97	 114	fear	fear_10.png	
CEV	   2	 473	   1	   0	1.914347e+03	  63	   0	6.144286e-01	3.884329e+01	1999	 102	 101	  97	 114	fear	fear_19.png	
CEV	   2	 474	   1	   0	1.920553e+03	  57	  57	6.437143e-01	  37	1794	 102	 101	  97	 114	fear	fear_6.png	
CEV	   2	 475	   1	   0	1.927664e+03	  63	  63	6.405714e-01	4.020286e+01	1816	 102	 101	  97	 114	fear	fear_13.png	
CEV	   2	 476	   1	   0	1.934675e+03	  54	   0	6.407143e-01	3.443714e+01	1815	 102	 101	  97	 114	fear	fear_7.png	
CEV	   2	 477	   1	   0	1.940615e+03	  60	  60	6.324286e-01	3.763243e+01	1873	 102	 101	  97	 114	fear	fear_1.png	
CEV	   2	 478	   1	   0	1.947346e+03	  63	  63	6.354286e-01	4.017714e+01	1852	 102	 101	  97	 114	fear	fear_14.png	
CEV	   2	 479	   1	   0	1.954708e+03	  61	  61	6.268571e-01	3.825371e+01	1912	 102	 101	  97	 114	fear	fear_20.png	
CEV	   2	 480	   1	   0	1.961041e+03	  57	  57	6.344286e-01	3.636557e+01	1859	 102	 101	  97	 114	fear	fear_18.png	
CEV	   2	 481	   1	   0	1.968002e+03	  54	  54	6.270000e-01	3.386500e+01	1911	 102	 101	  97	 114	fear	fear_15.png	
CEV	   2	 482	   1	   0	1.974007e+03	  42	  42	8.142857e-01	3.455714e+01	 600	 102	 101	  97	 114	fear	fear_12.png	
CEV	   2	 483	   1	   0	1.981289e+03	  47	   0	7.635714e-01	3.623643e+01	 955	 102	 101	  97	 114	fear	fear_3.png	
CEV	   2	 484	   1	   0	1.989442e+03	  94	   0	4.008571e-01	3.780171e+01	3494	 102	 101	  97	 114	fear	fear_2.png	
CEV	   2	 485	   1	   0	1.996596e+03	  56	   0	6.288571e-01	3.511343e+01	1898	 102	 101	  97	 114	fear	fear_3.png	
CEV	   2	 486	   1	   0	2.003341e+03	  44	   0	8.031429e-01	3.539371e+01	 678	 102	 101	  97	 114	fear	fear_19.png	
CEV	   2	 487	   1	   0	2.009565e+03	  46	  46	7.518571e-01	3.474443e+01	1037	 102	 101	  97	 114	fear	fear_20.png	
CEV	   2	 488	   1	   0	2.015623e+03	  46	  46	7.425714e-01	3.402971e+01	1102	 102	 101	  97	 114	fear	fear_13.png	
CEV	   2	 489	   1	   0	2.021701e+03	  47	  47	7.362857e-01	3.479114e+01	1146	 102	 101	  97	 114	fear	fear_18.png	
CEV	   2	 490	   1	   0	2.027350e+03	  52	  52	7.450000e-01	3.849000e+01	1085	 102	 101	  97	 114	fear	fear_16.png	
CEV	   2	 491	   1	   0	2.033953e+03	  51	  51	7.590000e-01	3.851800e+01	 987	 102	 101	  97	 114	fear	fear_7.png	
CEV	   2	 492	   1	   0	2.042303e+03	 115	   0	3.247143e-01	3.732471e+01	4027	 102	 101	  97	 114	fear	fear_5.png	
CEV	   2	 493	   1	   0	2.048320e+03	  53	   0	7.544286e-01	4.001771e+01	1019	 102	 101	  97	 114	fear	fear_14.png	
CEV	   2	 494	   1	   0	2.054648e+03	  55	   0	6.937143e-01	3.838743e+01	1444	 102	 101	  97	 114	fear	fear_15.png	
CEV	   2	 495	   1	   0	2.061435e+03	  65	   0	5.640000e-01	3.643600e+01	2352	 102	 101	  97	 114	fear	fear_17.png	
CEV	   2	 496	   1	   0	2.069081e+03	  86	   0	4.352857e-01	3.743529e+01	3253	 102	 101	  97	 114	fear	fear_12.png	
CEV	   2	 497	   1	   0	2.076112e+03	  73	  73	4.944286e-01	3.601114e+01	2839	 102	 101	  97	 114	fear	fear_11.png	
CEV	   2	 498	   1	   0	2.082596e+03	  73	  73	5.070000e-01	  37	2751	 102	 101	  97	 114	fear	fear_9.png	
CEV	   2	 499	   1	   0	2.090066e+03	  80	   0	4.821429e-01	3.844643e+01	2925	 102	 101	  97	 114	fear	fear_6.png	
CEV	   2	 500	   1	   0	2.097698e+03	  70	   0	4.932857e-01	3.453357e+01	2847	 102	 101	  97	 114	fear	fear_1.png	
CEV	   2	 501	   1	   0	2.105085e+03	  69	   0	5.058571e-01	3.497657e+01	2759	 102	 101	  97	 114	fear	fear_21.png	
CEV	   2	 502	   1	   0	2.112144e+03	  73	  73	5.434286e-01	3.971714e+01	2496	 102	 101	  97	 114	fear	fear_8.png	
CEV	   2	 503	   1	   0	2.119534e+03	  73	  73	5.338571e-01	3.913543e+01	2563	 102	 101	  97	 114	fear	fear_4.png	
CEV	   2	 504	   1	   0	2.126616e+03	  71	   0	5.360000e-01	3.807200e+01	2548	 102	 101	  97	 114	fear	fear_10.png	
