#Subj:	11126
#Run:	1
#Age:	22
#Gender:	female
#27-Feb-2013
Func	Run	Trial	Block	Null	trialStartTime	Mag	ScoreInc	Freq	EV	RT	Emotion	Image
CEV	   1	   1	   1	   0	1.269859e+02	  56	   0	6.807143e-01	3.836143e+01	1535	fear	fear_10.png	
CEV	   1	   2	   1	   0	1.333842e+02	  47	  47	8.285714e-01	3.865714e+01	 500	fear	fear_4.png	
CEV	   1	   3	   1	   0	1.389517e+02	  48	  48	8.041429e-01	3.860829e+01	 671	fear	fear_8.png	
CEV	   1	   4	   1	   0	1.454452e+02	  50	  50	7.635714e-01	3.852714e+01	 955	fear	fear_21.png	
CEV	   1	   5	   1	   0	1.523372e+02	  48	  48	7.352857e-01	3.552943e+01	1153	fear	fear_1.png	
CEV	   1	   6	   1	   0	1.582340e+02	  43	   0	7.907143e-01	3.383714e+01	 765	fear	fear_6.png	
CEV	   1	   7	   1	   0	1.650485e+02	  81	  81	4.712857e-01	3.794257e+01	3001	fear	fear_9.png	
CEV	   1	   8	   1	   0	1.725693e+02	  95	  95	4.124286e-01	3.906214e+01	3413	fear	fear_11.png	
CEV	   1	   9	   1	   0	1.797096e+02	  97	   0	3.784286e-01	3.662157e+01	3651	fear	fear_12.png	
CEV	   1	  10	   1	   0	1.865244e+02	  81	   0	4.714286e-01	3.841429e+01	3000	fear	fear_17.png	
CEV	   1	  11	   1	   0	1.929503e+02	  58	  58	6.111429e-01	3.516657e+01	2022	fear	fear_15.png	
CEV	   1	  12	   1	   0	1.994144e+02	  55	  55	6.575714e-01	3.634243e+01	1697	fear	fear_14.png	
CEV	   1	  13	   1	   0	2.064535e+02	  66	   0	5.802857e-01	3.816057e+01	2238	fear	fear_5.png	
CEV	   1	  14	   1	   0	2.124295e+02	  52	  52	6.827143e-01	3.563457e+01	1521	fear	fear_7.png	
CEV	   1	  15	   1	   0	2.187275e+02	  51	  51	7.622857e-01	3.852457e+01	 964	fear	fear_16.png	
CEV	   1	  16	   1	   0	2.255213e+02	  48	  48	7.062857e-01	3.417486e+01	1356	fear	fear_18.png	
CEV	   1	  17	   1	   0	2.313451e+02	  60	  60	6.692857e-01	4.034643e+01	1615	fear	fear_13.png	
CEV	   1	  18	   1	   0	2.388545e+02	  90	  90	4.161429e-01	3.741614e+01	3387	fear	fear_20.png	
CEV	   1	  19	   1	   0	2.466154e+02	  89	  89	4.301429e-01	3.829043e+01	3289	fear	fear_19.png	
CEV	   1	  20	   1	   0	2.536168e+02	  83	   0	4.471429e-01	  37	3170	fear	fear_3.png	
CEV	   1	  21	   1	   0	2.617164e+02	  92	   0	4.195714e-01	3.867829e+01	3363	fear	fear_2.png	
CEV	   1	  22	   1	   0	2.691102e+02	  57	  57	6.497143e-01	  37	1752	fear	fear_3.png	
CEV	   1	  23	   1	   0	2.762199e+02	  51	  51	6.738571e-01	3.430457e+01	1583	fear	fear_12.png	
CEV	   1	  24	   1	   0	2.839219e+02	  60	  60	6.472857e-01	3.894186e+01	1769	fear	fear_15.png	
CEV	   1	  25	   1	   0	2.898338e+02	  58	  58	6.731429e-01	3.901943e+01	1588	fear	fear_18.png	
CEV	   1	  26	   1	   0	2.964703e+02	  62	  62	6.394286e-01	3.955771e+01	1824	fear	fear_20.png	
CEV	   1	  27	   1	   0	3.029048e+02	  55	  55	6.381429e-01	3.508557e+01	1833	fear	fear_14.png	
CEV	   1	  28	   1	   0	3.093755e+02	  57	  57	6.565714e-01	3.765657e+01	1704	fear	fear_1.png	
CEV	   1	  29	   1	   0	3.157543e+02	  56	   0	6.544286e-01	3.634557e+01	1719	fear	fear_7.png	
CEV	   1	  30	   1	   0	3.216082e+02	  47	  47	8.042857e-01	3.780429e+01	 670	fear	fear_13.png	
CEV	   1	  31	   1	   0	3.279550e+02	  50	  50	8.064286e-01	4.022571e+01	 655	fear	fear_6.png	
CEV	   1	  32	   1	   0	3.341979e+02	  52	   0	7.505714e-01	3.925171e+01	1046	fear	fear_19.png	
CEV	   1	  33	   1	   0	3.392753e+02	  42	  42	8.548571e-01	3.614514e+01	 316	fear	fear_10.png	
CEV	   1	  34	   1	   0	3.453915e+02	  41	  41	8.157143e-01	3.373714e+01	 590	fear	fear_2.png	
CEV	   1	  35	   1	   0	3.517352e+02	  51	   0	7.217143e-01	  37	1248	fear	fear_16.png	
CEV	   1	  36	   1	   0	3.595409e+02	 106	 106	3.612857e-01	3.844514e+01	3771	fear	fear_17.png	
CEV	   1	  37	   1	   0	3.671504e+02	 104	   0	3.601429e-01	3.736014e+01	3779	fear	fear_9.png	
CEV	   1	  38	   1	   0	3.754278e+02	  95	  95	3.692857e-01	3.515357e+01	3715	fear	fear_4.png	
CEV	   1	  39	   1	   0	3.832163e+02	  98	   0	3.665714e-01	3.590029e+01	3734	fear	fear_21.png	
CEV	   1	  40	   1	   0	3.908138e+02	  92	   0	3.924286e-01	3.621514e+01	3553	fear	fear_8.png	
CEV	   1	  41	   1	   0	3.992376e+02	 101	   0	3.561429e-01	3.593157e+01	3807	fear	fear_11.png	
CEV	   1	  42	   1	   0	4.062487e+02	  43	  43	8.171429e-01	3.536571e+01	 580	fear	fear_5.png	
DEV	   1	  43	   2	   0	4.807452e+02	  77	   0	6.299659e-01	4.838763e+01	1074	happy	happy_2.png	
DEV	   1	  44	   2	   0	4.870174e+02	  72	  72	7.148441e-01	5.178494e+01	 700	happy	happy_5.png	
DEV	   1	  45	   2	   0	4.935233e+02	  73	   0	5.711358e-01	4.188902e+01	1368	happy	happy_9.png	
DEV	   1	  46	   2	   0	5.006505e+02	  76	   0	4.682306e-01	3.559024e+01	2000	happy	happy_1.png	
DEV	   1	  47	   2	   0	5.067923e+02	  72	   0	7.361199e-01	5.285392e+01	 613	happy	happy_11.png	
DEV	   1	  48	   2	   0	5.127156e+02	  66	  66	7.899303e-01	5.217397e+01	 402	happy	happy_13.png	
DEV	   1	  49	   2	   0	5.185961e+02	  67	   0	7.604798e-01	5.097741e+01	 516	happy	happy_17.png	
DEV	   1	  50	   2	   0	5.250422e+02	  76	   0	3.920487e-01	2.985655e+01	2646	happy	happy_8.png	
DEV	   1	  51	   2	   0	5.315508e+02	  85	   0	3.617601e-01	3.078033e+01	2972	happy	happy_21.png	
DEV	   1	  52	   2	   0	5.382271e+02	  67	  67	7.627732e-01	5.107448e+01	 507	happy	happy_4.png	
DEV	   1	  53	   2	   0	5.449166e+02	  81	   0	3.320783e-01	2.690587e+01	3333	happy	happy_7.png	
DEV	   1	  54	   2	   0	5.525016e+02	  83	   0	3.019692e-01	2.504705e+01	3723	happy	happy_10.png	
DEV	   1	  55	   2	   0	5.583715e+02	  68	  68	7.666078e-01	5.200198e+01	 492	happy	happy_14.png	
DEV	   1	  56	   2	   0	5.647516e+02	  67	  67	7.612437e-01	5.100981e+01	 513	happy	happy_16.png	
DEV	   1	  57	   2	   0	5.706969e+02	  74	  74	7.865287e-01	5.833376e+01	 415	happy	happy_6.png	
DEV	   1	  58	   2	   0	5.764220e+02	  70	  70	7.896683e-01	5.532249e+01	 403	happy	happy_12.png	
DEV	   1	  59	   2	   0	5.825795e+02	  75	  75	7.732903e-01	5.769777e+01	 466	happy	happy_15.png	
DEV	   1	  60	   2	   0	5.894652e+02	  79	   0	4.269846e-01	3.379158e+01	2323	happy	happy_20.png	
DEV	   1	  61	   2	   0	5.951637e+02	  70	  70	7.523708e-01	5.288638e+01	 548	happy	happy_3.png	
DEV	   1	  62	   2	   0	6.013287e+02	  68	  68	7.696864e-01	5.213293e+01	 480	happy	happy_19.png	
DEV	   1	  63	   2	   0	6.079150e+02	  70	  70	7.097921e-01	4.939526e+01	 721	happy	happy_18.png	
DEV	   1	  64	   2	   0	6.146001e+02	  68	  68	8.180639e-01	5.565900e+01	 296	happy	happy_2.png	
DEV	   1	  65	   2	   0	6.196035e+02	  74	   0	8.020535e-01	5.904913e+01	 356	happy	happy_17.png	
DEV	   1	  66	   2	   0	6.255890e+02	  71	  71	7.612437e-01	5.405479e+01	 513	happy	happy_7.png	
DEV	   1	  67	   2	   0	6.320655e+02	  69	   0	7.640497e-01	5.265633e+01	 502	happy	happy_3.png	
DEV	   1	  68	   2	   0	6.385446e+02	  70	  70	7.681458e-01	5.360384e+01	 486	happy	happy_18.png	
DEV	   1	  69	   2	   0	6.439302e+02	  74	  74	7.597166e-01	5.626299e+01	 519	happy	happy_10.png	
DEV	   1	  70	   2	   0	6.497073e+02	  68	  68	7.640497e-01	5.189229e+01	 502	happy	happy_20.png	
DEV	   1	  71	   2	   0	6.560473e+02	  66	  66	7.833984e-01	5.191828e+01	 427	happy	happy_19.png	
DEV	   1	  72	   2	   0	6.622183e+02	  75	   0	7.673765e-01	5.740642e+01	 489	happy	happy_11.png	
DEV	   1	  73	   2	   0	6.678462e+02	  73	  73	7.390975e-01	5.373895e+01	 601	happy	happy_16.png	
DEV	   1	  74	   2	   0	6.745789e+02	  69	  69	7.366154e-01	5.066843e+01	 611	happy	happy_13.png	
DEV	   1	  75	   2	   0	6.810891e+02	  74	  74	7.480918e-01	5.567918e+01	 565	happy	happy_5.png	
DEV	   1	  76	   2	   0	6.871299e+02	  67	  67	7.329057e-01	4.903082e+01	 626	happy	happy_15.png	
DEV	   1	  77	   2	   0	6.931598e+02	  73	  73	7.381038e-01	5.368936e+01	 605	happy	happy_12.png	
DEV	   1	  78	   2	   0	6.995085e+02	  71	  71	7.794988e-01	5.566040e+01	 442	happy	happy_1.png	
DEV	   1	  79	   2	   0	7.060115e+02	  71	  71	7.518663e-01	5.361483e+01	 550	happy	happy_8.png	
DEV	   1	  80	   2	   0	7.123092e+02	  73	  73	7.650721e-01	5.576158e+01	 498	happy	happy_21.png	
DEV	   1	  81	   2	   0	7.189657e+02	  73	  73	7.756140e-01	5.625983e+01	 457	happy	happy_9.png	
DEV	   1	  82	   2	   0	7.248627e+02	  70	  70	7.551503e-01	5.301491e+01	 537	happy	happy_4.png	
DEV	   1	  83	   2	   0	7.308861e+02	  73	  73	7.933428e-01	5.785861e+01	 389	happy	happy_14.png	
DEV	   1	  84	   2	   0	7.370332e+02	  74	  74	7.815768e-01	5.809856e+01	 434	happy	happy_6.png	
IEV	   1	  85	   3	   0	8.107583e+02	  18	  18	8.955598e-01	1.584408e+01	 387	fear	fear_4.png	
IEV	   1	  86	   3	   0	8.162052e+02	  20	  20	8.785896e-01	1.792367e+01	 833	fear	fear_12.png	
IEV	   1	  87	   3	   0	8.227220e+02	  26	  26	8.554917e-01	2.196969e+01	1173	fear	fear_17.png	
IEV	   1	  88	   3	   0	8.299615e+02	  45	   0	7.573864e-01	3.404010e+01	2020	fear	fear_5.png	
IEV	   1	  89	   3	   0	8.368664e+02	  33	  33	8.188797e-01	2.691312e+01	1550	fear	fear_13.png	
IEV	   1	  90	   3	   0	8.429305e+02	  37	  37	8.050489e-01	2.989366e+01	1668	fear	fear_19.png	
IEV	   1	  91	   3	   0	8.489328e+02	  34	   0	7.968318e-01	2.747022e+01	1734	fear	fear_8.png	
IEV	   1	  92	   3	   0	8.564857e+02	  52	  52	7.220886e-01	3.747135e+01	2246	fear	fear_11.png	
IEV	   1	  93	   3	   0	8.631102e+02	  53	  53	6.996022e-01	3.695020e+01	2380	fear	fear_14.png	
IEV	   1	  94	   3	   0	8.701250e+02	  55	  55	6.663069e-01	3.656708e+01	2568	fear	fear_16.png	
IEV	   1	  95	   3	   0	8.767195e+02	  64	  64	6.367400e-01	4.048508e+01	2727	fear	fear_2.png	
IEV	   1	  96	   3	   0	8.840892e+02	  81	  81	5.682555e-01	4.620245e+01	3076	fear	fear_9.png	
IEV	   1	  97	   3	   0	8.919625e+02	  76	  76	5.668418e-01	4.287413e+01	3083	fear	fear_18.png	
IEV	   1	  98	   3	   0	8.986697e+02	  79	  79	5.530437e-01	4.365494e+01	3151	fear	fear_1.png	
IEV	   1	  99	   3	   0	9.064338e+02	  75	   0	5.749026e-01	4.298295e+01	3043	fear	fear_3.png	
IEV	   1	 100	   3	   0	9.141681e+02	  84	  84	5.420102e-01	4.534815e+01	3205	fear	fear_20.png	
IEV	   1	 101	   3	   0	9.213136e+02	  90	   0	5.377031e-01	4.826225e+01	3226	fear	fear_21.png	
IEV	   1	 102	   3	   0	9.283416e+02	  83	  83	5.452859e-01	4.517523e+01	3189	fear	fear_6.png	
IEV	   1	 103	   3	   0	9.357009e+02	  83	  83	5.389346e-01	4.497051e+01	3220	fear	fear_7.png	
IEV	   1	 104	   3	   0	9.434025e+02	  93	  93	5.146005e-01	4.777900e+01	3338	fear	fear_15.png	
IEV	   1	 105	   3	   0	9.499673e+02	  89	   0	5.298881e-01	4.703772e+01	3264	fear	fear_10.png	
IEV	   1	 106	   3	   0	9.583757e+02	  89	  89	5.148076e-01	4.570989e+01	3337	fear	fear_16.png	
IEV	   1	 107	   3	   0	9.663754e+02	  90	  90	5.154289e-01	4.619318e+01	3334	fear	fear_3.png	
IEV	   1	 108	   3	   0	9.735144e+02	  95	   0	4.992387e-01	4.750068e+01	3412	fear	fear_19.png	
IEV	   1	 109	   3	   0	9.814562e+02	  92	  92	4.981985e-01	4.605604e+01	3417	fear	fear_1.png	
IEV	   1	 110	   3	   0	9.887916e+02	  99	  99	5.009024e-01	4.942415e+01	3404	fear	fear_20.png	
IEV	   1	 111	   3	   0	9.969225e+02	  99	   0	5.029811e-01	4.983492e+01	3394	fear	fear_13.png	
IEV	   1	 112	   3	   0	1.004545e+03	  94	   0	5.071352e-01	4.762491e+01	3374	fear	fear_15.png	
IEV	   1	 113	   3	   0	1.011494e+03	  94	  94	4.954930e-01	4.668906e+01	3430	fear	fear_5.png	
IEV	   1	 114	   3	   0	1.018892e+03	  96	   0	5.172921e-01	4.971945e+01	3325	fear	fear_7.png	
IEV	   1	 115	   3	   0	1.027214e+03	 106	 106	4.658652e-01	4.951417e+01	3572	fear	fear_6.png	
IEV	   1	 116	   3	   0	1.034879e+03	 113	   0	4.470565e-01	5.031801e+01	3662	fear	fear_18.png	
IEV	   1	 117	   3	   0	1.042845e+03	 114	 114	4.472655e-01	5.120381e+01	3661	fear	fear_2.png	
IEV	   1	 118	   3	   0	1.049933e+03	 115	   0	4.376568e-01	5.026887e+01	3707	fear	fear_21.png	
IEV	   1	 119	   3	   0	1.057976e+03	 119	   0	4.149331e-01	4.953504e+01	3816	fear	fear_4.png	
IEV	   1	 120	   3	   0	1.064877e+03	 122	   0	4.326469e-01	5.264061e+01	3731	fear	fear_14.png	
IEV	   1	 121	   3	   0	1.073259e+03	 127	 127	3.991508e-01	5.061056e+01	3892	fear	fear_10.png	
IEV	   1	 122	   3	   0	1.081934e+03	 127	   0	4.022606e-01	5.128685e+01	3877	fear	fear_8.png	
IEV	   1	 123	   3	   0	1.089403e+03	 109	   0	4.460118e-01	4.857758e+01	3667	fear	fear_12.png	
IEV	   1	 124	   3	   0	1.097041e+03	 119	   0	4.174304e-01	4.984321e+01	3804	fear	fear_11.png	
IEV	   1	 125	   3	   0	1.104821e+03	 129	   0	4.030903e-01	5.206031e+01	3873	fear	fear_9.png	
IEV	   1	 126	   3	   0	1.112871e+03	  88	   0	5.374978e-01	4.719693e+01	3227	fear	fear_17.png	
CEVR	   1	 127	   4	   0	1.184758e+03	 172	   0	2.202381e-01	3.788095e+01	 420	scram	scram_11.png	
CEVR	   1	 128	   4	   0	1.190868e+03	 155	 155	2.418301e-01	3.748366e+01	 945	scram	scram_2.png	
CEVR	   1	 129	   4	   0	1.197007e+03	 146	   0	2.444319e-01	3.577784e+01	1002	scram	scram_4.png	
CEVR	   1	 130	   4	   0	1.203311e+03	 153	   0	2.413343e-01	  37	 934	scram	scram_9.png	
CEVR	   1	 131	   4	   0	1.209299e+03	 164	   0	2.312500e-01	3.792500e+01	 700	scram	scram_19.png	
CEVR	   1	 132	   4	   0	1.216011e+03	 148	   0	2.513587e-01	3.725136e+01	1148	scram	scram_5.png	
CEVR	   1	 133	   4	   0	1.222145e+03	 143	   0	2.638549e-01	3.779156e+01	1392	scram	scram_21.png	
CEVR	   1	 134	   4	   0	1.228323e+03	 129	 129	2.803637e-01	3.615891e+01	1681	scram	scram_3.png	
CEVR	   1	 135	   4	   0	1.234381e+03	 137	 137	2.777778e-01	3.811111e+01	1638	scram	scram_14.png	
CEVR	   1	 136	   4	   0	1.240853e+03	 132	 132	2.795165e-01	3.700000e+01	1667	scram	scram_17.png	
CEVR	   1	 137	   4	   0	1.248242e+03	 136	   0	2.815830e-01	3.840791e+01	1701	scram	scram_12.png	
CEVR	   1	 138	   4	   0	1.255392e+03	 134	   0	2.767685e-01	  37	1621	scram	scram_20.png	
CEVR	   1	 139	   4	   0	1.262413e+03	 131	   0	2.733221e-01	3.590671e+01	1562	scram	scram_13.png	
CEVR	   1	 140	   4	   0	1.268961e+03	 123	 123	2.889980e-01	3.555501e+01	1819	scram	scram_8.png	
CEVR	   1	 141	   4	   0	1.275036e+03	 127	 127	2.923911e-01	3.700000e+01	1871	scram	scram_18.png	
CEVR	   1	 142	   4	   0	1.282236e+03	 128	   0	2.957296e-01	3.788719e+01	1921	scram	scram_10.png	
CEVR	   1	 143	   4	   0	1.289490e+03	 130	 130	2.895796e-01	3.757916e+01	1828	scram	scram_15.png	
CEVR	   1	 144	   4	   0	1.296211e+03	 132	   0	2.854309e-01	3.757086e+01	1763	scram	scram_16.png	
CEVR	   1	 145	   4	   0	1.302852e+03	 128	   0	3.010928e-01	3.850546e+01	1999	scram	scram_1.png	
CEVR	   1	 146	   4	   0	1.309925e+03	 130	   0	2.919955e-01	3.787599e+01	1865	scram	scram_7.png	
CEVR	   1	 147	   4	   0	1.316581e+03	 127	   0	2.897092e-01	3.671029e+01	1830	scram	scram_6.png	
CEVR	   1	 148	   4	   0	1.323966e+03	 111	 111	3.226208e-01	3.570952e+01	2286	scram	scram_16.png	
CEVR	   1	 149	   4	   0	1.331722e+03	 108	   0	3.343661e-01	3.599690e+01	2427	scram	scram_15.png	
CEVR	   1	 150	   4	   0	1.338689e+03	 119	   0	3.199111e-01	3.795973e+01	2252	scram	scram_8.png	
CEVR	   1	 151	   4	   0	1.345969e+03	  94	   0	3.783231e-01	3.548671e+01	2877	scram	scram_4.png	
CEVR	   1	 152	   4	   0	1.352980e+03	 102	   0	3.637640e-01	3.700000e+01	2740	scram	scram_1.png	
CEVR	   1	 153	   4	   0	1.360475e+03	  93	   0	4.055747e-01	3.781115e+01	3107	scram	scram_5.png	
CEVR	   1	 154	   4	   0	1.368053e+03	  79	  79	4.580828e-01	3.608383e+01	3473	scram	scram_9.png	
CEVR	   1	 155	   4	   0	1.375263e+03	  74	   0	4.686934e-01	3.465653e+01	3537	scram	scram_10.png	
CEVR	   1	 156	   4	   0	1.382365e+03	  76	  76	4.654925e-01	3.560352e+01	3518	scram	scram_21.png	
CEVR	   1	 157	   4	   0	1.389290e+03	 146	 146	2.521417e-01	3.674786e+01	1164	scram	scram_18.png	
CEVR	   1	 158	   4	   0	1.395463e+03	 144	   0	2.569954e-01	3.700000e+01	1261	scram	scram_11.png	
CEVR	   1	 159	   4	   0	1.401785e+03	 152	   0	2.518965e-01	3.825948e+01	1159	scram	scram_2.png	
CEVR	   1	 160	   4	   0	1.408223e+03	 142	   0	2.534247e-01	3.598630e+01	1190	scram	scram_7.png	
CEVR	   1	 161	   4	   0	1.414210e+03	 147	   0	2.484651e-01	3.650307e+01	1088	scram	scram_13.png	
CEVR	   1	 162	   4	   0	1.420930e+03	 141	   0	2.618277e-01	3.700000e+01	1354	scram	scram_3.png	
CEVR	   1	 163	   4	   0	1.427176e+03	 150	   0	2.445703e-01	3.675543e+01	1005	scram	scram_14.png	
CEVR	   1	 164	   4	   0	1.433812e+03	 127	   0	2.866947e-01	3.642661e+01	1783	scram	scram_19.png	
CEVR	   1	 165	   4	   0	1.439656e+03	 136	   0	2.755319e-01	3.755106e+01	1600	scram	scram_17.png	
CEVR	   1	 166	   4	   0	1.446981e+03	 126	   0	2.985935e-01	3.759719e+01	1963	scram	scram_6.png	
CEVR	   1	 167	   4	   0	1.453396e+03	 144	 144	2.510663e-01	3.624680e+01	1142	scram	scram_20.png	
CEVR	   1	 168	   4	   0	1.460766e+03	 149	 149	2.565372e-01	3.828269e+01	1252	scram	scram_12.png	
CEV	   1	 169	   5	   0	1.534681e+03	  39	  39	8.447143e-01	3.277643e+01	 387	happy	happy_19.png	
CEV	   1	 170	   5	   0	1.540602e+03	  49	  49	8.211429e-01	4.028457e+01	 552	happy	happy_15.png	
CEV	   1	 171	   5	   0	1.546547e+03	  42	  42	8.145714e-01	3.455629e+01	 598	happy	happy_18.png	
CEV	   1	 172	   5	   0	1.552879e+03	  47	   0	7.894286e-01	3.700000e+01	 774	happy	happy_13.png	
CEV	   1	 173	   5	   0	1.559132e+03	  46	   0	7.547143e-01	3.473586e+01	1017	happy	happy_8.png	
CEV	   1	 174	   5	   0	1.566077e+03	  52	  52	7.287143e-01	3.772871e+01	1199	happy	happy_11.png	
CEV	   1	 175	   5	   0	1.572012e+03	  50	  50	7.031429e-01	3.489057e+01	1378	happy	happy_12.png	
CEV	   1	 176	   5	   0	1.578857e+03	  53	  53	7.001429e-01	  37	1399	happy	happy_7.png	
CEV	   1	 177	   5	   0	1.585699e+03	  56	  56	6.728571e-01	3.767286e+01	1590	happy	happy_3.png	
CEV	   1	 178	   5	   0	1.592865e+03	  57	  57	6.368571e-01	3.636314e+01	1842	happy	happy_20.png	
CEV	   1	 179	   5	   0	1.599630e+03	  59	  59	6.090000e-01	3.578200e+01	2037	happy	happy_9.png	
CEV	   1	 180	   5	   0	1.606773e+03	  64	  64	5.868571e-01	3.758686e+01	2192	happy	happy_17.png	
CEV	   1	 181	   5	   0	1.613591e+03	  72	   0	5.367143e-01	3.861014e+01	2543	happy	happy_6.png	
CEV	   1	 182	   5	   0	1.620305e+03	  79	  79	4.807143e-01	3.796143e+01	2935	happy	happy_2.png	
CEV	   1	 183	   5	   0	1.628534e+03	  79	  79	4.765714e-01	3.747657e+01	2964	happy	happy_4.png	
CEV	   1	 184	   5	   0	1.636573e+03	  87	   0	4.454286e-01	3.878171e+01	3182	happy	happy_5.png	
CEV	   1	 185	   5	   0	1.643991e+03	  80	  80	4.795714e-01	3.843871e+01	2943	happy	happy_1.png	
CEV	   1	 186	   5	   0	1.650945e+03	  80	  80	4.695714e-01	3.746957e+01	3013	happy	happy_14.png	
CEV	   1	 187	   5	   0	1.658352e+03	  76	  76	4.830000e-01	3.651700e+01	2919	happy	happy_16.png	
CEV	   1	 188	   5	   0	1.665461e+03	  79	  79	4.538571e-01	3.563843e+01	3123	happy	happy_10.png	
CEV	   1	 189	   5	   0	1.672970e+03	  80	  80	4.541429e-01	3.654586e+01	3121	happy	happy_21.png	
CEV	   1	 190	   5	   0	1.680773e+03	  94	   0	3.985714e-01	3.739857e+01	3510	happy	happy_9.png	
CEV	   1	 191	   5	   0	1.688649e+03	 108	   0	3.492857e-01	3.769857e+01	3855	happy	happy_7.png	
CEV	   1	 192	   5	   0	1.695533e+03	  99	  99	3.760000e-01	3.737600e+01	3668	happy	happy_18.png	
CEV	   1	 193	   5	   0	1.703504e+03	  93	  93	3.795714e-01	3.548171e+01	3643	happy	happy_15.png	
CEV	   1	 194	   5	   0	1.710620e+03	 101	   0	3.664286e-01	  37	3735	happy	happy_17.png	
CEV	   1	 195	   5	   0	1.718509e+03	  98	   0	3.744286e-01	3.662557e+01	3679	happy	happy_3.png	
CEV	   1	 196	   5	   0	1.725577e+03	 107	   0	3.518571e-01	3.770371e+01	3837	happy	happy_5.png	
CEV	   1	 197	   5	   0	1.733468e+03	 107	 107	3.461429e-01	3.700000e+01	3877	happy	happy_2.png	
CEV	   1	 198	   5	   0	1.741053e+03	 109	   0	3.284286e-01	3.568629e+01	4001	happy	happy_13.png	
CEV	   1	 199	   5	   0	1.748725e+03	 108	   0	3.508571e-01	3.805257e+01	3844	happy	happy_12.png	
CEV	   1	 200	   5	   0	1.756325e+03	 104	 104	3.432857e-01	3.562686e+01	3897	happy	happy_11.png	
CEV	   1	 201	   5	   0	1.764681e+03	 100	 100	3.602857e-01	3.591914e+01	3778	happy	happy_4.png	
CEV	   1	 202	   5	   0	1.773376e+03	 106	   0	3.442857e-01	3.665571e+01	3890	happy	happy_19.png	
CEV	   1	 203	   5	   0	1.781258e+03	 106	   0	3.484286e-01	  37	3861	happy	happy_6.png	
CEV	   1	 204	   5	   0	1.789488e+03	 110	   0	3.348571e-01	  37	3956	happy	happy_16.png	
CEV	   1	 205	   5	   0	1.797443e+03	 105	   0	3.561429e-01	3.735614e+01	3807	happy	happy_21.png	
CEV	   1	 206	   5	   0	1.805402e+03	  93	   0	3.838571e-01	3.584843e+01	3613	happy	happy_8.png	
CEV	   1	 207	   5	   0	1.812018e+03	  75	   0	4.814286e-01	3.603714e+01	2930	happy	happy_10.png	
CEV	   1	 208	   5	   0	1.819249e+03	  90	  90	4.202857e-01	3.784057e+01	3358	happy	happy_1.png	
CEV	   1	 209	   5	   0	1.826188e+03	  86	  86	4.195714e-01	3.616086e+01	3363	happy	happy_20.png	
CEV	   1	 210	   5	   0	1.833915e+03	  84	   0	4.498571e-01	3.789971e+01	3151	happy	happy_14.png	
IEV	   1	 211	   6	   0	1.909099e+03	  18	  18	8.870773e-01	1.565430e+01	 655	scram	scram_1.png	
IEV	   1	 212	   6	   0	1.916674e+03	 113	 113	4.506090e-01	5.107011e+01	3645	scram	scram_2.png	
IEV	   1	 213	   6	   0	1.924010e+03	 121	 121	4.255551e-01	5.161941e+01	3765	scram	scram_20.png	
IEV	   1	 214	   6	   0	1.931208e+03	 119	 119	4.412070e-01	5.232565e+01	3690	scram	scram_19.png	
IEV	   1	 215	   6	   0	1.938646e+03	 121	 121	4.245128e-01	5.123515e+01	3770	scram	scram_21.png	
IEV	   1	 216	   6	   0	1.946904e+03	 124	   0	4.159735e-01	5.156946e+01	3811	scram	scram_16.png	
IEV	   1	 217	   6	   0	1.954223e+03	 116	   0	4.328556e-01	5.003589e+01	3730	scram	scram_11.png	
IEV	   1	 218	   6	   0	1.961867e+03	 137	 137	3.844726e-01	5.274101e+01	3963	scram	scram_10.png	
IEV	   1	 219	   6	   0	1.969566e+03	 128	   0	3.997726e-01	5.098477e+01	3889	scram	scram_9.png	
IEV	   1	 220	   6	   0	1.976797e+03	 136	 136	3.873611e-01	5.263761e+01	3949	scram	scram_3.png	
IEV	   1	 221	   6	   0	1.984867e+03	 138	   0	3.789107e-01	5.218000e+01	3990	scram	scram_13.png	
IEV	   1	 222	   6	   0	1.991082e+03	  14	  14	8.968636e-01	1.288375e+01	 324	scram	scram_15.png	
IEV	   1	 223	   6	   0	1.999786e+03	 128	   0	3.979077e-01	5.105946e+01	3898	scram	scram_17.png	
IEV	   1	 224	   6	   0	2.006832e+03	 136	   0	3.819992e-01	5.206490e+01	3975	scram	scram_8.png	
IEV	   1	 225	   6	   0	2.014471e+03	 103	 103	4.667010e-01	4.807752e+01	3568	scram	scram_5.png	
IEV	   1	 226	   6	   0	2.021830e+03	 105	   0	4.583418e-01	4.800658e+01	3608	scram	scram_7.png	
IEV	   1	 227	   6	   0	2.029449e+03	 105	   0	4.754742e-01	5.004074e+01	3526	scram	scram_4.png	
IEV	   1	 228	   6	   0	2.036769e+03	  55	  55	6.737306e-01	3.739083e+01	2527	scram	scram_6.png	
IEV	   1	 229	   6	   0	2.043633e+03	  54	  54	6.932043e-01	3.740236e+01	2417	scram	scram_18.png	
IEV	   1	 230	   6	   0	2.050878e+03	  52	   0	7.049011e-01	3.657052e+01	2349	scram	scram_14.png	
IEV	   1	 231	   6	   0	2.058331e+03	  63	   0	6.241335e-01	3.939495e+01	2793	scram	scram_12.png	
IEV	   1	 232	   6	   0	2.066628e+03	  75	  75	5.708776e-01	4.264170e+01	3063	scram	scram_15.png	
IEV	   1	 233	   6	   0	2.075022e+03	 101	 101	4.856998e-01	4.911360e+01	3477	scram	scram_19.png	
IEV	   1	 234	   6	   0	2.083236e+03	 102	   0	4.781884e-01	4.896823e+01	3513	scram	scram_5.png	
IEV	   1	 235	   6	   0	2.091108e+03	 100	 100	4.957012e-01	4.965292e+01	3429	scram	scram_6.png	
IEV	   1	 236	   6	   0	2.098167e+03	  98	  98	5.013182e-01	4.890442e+01	3402	scram	scram_21.png	
IEV	   1	 237	   6	   0	2.105635e+03	 100	   0	4.973662e-01	4.957999e+01	3421	scram	scram_11.png	
IEV	   1	 238	   6	   0	2.112756e+03	 115	   0	4.334817e-01	5.000933e+01	3727	scram	scram_20.png	
IEV	   1	 239	   6	   0	2.120364e+03	 116	   0	4.387009e-01	5.110251e+01	3702	scram	scram_16.png	
IEV	   1	 240	   6	   0	2.128199e+03	 140	 140	3.863292e-01	5.421996e+01	3954	scram	scram_10.png	
IEV	   1	 241	   6	   0	2.136139e+03	 135	 135	3.840602e-01	5.198758e+01	3965	scram	scram_1.png	
IEV	   1	 242	   6	   0	2.143841e+03	 135	   0	3.995653e-01	5.379004e+01	3890	scram	scram_12.png	
IEV	   1	 243	   6	   0	2.152081e+03	 137	   0	3.840602e-01	5.275570e+01	3965	scram	scram_14.png	
IEV	   1	 244	   6	   0	2.159717e+03	 133	   0	3.929401e-01	5.243561e+01	3922	scram	scram_4.png	
IEV	   1	 245	   6	   0	2.167153e+03	  91	   0	5.164642e-01	4.717349e+01	3329	scram	scram_7.png	
IEV	   1	 246	   6	   0	2.175515e+03	 109	   0	4.587598e-01	4.982200e+01	3606	scram	scram_8.png	
IEV	   1	 247	   6	   0	2.182662e+03	  55	  55	6.668531e-01	3.652883e+01	2565	scram	scram_9.png	
IEV	   1	 248	   6	   0	2.189678e+03	  52	  52	6.762455e-01	3.518785e+01	2513	scram	scram_13.png	
IEV	   1	 249	   6	   0	2.195855e+03	  59	  59	6.538083e-01	3.873831e+01	2636	scram	scram_2.png	
IEV	   1	 250	   6	   0	2.203023e+03	  52	   0	6.932043e-01	3.601595e+01	2417	scram	scram_18.png	
IEV	   1	 251	   6	   0	2.210805e+03	  78	   0	5.747016e-01	4.471857e+01	3044	scram	scram_17.png	
IEV	   1	 252	   6	   0	2.218201e+03	 102	   0	4.940356e-01	5.021963e+01	3437	scram	scram_3.png	
#27-Feb-2013
CEVR	   2	 253	   7	   0	1.719197e+01	 146	   0	2.575577e-01	3.751512e+01	1272	happy	happy_5.png	
CEVR	   2	 254	   7	   0	2.298952e+01	 160	 160	2.302222e-01	3.676978e+01	 675	happy	happy_3.png	
CEVR	   2	 255	   7	   0	2.960646e+01	 163	   0	2.238548e-01	3.655229e+01	 515	happy	happy_10.png	
CEVR	   2	 256	   7	   0	3.537627e+01	 160	 160	2.279528e-01	3.654409e+01	 619	happy	happy_1.png	
CEVR	   2	 257	   7	   0	4.228769e+01	 163	   0	2.313326e-01	3.769400e+01	 702	happy	happy_9.png	
CEVR	   2	 258	   7	   0	4.864574e+01	 161	   0	2.352834e-01	3.794113e+01	 796	happy	happy_7.png	
CEVR	   2	 259	   7	   0	5.428410e+01	 167	   0	2.254526e-01	3.767636e+01	 556	happy	happy_14.png	
CEVR	   2	 260	   7	   0	6.044726e+01	 172	   0	2.195660e-01	3.765870e+01	 402	happy	happy_17.png	
CEVR	   2	 261	   7	   0	6.674733e+01	 143	 143	2.577627e-01	3.674224e+01	1276	happy	happy_6.png	
CEVR	   2	 262	   7	   0	7.322666e+01	 142	   0	2.661871e-01	3.779856e+01	1435	happy	happy_16.png	
CEVR	   2	 263	   7	   0	7.954898e+01	 140	   0	2.601969e-01	3.647961e+01	1323	happy	happy_11.png	
CEVR	   2	 264	   7	   0	8.632280e+01	 133	   0	2.769461e-01	3.672305e+01	1624	happy	happy_19.png	
CEVR	   2	 265	   7	   0	9.308814e+01	 131	 131	2.882261e-01	3.786468e+01	1807	happy	happy_13.png	
CEVR	   2	 266	   7	   0	1.001269e+02	 117	   0	3.280142e-01	3.831206e+01	2352	happy	happy_4.png	
CEVR	   2	 267	   7	   0	1.066513e+02	 120	   0	3.092907e-01	3.700000e+01	2113	happy	happy_12.png	
CEVR	   2	 268	   7	   0	1.140650e+02	 115	 115	3.239930e-01	3.732399e+01	2303	happy	happy_21.png	
CEVR	   2	 269	   7	   0	1.211694e+02	  95	   0	3.789874e-01	3.586304e+01	2883	happy	happy_18.png	
CEVR	   2	 270	   7	   0	1.289289e+02	  91	   0	4.165326e-01	3.783307e+01	3191	happy	happy_8.png	
CEVR	   2	 271	   7	   0	1.370152e+02	  85	  85	4.539082e-01	3.836172e+01	3447	happy	happy_2.png	
CEVR	   2	 272	   7	   0	1.437607e+02	 118	 118	3.131802e-01	  37	2165	happy	happy_15.png	
CEVR	   2	 273	   7	   0	1.505456e+02	 112	 112	3.188870e-01	3.572445e+01	2239	happy	happy_20.png	
CEVR	   2	 274	   7	   0	1.581494e+02	 134	   0	2.803637e-01	3.756073e+01	1681	happy	happy_15.png	
CEVR	   2	 275	   7	   0	1.655218e+02	 126	   0	2.872671e-01	3.613820e+01	1792	happy	happy_4.png	
CEVR	   2	 276	   7	   0	1.714795e+02	 131	 131	2.747719e-01	3.590091e+01	1587	happy	happy_18.png	
CEVR	   2	 277	   7	   0	1.780506e+02	 144	   0	2.649887e-01	3.805995e+01	1413	happy	happy_12.png	
CEVR	   2	 278	   7	   0	1.840876e+02	 146	   0	2.613522e-01	3.804541e+01	1345	happy	happy_5.png	
CEVR	   2	 279	   7	   0	1.903149e+02	 149	   0	2.502899e-01	3.725029e+01	1126	happy	happy_3.png	
CEVR	   2	 280	   7	   0	1.972999e+02	 143	   0	2.665157e-01	3.806606e+01	1441	happy	happy_11.png	
CEVR	   2	 281	   7	   0	2.035617e+02	 158	   0	2.269939e-01	3.586503e+01	 595	happy	happy_2.png	
CEVR	   2	 282	   7	   0	2.102843e+02	 166	   0	2.238935e-01	3.722389e+01	 516	happy	happy_19.png	
CEVR	   2	 283	   7	   0	2.157972e+02	 172	   0	2.156895e-01	  37	 296	happy	happy_1.png	
CEVR	   2	 284	   7	   0	2.214957e+02	 175	   0	2.146883e-01	3.764406e+01	 268	happy	happy_6.png	
CEVR	   2	 285	   7	   0	2.277616e+02	 163	   0	2.272328e-01	3.700000e+01	 601	happy	happy_20.png	
CEVR	   2	 286	   7	   0	2.336647e+02	 156	   0	2.386217e-01	3.723862e+01	 873	happy	happy_17.png	
CEVR	   2	 287	   7	   0	2.400786e+02	 145	   0	2.587413e-01	3.751748e+01	1295	happy	happy_14.png	
CEVR	   2	 288	   7	   0	2.464204e+02	 133	   0	2.727464e-01	3.618176e+01	1552	happy	happy_13.png	
CEVR	   2	 289	   7	   0	2.532197e+02	 134	   0	2.678941e-01	3.592842e+01	1466	happy	happy_7.png	
CEVR	   2	 290	   7	   0	2.603571e+02	 132	   0	2.840535e-01	3.756811e+01	1741	happy	happy_8.png	
CEVR	   2	 291	   7	   0	2.673895e+02	 117	   0	3.263609e-01	3.830544e+01	2332	happy	happy_10.png	
CEVR	   2	 292	   7	   0	2.751269e+02	 116	   0	3.271854e-01	3.798156e+01	2342	happy	happy_9.png	
CEVR	   2	 293	   7	   0	2.815673e+02	 106	   0	3.644807e-01	3.845792e+01	2747	happy	happy_16.png	
CEVR	   2	 294	   7	   0	2.886490e+02	  94	  94	3.729839e-01	3.513508e+01	2828	happy	happy_21.png	
DEV	   2	 295	   8	   0	3.615335e+02	  76	  76	7.299497e-01	5.546838e+01	 638	scram	scram_17.png	
DEV	   2	 296	   8	   0	3.674040e+02	  76	  76	6.903830e-01	5.257418e+01	 803	scram	scram_12.png	
DEV	   2	 297	   8	   0	3.743914e+02	  76	  76	6.376544e-01	4.820980e+01	1038	scram	scram_21.png	
DEV	   2	 298	   8	   0	3.811393e+02	  71	   0	5.726428e-01	4.083207e+01	1360	scram	scram_10.png	
DEV	   2	 299	   8	   0	3.876664e+02	  77	  77	5.106076e-01	3.926505e+01	1716	scram	scram_14.png	
DEV	   2	 300	   8	   0	3.954688e+02	  79	  79	4.589623e-01	3.637680e+01	2068	scram	scram_1.png	
DEV	   2	 301	   8	   0	4.026006e+02	  76	  76	4.266331e-01	3.248809e+01	2326	scram	scram_4.png	
DEV	   2	 302	   8	   0	4.099895e+02	  77	  77	3.929487e-01	3.030745e+01	2637	scram	scram_19.png	
DEV	   2	 303	   8	   0	4.176649e+02	  77	   0	3.760077e-01	2.881808e+01	2813	scram	scram_11.png	
DEV	   2	 304	   8	   0	4.236264e+02	  71	  71	6.950699e-01	4.936263e+01	 783	scram	scram_5.png	
DEV	   2	 305	   8	   0	4.304762e+02	  75	  75	7.002606e-01	5.242765e+01	 761	scram	scram_9.png	
DEV	   2	 306	   8	   0	4.374814e+02	  80	   0	4.330451e-01	3.463057e+01	2272	scram	scram_13.png	
DEV	   2	 307	   8	   0	4.442898e+02	  76	   0	4.324438e-01	3.285998e+01	2277	scram	scram_20.png	
DEV	   2	 308	   8	   0	4.514901e+02	  84	   0	4.343734e-01	3.645819e+01	2261	scram	scram_6.png	
DEV	   2	 309	   8	   0	4.590879e+02	  81	  81	3.381788e-01	2.733495e+01	3256	scram	scram_3.png	
DEV	   2	 310	   8	   0	4.664168e+02	  84	   0	3.333384e-01	2.799473e+01	3317	scram	scram_18.png	
DEV	   2	 311	   8	   0	4.735041e+02	  83	  83	3.088832e-01	2.555704e+01	3633	scram	scram_2.png	
DEV	   2	 312	   8	   0	4.806691e+02	  88	  88	2.969521e-01	2.615900e+01	3788	scram	scram_16.png	
DEV	   2	 313	   8	   0	4.890250e+02	  80	  80	2.982671e-01	2.387737e+01	3771	scram	scram_15.png	
DEV	   2	 314	   8	   0	4.965012e+02	  81	   0	2.951694e-01	2.395085e+01	3811	scram	scram_7.png	
DEV	   2	 315	   8	   0	5.036853e+02	  85	  85	3.093435e-01	2.620953e+01	3627	scram	scram_8.png	
DEV	   2	 316	   8	   0	5.115991e+02	  88	   0	3.048146e-01	2.678154e+01	3686	scram	scram_6.png	
DEV	   2	 317	   8	   0	5.185927e+02	  82	  82	4.366858e-01	3.575079e+01	2242	scram	scram_5.png	
DEV	   2	 318	   8	   0	5.255013e+02	  84	   0	4.328044e-01	3.634545e+01	2274	scram	scram_18.png	
DEV	   2	 319	   8	   0	5.324866e+02	  89	   0	3.092668e-01	2.744081e+01	3628	scram	scram_2.png	
DEV	   2	 320	   8	   0	5.403010e+02	  87	   0	2.893983e-01	2.526605e+01	3885	scram	scram_14.png	
DEV	   2	 321	   8	   0	5.468603e+02	  77	  77	4.454055e-01	3.413037e+01	2172	scram	scram_7.png	
DEV	   2	 322	   8	   0	5.540027e+02	  76	  76	4.494989e-01	3.394417e+01	2140	scram	scram_12.png	
DEV	   2	 323	   8	   0	5.605342e+02	  83	  83	4.522225e-01	3.773407e+01	2119	scram	scram_1.png	
DEV	   2	 324	   8	   0	5.671442e+02	  77	  77	4.578932e-01	3.538950e+01	2076	scram	scram_15.png	
DEV	   2	 325	   8	   0	5.737688e+02	  79	   0	4.543177e-01	3.606577e+01	2103	scram	scram_21.png	
DEV	   2	 326	   8	   0	5.807675e+02	  74	   0	4.611138e-01	3.421503e+01	2052	scram	scram_19.png	
DEV	   2	 327	   8	   0	5.876816e+02	  80	   0	4.856936e-01	3.863581e+01	1878	scram	scram_8.png	
DEV	   2	 328	   8	   0	5.948659e+02	  71	  71	6.878184e-01	4.898993e+01	 814	scram	scram_17.png	
DEV	   2	 329	   8	   0	6.012855e+02	  70	  70	6.703548e-01	4.673371e+01	 890	scram	scram_4.png	
DEV	   2	 330	   8	   0	6.077721e+02	  75	  75	6.854949e-01	5.161155e+01	 824	scram	scram_20.png	
DEV	   2	 331	   8	   0	6.144265e+02	  78	  78	6.626885e-01	5.164098e+01	 924	scram	scram_10.png	
DEV	   2	 332	   8	   0	6.204296e+02	  79	  79	6.774238e-01	5.318996e+01	 859	scram	scram_3.png	
DEV	   2	 333	   8	   0	6.267235e+02	  75	   0	6.824860e-01	5.144298e+01	 837	scram	scram_16.png	
DEV	   2	 334	   8	   0	6.338745e+02	  71	  71	7.023947e-01	4.973444e+01	 752	scram	scram_9.png	
DEV	   2	 335	   8	   0	6.395947e+02	  75	   0	6.261610e-01	4.690627e+01	1092	scram	scram_11.png	
DEV	   2	 336	   8	   0	6.460636e+02	  76	  76	6.936606e-01	5.275885e+01	 789	scram	scram_13.png	
CEVR	   2	 337	   9	   0	7.209938e+02	 119	   0	3.044909e-01	3.608653e+01	2047	fear	fear_5.png	
CEVR	   2	 338	   9	   0	7.276050e+02	 151	   0	2.384899e-01	3.604604e+01	 870	fear	fear_4.png	
CEVR	   2	 339	   9	   0	7.340877e+02	 161	 161	2.276723e-01	3.654466e+01	 612	fear	fear_14.png	
CEVR	   2	 340	   9	   0	7.403204e+02	 162	   0	2.237774e-01	3.632867e+01	 513	fear	fear_20.png	
CEVR	   2	 341	   9	   0	7.469391e+02	 162	   0	2.306733e-01	3.746135e+01	 686	fear	fear_10.png	
CEVR	   2	 342	   9	   0	7.530256e+02	 166	 166	2.280331e-01	3.791213e+01	 621	fear	fear_8.png	
CEVR	   2	 343	   9	   0	7.597721e+02	 161	   0	2.329556e-01	3.746591e+01	 741	fear	fear_9.png	
CEVR	   2	 344	   9	   0	7.654057e+02	 161	 161	2.318296e-01	3.723183e+01	 714	fear	fear_17.png	
CEVR	   2	 345	   9	   0	7.716053e+02	 158	   0	2.362277e-01	3.723623e+01	 818	fear	fear_11.png	
CEVR	   2	 346	   9	   0	7.781066e+02	 157	 157	2.292035e-01	3.608319e+01	 650	fear	fear_6.png	
CEVR	   2	 347	   9	   0	7.850877e+02	 161	 161	2.358405e-01	3.794336e+01	 809	fear	fear_13.png	
CEVR	   2	 348	   9	   0	7.908544e+02	 155	 155	2.345165e-01	3.629645e+01	 778	fear	fear_1.png	
CEVR	   2	 349	   9	   0	7.982870e+02	 113	 113	3.246428e-01	3.667536e+01	2311	fear	fear_15.png	
CEVR	   2	 350	   9	   0	8.042532e+02	 162	 162	2.344740e-01	3.793790e+01	 777	fear	fear_2.png	
CEVR	   2	 351	   9	   0	8.101183e+02	 154	   0	2.344316e-01	3.606227e+01	 776	fear	fear_16.png	
CEVR	   2	 352	   9	   0	8.160196e+02	 156	 156	2.374404e-01	  37	 846	fear	fear_12.png	
CEVR	   2	 353	   9	   0	8.219467e+02	 159	   0	2.396373e-01	3.819819e+01	 896	fear	fear_19.png	
CEVR	   2	 354	   9	   0	8.277337e+02	 160	 160	2.279528e-01	3.654409e+01	 619	fear	fear_3.png	
CEVR	   2	 355	   9	   0	8.343144e+02	 155	 155	2.356259e-01	3.652875e+01	 804	fear	fear_18.png	
CEVR	   2	 356	   9	   0	8.401968e+02	 163	   0	2.275123e-01	3.700000e+01	 608	fear	fear_7.png	
CEVR	   2	 357	   9	   0	8.467818e+02	 164	 164	2.276723e-01	3.722767e+01	 612	fear	fear_21.png	
CEVR	   2	 358	   9	   0	8.531852e+02	 157	   0	2.292035e-01	3.608319e+01	 650	fear	fear_14.png	
CEVR	   2	 359	   9	   0	8.597815e+02	 166	   0	2.286370e-01	3.791455e+01	 636	fear	fear_4.png	
CEVR	   2	 360	   9	   0	8.653558e+02	 153	   0	2.350272e-01	3.605989e+01	 790	fear	fear_9.png	
CEVR	   2	 361	   9	   0	8.727898e+02	 112	 112	3.245614e-01	3.635088e+01	2310	fear	fear_7.png	
CEVR	   2	 362	   9	   0	8.796280e+02	 116	 116	3.251318e-01	3.765026e+01	2317	fear	fear_12.png	
CEVR	   2	 363	   9	   0	8.868185e+02	 112	   0	3.173242e-01	3.541338e+01	2219	fear	fear_19.png	
CEVR	   2	 364	   9	   0	8.933751e+02	 114	   0	3.281804e-01	3.732818e+01	2354	fear	fear_17.png	
CEVR	   2	 365	   9	   0	9.000206e+02	 161	   0	2.325373e-01	3.746507e+01	 731	fear	fear_20.png	
CEVR	   2	 366	   9	   0	9.060936e+02	 161	   0	2.348141e-01	3.770444e+01	 785	fear	fear_3.png	
CEVR	   2	 367	   9	   0	9.120080e+02	 157	   0	2.383143e-01	3.747663e+01	 866	fear	fear_1.png	
CEVR	   2	 368	   9	   0	9.190871e+02	 110	 110	3.318811e-01	3.666812e+01	2398	fear	fear_13.png	
CEVR	   2	 369	   9	   0	9.258630e+02	 115	   0	3.312020e-01	3.799361e+01	2390	fear	fear_18.png	
CEVR	   2	 370	   9	   0	9.335642e+02	 117	   0	3.191227e-01	3.731912e+01	2242	fear	fear_6.png	
CEVR	   2	 371	   9	   0	9.405872e+02	 111	 111	3.222997e-01	3.571080e+01	2282	fear	fear_8.png	
CEVR	   2	 372	   9	   0	9.481200e+02	 109	   0	3.409689e-01	3.700000e+01	2502	fear	fear_11.png	
CEVR	   2	 373	   9	   0	9.557686e+02	 112	   0	3.438662e-01	3.837546e+01	2534	fear	fear_5.png	
CEVR	   2	 374	   9	   0	9.619287e+02	 109	 109	3.460716e-01	3.769214e+01	2558	fear	fear_21.png	
CEVR	   2	 375	   9	   0	9.696972e+02	 103	 103	3.473712e-01	3.561052e+01	2572	fear	fear_15.png	
CEVR	   2	 376	   9	   0	9.770689e+02	 109	   0	3.481183e-01	3.804435e+01	2580	fear	fear_2.png	
CEVR	   2	 377	   9	   0	9.835833e+02	 117	 117	3.207828e-01	3.764157e+01	2263	fear	fear_16.png	
CEVR	   2	 378	   9	   0	9.901590e+02	 120	 120	3.148553e-01	3.762971e+01	2187	fear	fear_10.png	
IEV	   2	 379	  10	   0	1.059863e+03	  37	  37	7.609283e-01	2.842669e+01	1996	happy	happy_16.png	
IEV	   2	 380	  10	   0	1.065745e+03	  17	  17	8.893363e-01	1.525327e+01	 597	happy	happy_12.png	
IEV	   2	 381	  10	   0	1.073871e+03	  81	   0	5.662355e-01	4.574007e+01	3086	happy	happy_15.png	
IEV	   2	 382	  10	   0	1.080271e+03	  62	  62	6.545497e-01	4.065283e+01	2632	happy	happy_3.png	
IEV	   2	 383	  10	   0	1.087559e+03	  61	   0	6.597183e-01	4.032371e+01	2604	happy	happy_14.png	
IEV	   2	 384	  10	   0	1.095081e+03	  53	  53	7.171504e-01	3.782558e+01	2276	happy	happy_4.png	
IEV	   2	 385	  10	   0	1.102155e+03	  51	  51	6.997741e-01	3.553841e+01	2379	happy	happy_17.png	
IEV	   2	 386	  10	   0	1.109246e+03	  55	  55	6.937260e-01	3.805947e+01	2414	happy	happy_7.png	
IEV	   2	 387	  10	   0	1.116915e+03	  97	  97	5.077579e-01	4.911833e+01	3371	happy	happy_18.png	
IEV	   2	 388	  10	   0	1.124365e+03	 101	 101	4.744301e-01	4.771306e+01	3531	happy	happy_13.png	
IEV	   2	 389	  10	   0	1.131227e+03	 108	 108	4.692082e-01	5.077521e+01	3556	happy	happy_20.png	
IEV	   2	 390	  10	   0	1.138172e+03	 116	   0	4.355690e-01	5.035607e+01	3717	happy	happy_6.png	
IEV	   2	 391	  10	   0	1.146032e+03	 102	   0	4.706706e-01	4.789109e+01	3549	happy	happy_5.png	
IEV	   2	 392	  10	   0	1.153808e+03	 107	 107	4.635666e-01	4.961431e+01	3583	happy	happy_2.png	
IEV	   2	 393	  10	   0	1.162096e+03	 112	 112	4.589688e-01	5.118992e+01	3605	happy	happy_19.png	
IEV	   2	 394	  10	   0	1.169039e+03	 131	 131	3.948021e-01	5.157791e+01	3913	happy	happy_11.png	
IEV	   2	 395	  10	   0	1.176981e+03	 133	 133	3.948021e-01	5.236752e+01	3913	happy	happy_9.png	
IEV	   2	 396	  10	   0	1.184243e+03	 135	 135	3.867419e-01	5.227310e+01	3952	happy	happy_1.png	
IEV	   2	 397	  10	   0	1.191478e+03	 127	   0	3.974935e-01	5.067852e+01	3900	happy	happy_8.png	
IEV	   2	 398	  10	   0	1.198716e+03	 130	   0	3.966651e-01	5.150571e+01	3904	happy	happy_10.png	
IEV	   2	 399	  10	   0	1.206371e+03	  56	  56	7.067676e-01	3.926271e+01	2338	happy	happy_21.png	
IEV	   2	 400	  10	   0	1.214515e+03	  73	   0	6.003777e-01	4.388736e+01	2915	happy	happy_1.png	
IEV	   2	 401	  10	   0	1.221619e+03	  96	   0	4.948685e-01	4.770981e+01	3433	happy	happy_11.png	
IEV	   2	 402	  10	   0	1.229417e+03	 136	   0	3.778820e-01	5.146236e+01	3995	happy	happy_3.png	
IEV	   2	 403	  10	   0	1.236637e+03	  75	  75	5.700713e-01	4.268829e+01	3067	happy	happy_16.png	
IEV	   2	 404	  10	   0	1.244511e+03	  77	  77	5.886993e-01	4.512514e+01	2974	happy	happy_9.png	
IEV	   2	 405	  10	   0	1.252940e+03	  92	  92	5.257648e-01	4.829163e+01	3284	happy	happy_20.png	
IEV	   2	 406	  10	   0	1.260895e+03	  90	  90	5.152218e-01	4.620369e+01	3335	happy	happy_21.png	
IEV	   2	 407	  10	   0	1.268538e+03	  92	  92	5.206015e-01	4.801157e+01	3309	happy	happy_10.png	
IEV	   2	 408	  10	   0	1.276107e+03	  93	   0	5.100403e-01	4.748531e+01	3360	happy	happy_4.png	
IEV	   2	 409	  10	   0	1.284331e+03	  74	  74	5.694663e-01	4.215373e+01	3070	happy	happy_7.png	
IEV	   2	 410	  10	   0	1.291907e+03	  86	   0	5.481477e-01	4.721579e+01	3175	happy	happy_2.png	
IEV	   2	 411	  10	   0	1.298542e+03	  66	  66	6.052904e-01	3.997767e+01	2890	happy	happy_15.png	
IEV	   2	 412	  10	   0	1.306120e+03	  62	  62	6.266309e-01	3.860749e+01	2780	happy	happy_6.png	
IEV	   2	 413	  10	   0	1.314161e+03	 131	   0	3.960440e-01	5.192587e+01	3907	happy	happy_13.png	
IEV	   2	 414	  10	   0	1.321676e+03	 144	   0	3.750041e-01	5.382427e+01	4009	happy	happy_8.png	
IEV	   2	 415	  10	   0	1.329485e+03	 122	   0	4.099425e-01	5.016150e+01	3840	happy	happy_5.png	
IEV	   2	 416	  10	   0	1.337129e+03	 112	 112	4.376568e-01	4.895590e+01	3707	happy	happy_17.png	
IEV	   2	 417	  10	   0	1.345281e+03	 113	 113	4.343166e-01	4.910522e+01	3723	happy	happy_14.png	
IEV	   2	 418	  10	   0	1.352582e+03	 107	 107	4.560428e-01	4.857024e+01	3619	happy	happy_12.png	
IEV	   2	 419	  10	   0	1.360496e+03	  96	  96	4.921612e-01	4.734623e+01	3446	happy	happy_18.png	
IEV	   2	 420	  10	   0	1.368158e+03	 116	 116	4.297259e-01	4.973835e+01	3745	happy	happy_19.png	
DEV	   2	 421	  11	   0	1.437621e+03	  80	   0	5.791062e-01	4.640852e+01	1326	fear	fear_15.png	
DEV	   2	 422	  11	   0	1.443590e+03	  76	  76	6.128461e-01	4.673674e+01	1156	fear	fear_14.png	
DEV	   2	 423	  11	   0	1.450659e+03	  67	  67	8.025836e-01	5.345486e+01	 354	fear	fear_13.png	
DEV	   2	 424	  11	   0	1.457125e+03	  84	   0	4.483407e-01	3.745762e+01	2149	fear	fear_2.png	
DEV	   2	 425	  11	   0	1.463520e+03	  81	  81	4.175692e-01	3.399334e+01	2405	fear	fear_18.png	
DEV	   2	 426	  11	   0	1.472134e+03	  81	   0	2.926809e-01	2.376962e+01	3843	fear	fear_11.png	
DEV	   2	 427	  11	   0	1.479197e+03	  89	  89	3.005054e-01	2.674156e+01	3742	fear	fear_8.png	
DEV	   2	 428	  11	   0	1.486324e+03	  81	   0	3.369829e-01	2.725104e+01	3271	fear	fear_20.png	
DEV	   2	 429	  11	   0	1.494400e+03	  78	   0	3.621949e-01	2.827702e+01	2967	fear	fear_12.png	
DEV	   2	 430	  11	   0	1.501268e+03	  80	   0	4.018518e-01	3.209353e+01	2550	fear	fear_6.png	
DEV	   2	 431	  11	   0	1.509284e+03	  81	   0	3.552455e-01	2.887783e+01	3048	fear	fear_5.png	
DEV	   2	 432	  11	   0	1.517534e+03	  80	   0	3.180204e-01	2.558845e+01	3514	fear	fear_17.png	
DEV	   2	 433	  11	   0	1.522989e+03	  70	   0	7.093127e-01	4.937187e+01	 723	fear	fear_21.png	
DEV	   2	 434	  11	   0	1.528282e+03	  74	  74	7.907169e-01	5.853010e+01	 399	fear	fear_10.png	
DEV	   2	 435	  11	   0	1.534353e+03	  73	  73	7.508582e-01	5.506865e+01	 554	fear	fear_4.png	
DEV	   2	 436	  11	   0	1.539488e+03	  69	   0	8.210227e-01	5.659015e+01	 285	fear	fear_16.png	
DEV	   2	 437	  11	   0	1.546500e+03	  71	  71	7.813168e-01	5.574217e+01	 435	fear	fear_9.png	
DEV	   2	 438	  11	   0	1.553268e+03	  69	  69	7.523708e-01	5.213401e+01	 548	fear	fear_7.png	
DEV	   2	 439	  11	   0	1.559905e+03	  70	  70	7.689158e-01	5.363810e+01	 483	fear	fear_19.png	
DEV	   2	 440	  11	   0	1.566360e+03	  72	  72	7.589540e-01	5.470726e+01	 522	fear	fear_1.png	
DEV	   2	 441	  11	   0	1.573307e+03	  70	  70	7.635389e-01	5.339736e+01	 504	fear	fear_3.png	
DEV	   2	 442	  11	   0	1.579975e+03	  67	  67	7.528755e-01	5.065116e+01	 546	fear	fear_5.png	
DEV	   2	 443	  11	   0	1.586313e+03	  75	  75	5.496939e-01	4.116862e+01	1485	fear	fear_19.png	
DEV	   2	 444	  11	   0	1.593145e+03	  79	   0	5.518417e-01	4.350645e+01	1473	fear	fear_14.png	
DEV	   2	 445	  11	   0	1.599754e+03	  82	  82	5.249954e-01	4.280164e+01	1628	fear	fear_3.png	
DEV	   2	 446	  11	   0	1.606121e+03	  75	   0	5.067892e-01	3.800794e+01	1740	fear	fear_20.png	
DEV	   2	 447	  11	   0	1.613465e+03	  80	   0	5.477354e-01	4.378812e+01	1496	fear	fear_4.png	
DEV	   2	 448	  11	   0	1.620335e+03	  80	  80	5.061572e-01	4.049962e+01	1744	fear	fear_1.png	
DEV	   2	 449	  11	   0	1.627314e+03	  81	  81	4.727061e-01	3.823759e+01	1968	fear	fear_8.png	
DEV	   2	 450	  11	   0	1.634608e+03	  77	  77	4.423799e-01	3.393535e+01	2196	fear	fear_2.png	
DEV	   2	 451	  11	   0	1.640693e+03	  82	  82	4.718613e-01	3.865172e+01	1974	fear	fear_15.png	
DEV	   2	 452	  11	   0	1.648087e+03	  76	   0	4.687860e-01	3.562551e+01	1996	fear	fear_12.png	
DEV	   2	 453	  11	   0	1.655683e+03	  84	   0	4.420044e-01	3.700514e+01	2199	fear	fear_21.png	
DEV	   2	 454	  11	   0	1.662507e+03	  81	  81	4.635557e-01	3.761069e+01	2034	fear	fear_10.png	
DEV	   2	 455	  11	   0	1.669785e+03	  85	   0	4.470602e-01	3.781337e+01	2159	fear	fear_9.png	
DEV	   2	 456	  11	   0	1.676060e+03	  82	  82	4.473157e-01	3.648990e+01	2157	fear	fear_17.png	
DEV	   2	 457	  11	   0	1.682058e+03	  83	   0	4.420044e-01	3.656314e+01	2199	fear	fear_6.png	
DEV	   2	 458	  11	   0	1.689100e+03	  76	   0	4.308877e-01	3.276052e+01	2290	fear	fear_11.png	
DEV	   2	 459	  11	   0	1.696211e+03	  78	   0	4.386509e-01	3.413314e+01	2226	fear	fear_16.png	
DEV	   2	 460	  11	   0	1.702584e+03	  79	  79	4.480841e-01	3.519891e+01	2151	fear	fear_18.png	
DEV	   2	 461	  11	   0	1.708940e+03	  77	  77	4.275717e-01	3.297582e+01	2318	fear	fear_13.png	
DEV	   2	 462	  11	   0	1.716256e+03	  75	   0	4.376663e-01	3.275548e+01	2234	fear	fear_7.png	
CEV	   2	 463	  12	   0	1.785934e+03	  50	   0	7.630000e-01	3.852600e+01	 959	scram	scram_17.png	
CEV	   2	 464	  12	   0	1.792390e+03	  43	   0	7.978571e-01	3.460643e+01	 715	scram	scram_1.png	
CEV	   2	 465	  12	   0	1.799115e+03	  54	  54	7.215714e-01	3.916471e+01	1249	scram	scram_13.png	
CEV	   2	 466	  12	   0	1.805205e+03	  54	  54	6.737143e-01	3.632629e+01	1584	scram	scram_16.png	
CEV	   2	 467	  12	   0	1.813130e+03	  61	  61	6.357143e-01	3.890714e+01	1850	scram	scram_18.png	
CEV	   2	 468	  12	   0	1.819714e+03	  55	   0	6.242857e-01	3.450286e+01	1930	scram	scram_4.png	
CEV	   2	 469	  12	   0	1.826485e+03	  67	   0	5.657143e-01	3.813143e+01	2340	scram	scram_7.png	
CEV	   2	 470	  12	   0	1.833500e+03	  68	  68	5.532857e-01	3.755329e+01	2427	scram	scram_15.png	
CEV	   2	 471	  12	   0	1.839927e+03	  70	   0	5.207143e-01	3.647929e+01	2655	scram	scram_14.png	
CEV	   2	 472	  12	   0	1.846534e+03	  65	   0	5.548571e-01	3.589029e+01	2416	scram	scram_6.png	
CEV	   2	 473	  12	   0	1.853326e+03	  77	   0	5.027143e-01	3.850814e+01	2781	scram	scram_8.png	
CEV	   2	 474	  12	   0	1.860800e+03	  88	   0	4.218571e-01	3.700000e+01	3347	scram	scram_10.png	
CEV	   2	 475	  12	   0	1.867799e+03	  71	  71	5.574286e-01	3.978714e+01	2398	scram	scram_19.png	
CEV	   2	 476	  12	   0	1.875195e+03	  62	   0	5.587143e-01	3.476514e+01	2389	scram	scram_20.png	
CEV	   2	 477	  12	   0	1.882907e+03	  65	  65	5.824286e-01	3.758243e+01	2223	scram	scram_21.png	
CEV	   2	 478	  12	   0	1.889216e+03	  68	  68	5.832857e-01	3.991643e+01	2217	scram	scram_5.png	
CEV	   2	 479	  12	   0	1.896192e+03	  68	   0	5.642857e-01	3.812857e+01	2350	scram	scram_9.png	
CEV	   2	 480	  12	   0	1.904404e+03	 103	 103	3.542857e-01	3.664571e+01	3820	scram	scram_11.png	
CEV	   2	 481	  12	   0	1.912417e+03	 100	   0	3.538571e-01	3.523071e+01	3823	scram	scram_2.png	
CEV	   2	 482	  12	   0	1.919964e+03	  96	   0	3.727143e-01	3.588186e+01	3691	scram	scram_3.png	
CEV	   2	 483	  12	   0	1.927615e+03	  58	   0	6.291429e-01	3.637086e+01	1896	scram	scram_12.png	
CEV	   2	 484	  12	   0	1.935500e+03	 113	   0	3.332857e-01	3.766657e+01	3967	scram	scram_4.png	
CEV	   2	 485	  12	   0	1.943465e+03	  98	   0	3.680000e-01	3.589600e+01	3724	scram	scram_1.png	
CEV	   2	 486	  12	   0	1.951113e+03	  90	   0	4.014286e-01	3.619714e+01	3490	scram	scram_13.png	
CEV	   2	 487	  12	   0	1.958325e+03	  71	  71	4.972857e-01	3.550814e+01	2819	scram	scram_10.png	
CEV	   2	 488	  12	   0	1.965468e+03	  68	   0	5.168571e-01	3.493257e+01	2682	scram	scram_14.png	
CEV	   2	 489	  12	   0	1.972742e+03	  66	  66	5.368571e-01	3.538943e+01	2542	scram	scram_11.png	
CEV	   2	 490	  12	   0	1.979093e+03	  78	  78	4.864286e-01	3.797286e+01	2895	scram	scram_17.png	
CEV	   2	 491	  12	   0	1.986563e+03	  79	  79	4.811429e-01	3.796229e+01	2932	scram	scram_20.png	
CEV	   2	 492	  12	   0	1.993579e+03	  71	  71	5.254286e-01	3.752543e+01	2622	scram	scram_9.png	
CEV	   2	 493	  12	   0	2.001142e+03	  84	   0	4.601429e-01	3.884057e+01	3079	scram	scram_19.png	
CEV	   2	 494	  12	   0	2.009129e+03	  75	   0	5.050000e-01	3.801000e+01	2765	scram	scram_6.png	
CEV	   2	 495	  12	   0	2.015711e+03	  76	   0	4.778571e-01	3.652214e+01	2955	scram	scram_21.png	
CEV	   2	 496	  12	   0	2.023530e+03	  68	  68	5.525714e-01	3.755257e+01	2432	scram	scram_7.png	
CEV	   2	 497	  12	   0	2.030880e+03	  63	  63	5.728571e-01	3.585429e+01	2290	scram	scram_18.png	
CEV	   2	 498	  12	   0	2.037556e+03	  65	  65	5.650000e-01	3.700000e+01	2345	scram	scram_5.png	
CEV	   2	 499	  12	   0	2.045309e+03	  68	   0	5.721429e-01	3.871643e+01	2295	scram	scram_2.png	
CEV	   2	 500	  12	   0	2.052698e+03	  58	  58	5.904286e-01	3.404786e+01	2167	scram	scram_3.png	
CEV	   2	 501	  12	   0	2.059315e+03	  59	   0	5.828571e-01	3.466857e+01	2220	scram	scram_12.png	
CEV	   2	 502	  12	   0	2.066435e+03	  69	  69	5.817143e-01	3.990857e+01	2228	scram	scram_15.png	
CEV	   2	 503	  12	   0	2.072714e+03	  70	  70	5.645714e-01	3.925829e+01	2348	scram	scram_8.png	
CEV	   2	 504	  12	   0	2.080258e+03	  66	   0	5.747143e-01	3.814943e+01	2277	scram	scram_16.png	
