#Subj:	11131
#Run:	1
#Age:	19
#Gender:	male
#20-Mar-2013
Func	Run	Trial	Block	Null	trialStartTime	Mag	ScoreInc	Freq	EV	RT	Emotion	Image
CEV	   1	   1	  12	   0	8.455671e+01	  62	   0	6.145714e-01	3.822914e+01	1998	scram	scram_16.png	
CEV	   1	   2	  12	   0	9.085804e+01	  47	  47	8.135714e-01	3.862714e+01	 605	scram	scram_8.png	
CEV	   1	   3	  12	   0	9.737014e+01	  47	  47	8.275714e-01	3.865514e+01	 507	scram	scram_15.png	
CEV	   1	   4	  12	   0	1.026917e+02	  46	  46	8.465714e-01	3.869314e+01	 374	scram	scram_12.png	
CEV	   1	   5	  12	   0	1.096232e+02	  45	  45	7.848571e-01	3.543029e+01	 806	scram	scram_3.png	
CEV	   1	   6	  12	   0	1.159022e+02	  42	   0	8.018571e-01	3.379257e+01	 687	scram	scram_2.png	
CEV	   1	   7	  12	   0	1.220470e+02	  48	  48	8.111429e-01	3.862229e+01	 622	scram	scram_5.png	
CEV	   1	   8	  12	   0	1.282857e+02	  51	  51	8.131429e-01	4.106571e+01	 608	scram	scram_18.png	
CEV	   1	   9	  12	   0	1.341491e+02	  45	  45	8.060000e-01	3.619400e+01	 658	scram	scram_7.png	
CEV	   1	  10	  12	   0	1.404018e+02	  47	  47	8.335714e-01	3.950071e+01	 465	scram	scram_21.png	
CEV	   1	  11	  12	   0	1.471859e+02	  40	  40	8.621429e-01	3.441357e+01	 265	scram	scram_6.png	
CEV	   1	  12	  12	   0	1.531718e+02	  44	  44	8.284286e-01	3.617157e+01	 501	scram	scram_19.png	
CEV	   1	  13	  12	   0	1.595278e+02	  49	  49	7.801429e-01	3.856029e+01	 839	scram	scram_9.png	
CEV	   1	  14	  12	   0	1.661321e+02	  50	  50	7.090000e-01	3.558200e+01	1337	scram	scram_20.png	
CEV	   1	  15	  12	   0	1.725276e+02	  62	  62	6.210000e-01	3.824200e+01	1953	scram	scram_17.png	
CEV	   1	  16	  12	   0	1.790105e+02	  44	  44	7.722857e-01	3.391086e+01	 894	scram	scram_11.png	
CEV	   1	  17	  12	   0	1.842495e+02	  52	  52	7.847143e-01	4.092357e+01	 807	scram	scram_14.png	
CEV	   1	  18	  12	   0	1.896496e+02	  48	  48	7.948571e-01	3.779486e+01	 736	scram	scram_10.png	
CEV	   1	  19	  12	   0	1.968352e+02	  65	  65	6.000000e-01	3.880000e+01	2100	scram	scram_13.png	
CEV	   1	  20	  12	   0	2.043519e+02	  55	   0	6.745714e-01	  37	1578	scram	scram_1.png	
CEV	   1	  21	  12	   0	2.110570e+02	  58	   0	6.802857e-01	3.972114e+01	1538	scram	scram_4.png	
CEV	   1	  22	  12	   0	2.174201e+02	  49	  49	7.484286e-01	  37	1061	scram	scram_12.png	
CEV	   1	  23	  12	   0	2.244243e+02	  65	  65	5.361429e-01	3.485543e+01	2547	scram	scram_3.png	
CEV	   1	  24	  12	   0	2.323939e+02	  67	  67	5.791429e-01	3.873743e+01	2246	scram	scram_2.png	
CEV	   1	  25	  12	   0	2.398379e+02	  70	  70	5.532857e-01	3.865986e+01	2427	scram	scram_11.png	
CEV	   1	  26	  12	   0	2.462376e+02	  72	  72	5.430000e-01	3.917200e+01	2499	scram	scram_9.png	
CEV	   1	  27	  12	   0	2.531428e+02	  70	  70	5.091429e-01	3.547257e+01	2736	scram	scram_5.png	
CEV	   1	  28	  12	   0	2.606797e+02	  70	  70	5.342857e-01	3.753429e+01	2560	scram	scram_21.png	
CEV	   1	  29	  12	   0	2.675958e+02	  69	   0	5.295714e-01	3.647043e+01	2593	scram	scram_20.png	
CEV	   1	  30	  12	   0	2.749948e+02	  63	  63	5.928571e-01	3.759286e+01	2150	scram	scram_19.png	
CEV	   1	  31	  12	   0	2.824055e+02	  69	  69	5.675714e-01	3.927029e+01	2327	scram	scram_10.png	
CEV	   1	  32	  12	   0	2.892776e+02	  83	   0	4.652857e-01	3.839586e+01	3043	scram	scram_8.png	
CEV	   1	  33	  12	   0	2.952914e+02	  61	  61	5.980000e-01	3.640200e+01	2114	scram	scram_6.png	
CEV	   1	  34	  12	   0	3.016960e+02	  58	  58	5.934286e-01	3.462629e+01	2146	scram	scram_14.png	
CEV	   1	  35	  12	   0	3.084851e+02	  65	   0	5.671429e-01	  37	2330	scram	scram_15.png	
CEV	   1	  36	  12	   0	3.153281e+02	  78	  78	4.988571e-01	3.899543e+01	2808	scram	scram_7.png	
CEV	   1	  37	  12	   0	3.226749e+02	  71	  71	5.290000e-01	3.752900e+01	2597	scram	scram_4.png	
CEV	   1	  38	  12	   0	3.298628e+02	  56	  56	6.028571e-01	3.398571e+01	2080	scram	scram_18.png	
CEV	   1	  39	  12	   0	3.361929e+02	  75	   0	4.765714e-01	3.557029e+01	2964	scram	scram_16.png	
CEV	   1	  40	  12	   0	3.439548e+02	  61	  61	5.852857e-01	3.582943e+01	2203	scram	scram_13.png	
CEV	   1	  41	  12	   0	3.508174e+02	  53	  53	6.618571e-01	3.501443e+01	1667	scram	scram_1.png	
CEV	   1	  42	  12	   0	3.576225e+02	  60	   0	5.981429e-01	3.580371e+01	2113	scram	scram_17.png	
DEV	   1	  43	  11	   0	4.301880e+02	  81	   0	4.830483e-01	3.894203e+01	1896	fear	fear_7.png	
DEV	   1	  44	  11	   0	4.361250e+02	  71	  71	7.503546e-01	5.354296e+01	 556	fear	fear_13.png	
DEV	   1	  45	  11	   0	4.424651e+02	  68	   0	7.480918e-01	5.119063e+01	 565	fear	fear_18.png	
DEV	   1	  46	  11	   0	4.482059e+02	  72	   0	6.057059e-01	4.388255e+01	1191	fear	fear_16.png	
DEV	   1	  47	  11	   0	4.546449e+02	  78	   0	5.246616e-01	4.068028e+01	1630	fear	fear_11.png	
DEV	   1	  48	  11	   0	4.606202e+02	  65	  65	8.299421e-01	5.360235e+01	 252	fear	fear_6.png	
DEV	   1	  49	  11	   0	4.660686e+02	  66	   0	7.774251e-01	5.167947e+01	 450	fear	fear_17.png	
DEV	   1	  50	  11	   0	4.727550e+02	  74	   0	4.573603e-01	3.398282e+01	2080	fear	fear_9.png	
DEV	   1	  51	  11	   0	4.795215e+02	  86	   0	3.386582e-01	2.906186e+01	3250	fear	fear_10.png	
DEV	   1	  52	  11	   0	4.855825e+02	  66	  66	7.779431e-01	5.170036e+01	 448	fear	fear_21.png	
DEV	   1	  53	  11	   0	4.923008e+02	  68	   0	7.983497e-01	5.409149e+01	 370	fear	fear_12.png	
DEV	   1	  54	  11	   0	4.986311e+02	  71	   0	7.453338e-01	5.255710e+01	 576	fear	fear_15.png	
DEV	   1	  55	  11	   0	5.051422e+02	  66	  66	8.116334e-01	5.379147e+01	 320	fear	fear_2.png	
DEV	   1	  56	  11	   0	5.113623e+02	  71	  71	6.083463e-01	4.342353e+01	1178	fear	fear_8.png	
DEV	   1	  57	  11	   0	5.173979e+02	  76	  76	7.336464e-01	5.566657e+01	 623	fear	fear_1.png	
DEV	   1	  58	  11	   0	5.238344e+02	  70	  70	7.954482e-01	5.556716e+01	 381	fear	fear_4.png	
DEV	   1	  59	  11	   0	5.297547e+02	  73	  73	8.068334e-01	5.926233e+01	 338	fear	fear_20.png	
DEV	   1	  60	  11	   0	5.361347e+02	  68	  68	8.169897e-01	5.561866e+01	 300	fear	fear_3.png	
DEV	   1	  61	  11	   0	5.416307e+02	  68	  68	8.089643e-01	5.531143e+01	 330	fear	fear_14.png	
DEV	   1	  62	  11	   0	5.474926e+02	  67	  67	7.852233e-01	5.277552e+01	 420	fear	fear_19.png	
DEV	   1	  63	  11	   0	5.540540e+02	  66	  66	8.285866e-01	5.438679e+01	 257	fear	fear_5.png	
DEV	   1	  64	  11	   0	5.599237e+02	  70	  70	7.678893e-01	5.359241e+01	 487	fear	fear_3.png	
DEV	   1	  65	  11	   0	5.660534e+02	  74	   0	8.028487e-01	5.908484e+01	 353	fear	fear_1.png	
DEV	   1	  66	  11	   0	5.730686e+02	  71	  71	7.480918e-01	5.343490e+01	 565	fear	fear_19.png	
DEV	   1	  67	  11	   0	5.798263e+02	  70	   0	7.314264e-01	5.115916e+01	 632	fear	fear_7.png	
DEV	   1	  68	  11	   0	5.879885e+02	  82	  82	3.267596e-01	2.685633e+01	3401	fear	fear_9.png	
DEV	   1	  69	  11	   0	5.956625e+02	  86	   0	3.201002e-01	2.765582e+01	3487	fear	fear_16.png	
DEV	   1	  70	  11	   0	6.026598e+02	  69	  69	7.179880e-01	4.979174e+01	 687	fear	fear_4.png	
DEV	   1	  71	  11	   0	6.091973e+02	  79	  79	3.312925e-01	2.618782e+01	3343	fear	fear_10.png	
DEV	   1	  72	  11	   0	6.146712e+02	  77	   0	6.817935e-01	5.276766e+01	 840	fear	fear_21.png	
DEV	   1	  73	  11	   0	6.219735e+02	  84	  84	3.349189e-01	2.811074e+01	3297	fear	fear_17.png	
DEV	   1	  74	  11	   0	6.291299e+02	  80	   0	3.262929e-01	2.617015e+01	3407	fear	fear_5.png	
DEV	   1	  75	  11	   0	6.359121e+02	  77	  77	6.744502e-01	5.166359e+01	 872	fear	fear_6.png	
DEV	   1	  76	  11	   0	6.433271e+02	  69	  69	6.604510e-01	4.556311e+01	 934	fear	fear_12.png	
DEV	   1	  77	  11	   0	6.503919e+02	  85	   0	2.945482e-01	2.508386e+01	3819	fear	fear_20.png	
DEV	   1	  78	  11	   0	6.563730e+02	  70	  70	8.293997e-01	5.773172e+01	 254	fear	fear_8.png	
DEV	   1	  79	  11	   0	6.628608e+02	  69	  69	8.264208e-01	5.679270e+01	 265	fear	fear_11.png	
DEV	   1	  80	  11	   0	6.681306e+02	  73	  73	7.712293e-01	5.605427e+01	 474	fear	fear_18.png	
DEV	   1	  81	  11	   0	6.740945e+02	  68	  68	8.951746e-01	6.064876e+01	  17	fear	fear_2.png	
DEV	   1	  82	  11	   0	6.801890e+02	  68	  68	8.180639e-01	5.565900e+01	 296	fear	fear_13.png	
DEV	   1	  83	  11	   0	6.857137e+02	  72	  72	8.167213e-01	5.887544e+01	 301	fear	fear_14.png	
DEV	   1	  84	  11	   0	6.918647e+02	  72	  72	8.337452e-01	6.039441e+01	 238	fear	fear_15.png	
IEV	   1	  85	  10	   0	7.620256e+02	  20	  20	8.863689e-01	1.754971e+01	 672	happy	happy_19.png	
IEV	   1	  86	  10	   0	7.679061e+02	  16	  16	8.981153e-01	1.441295e+01	 248	happy	happy_18.png	
IEV	   1	  87	  10	   0	7.744742e+02	  60	  60	6.536228e-01	3.940422e+01	2637	happy	happy_12.png	
IEV	   1	  88	  10	   0	7.830105e+02	  97	   0	5.075503e-01	4.912766e+01	3372	happy	happy_14.png	
IEV	   1	  89	  10	   0	7.888959e+02	  19	  19	8.925519e-01	1.733037e+01	 501	happy	happy_17.png	
IEV	   1	  90	  10	   0	7.951487e+02	  41	  41	7.823862e-01	3.194704e+01	1844	happy	happy_5.png	
IEV	   1	  91	  10	   0	8.021300e+02	  53	   0	6.876080e-01	3.641717e+01	2449	happy	happy_8.png	
IEV	   1	  92	  10	   0	8.085320e+02	  27	  27	8.721903e-01	2.323616e+01	 942	happy	happy_13.png	
IEV	   1	  93	  10	   0	8.156208e+02	  36	  36	8.016046e-01	2.861352e+01	1696	happy	happy_6.png	
IEV	   1	  94	  10	   0	8.223326e+02	  26	  26	8.388827e-01	2.142282e+01	1359	happy	happy_15.png	
IEV	   1	  95	  10	   0	8.289166e+02	  27	  27	8.450097e-01	2.323511e+01	1294	happy	happy_2.png	
IEV	   1	  96	  10	   0	8.353193e+02	  25	  25	8.754183e-01	2.190500e+01	 889	happy	happy_7.png	
IEV	   1	  97	  10	   0	8.423748e+02	  56	  56	6.610045e-01	3.693620e+01	2597	happy	happy_4.png	
IEV	   1	  98	  10	   0	8.499005e+02	  54	  54	6.699391e-01	3.631187e+01	2548	happy	happy_10.png	
IEV	   1	  99	  10	   0	8.572656e+02	  59	   0	6.512072e-01	3.825885e+01	2650	happy	happy_21.png	
IEV	   1	 100	  10	   0	8.648078e+02	  57	  57	6.663069e-01	3.789970e+01	2568	happy	happy_20.png	
IEV	   1	 101	  10	   0	8.724399e+02	  61	   0	6.701201e-01	4.098994e+01	2547	happy	happy_9.png	
IEV	   1	 102	  10	   0	8.790616e+02	  17	  17	8.962529e-01	1.480528e+01	 355	happy	happy_16.png	
IEV	   1	 103	  10	   0	8.850165e+02	  17	  17	8.878441e-01	1.551991e+01	 636	happy	happy_3.png	
IEV	   1	 104	  10	   0	8.916944e+02	  61	  61	6.571387e-01	3.983131e+01	2618	happy	happy_11.png	
IEV	   1	 105	  10	   0	8.993883e+02	  63	   0	6.454151e-01	4.057995e+01	2681	happy	happy_1.png	
IEV	   1	 106	  10	   0	9.057204e+02	  23	  23	8.553282e-01	1.942410e+01	1175	happy	happy_21.png	
IEV	   1	 107	  10	   0	9.123268e+02	  18	  18	8.851559e-01	1.598390e+01	 700	happy	happy_10.png	
IEV	   1	 108	  10	   0	9.185891e+02	  23	  23	8.645608e-01	1.993546e+01	1055	happy	happy_8.png	
IEV	   1	 109	  10	   0	9.240113e+02	  21	  21	8.593953e-01	1.803820e+01	1124	happy	happy_1.png	
IEV	   1	 110	  10	   0	9.302037e+02	  20	  20	8.978649e-01	1.805729e+01	 265	happy	happy_9.png	
IEV	   1	 111	  10	   0	9.371945e+02	  92	   0	5.276211e-01	4.873207e+01	3275	happy	happy_11.png	
IEV	   1	 112	  10	   0	9.447238e+02	  63	  63	6.420317e-01	4.015046e+01	2699	happy	happy_19.png	
IEV	   1	 113	  10	   0	9.518922e+02	  65	  65	6.150481e-01	3.997331e+01	2840	happy	happy_2.png	
IEV	   1	 114	  10	   0	9.591729e+02	  59	  59	6.847883e-01	4.072616e+01	2465	happy	happy_5.png	
IEV	   1	 115	  10	   0	9.655985e+02	  57	  57	6.706630e-01	3.827276e+01	2544	happy	happy_6.png	
IEV	   1	 116	  10	   0	9.724182e+02	  57	  57	6.684887e-01	3.841948e+01	2556	happy	happy_20.png	
IEV	   1	 117	  10	   0	9.789293e+02	  57	  57	6.831961e-01	3.877955e+01	2474	happy	happy_13.png	
IEV	   1	 118	  10	   0	9.858554e+02	  56	   0	6.733705e-01	3.741571e+01	2529	happy	happy_18.png	
IEV	   1	 119	  10	   0	9.930060e+02	  48	   0	6.911125e-01	3.340206e+01	2429	happy	happy_7.png	
IEV	   1	 120	  10	   0	9.997886e+02	  38	  38	8.084312e-01	3.038063e+01	1640	happy	happy_17.png	
IEV	   1	 121	  10	   0	1.007029e+03	  54	  54	6.639352e-01	3.606875e+01	2581	happy	happy_4.png	
IEV	   1	 122	  10	   0	1.013890e+03	  57	   0	6.580611e-01	3.779741e+01	2613	happy	happy_14.png	
IEV	   1	 123	  10	   0	1.020534e+03	  37	  37	7.601938e-01	2.849158e+01	2001	happy	happy_3.png	
IEV	   1	 124	  10	   0	1.027395e+03	  25	  25	8.338329e-01	2.116771e+01	1410	happy	happy_15.png	
IEV	   1	 125	  10	   0	1.033478e+03	  27	  27	8.499231e-01	2.265218e+01	1239	happy	happy_12.png	
IEV	   1	 126	  10	   0	1.041436e+03	  61	   0	6.597183e-01	4.032371e+01	2604	happy	happy_16.png	
CEVR	   1	 127	   9	   0	1.111803e+03	 157	   0	2.416045e-01	3.796642e+01	 940	fear	fear_10.png	
CEVR	   1	 128	   9	   0	1.118356e+03	 108	 108	3.501893e-01	3.770038e+01	2602	fear	fear_16.png	
CEVR	   1	 129	   9	   0	1.125238e+03	  99	   0	3.547945e-01	3.522603e+01	2650	fear	fear_2.png	
CEVR	   1	 130	   9	   0	1.131609e+03	 133	   0	2.773019e-01	3.700000e+01	1630	fear	fear_15.png	
CEVR	   1	 131	   9	   0	1.137101e+03	 176	   0	2.155101e-01	3.786204e+01	 291	fear	fear_21.png	
CEVR	   1	 132	   9	   0	1.143926e+03	 149	   0	2.501449e-01	3.725014e+01	1123	fear	fear_5.png	
CEVR	   1	 133	   9	   0	1.151125e+03	 100	   0	3.821186e-01	3.814636e+01	2911	fear	fear_11.png	
CEVR	   1	 134	   9	   0	1.158586e+03	 120	 120	3.006733e-01	3.609798e+01	1993	fear	fear_8.png	
CEVR	   1	 135	   9	   0	1.165757e+03	 127	 127	3.015134e-01	3.820605e+01	2005	fear	fear_6.png	
CEVR	   1	 136	   9	   0	1.172270e+03	 148	 148	2.504351e-01	  37	1129	fear	fear_18.png	
CEVR	   1	 137	   9	   0	1.179438e+03	 128	   0	3.008829e-01	3.850441e+01	1996	fear	fear_13.png	
CEVR	   1	 138	   9	   0	1.185619e+03	 122	   0	3.027823e-01	  37	2023	fear	fear_1.png	
CEVR	   1	 139	   9	   0	1.192893e+03	 117	   0	3.054966e-01	3.577801e+01	2061	fear	fear_3.png	
CEVR	   1	 140	   9	   0	1.199097e+03	 144	 144	2.475626e-01	3.576219e+01	1069	fear	fear_20.png	
CEVR	   1	 141	   9	   0	1.204816e+03	 148	 148	2.493261e-01	3.700000e+01	1106	fear	fear_17.png	
CEVR	   1	 142	   9	   0	1.211801e+03	 153	   0	2.472790e-01	3.774184e+01	1063	fear	fear_19.png	
CEVR	   1	 143	   9	   0	1.218370e+03	 125	 125	3.008130e-01	3.760163e+01	1995	fear	fear_12.png	
CEVR	   1	 144	   9	   0	1.225652e+03	 124	   0	3.030658e-01	3.760613e+01	2027	fear	fear_7.png	
CEVR	   1	 145	   9	   0	1.231896e+03	 129	   0	2.974277e-01	3.848714e+01	1946	fear	fear_9.png	
CEVR	   1	 146	   9	   0	1.238643e+03	 126	   0	3.013731e-01	3.790412e+01	2003	fear	fear_4.png	
CEVR	   1	 147	   9	   0	1.244634e+03	 148	   0	2.476573e-01	3.675234e+01	1071	fear	fear_14.png	
CEVR	   1	 148	   9	   0	1.252241e+03	 117	 117	3.056408e-01	3.577744e+01	2063	fear	fear_21.png	
CEVR	   1	 149	   9	   0	1.258722e+03	 148	   0	2.452652e-01	3.626420e+01	1020	fear	fear_7.png	
CEVR	   1	 150	   9	   0	1.265872e+03	 121	   0	3.125754e-01	3.793773e+01	2157	fear	fear_18.png	
CEVR	   1	 151	   9	   0	1.273108e+03	  91	   0	3.885389e-01	3.544584e+01	2967	fear	fear_3.png	
CEVR	   1	 152	   9	   0	1.280138e+03	 124	   0	2.988002e-01	3.700000e+01	1966	fear	fear_19.png	
CEVR	   1	 153	   9	   0	1.285995e+03	 147	   0	2.544704e-01	3.750894e+01	1211	fear	fear_12.png	
CEVR	   1	 154	   9	   0	1.292769e+03	 119	   0	3.046342e-01	3.639073e+01	2049	fear	fear_16.png	
CEVR	   1	 155	   9	   0	1.298483e+03	 144	   0	2.478943e-01	3.576053e+01	1076	fear	fear_2.png	
CEVR	   1	 156	   9	   0	1.304489e+03	 134	 134	2.705809e-01	3.618826e+01	1514	fear	fear_15.png	
CEVR	   1	 157	   9	   0	1.312181e+03	  86	  86	4.243119e-01	3.657569e+01	3248	fear	fear_1.png	
CEVR	   1	 158	   9	   0	1.318778e+03	 172	   0	2.155818e-01	  37	 293	fear	fear_13.png	
CEVR	   1	 159	   9	   0	1.325351e+03	 145	   0	2.638549e-01	3.831927e+01	1392	fear	fear_6.png	
CEVR	   1	 160	   9	   0	1.332704e+03	 120	   0	2.983871e-01	3.580645e+01	1960	fear	fear_11.png	
CEVR	   1	 161	   9	   0	1.338912e+03	 123	   0	2.949886e-01	3.641002e+01	1910	fear	fear_17.png	
CEVR	   1	 162	   9	   0	1.345503e+03	 149	   0	2.487514e-01	3.700000e+01	1094	fear	fear_9.png	
CEVR	   1	 163	   9	   0	1.352382e+03	 121	   0	3.037767e-01	3.669622e+01	2037	fear	fear_8.png	
CEVR	   1	 164	   9	   0	1.359749e+03	 137	   0	2.653689e-01	3.646926e+01	1420	fear	fear_10.png	
CEVR	   1	 165	   9	   0	1.366053e+03	 158	   0	2.378329e-01	3.747567e+01	 855	fear	fear_20.png	
CEVR	   1	 166	   9	   0	1.371926e+03	 164	   0	2.281938e-01	3.745639e+01	 625	fear	fear_14.png	
CEVR	   1	 167	   9	   0	1.378306e+03	 120	 120	3.017945e-01	3.609462e+01	2009	fear	fear_4.png	
CEVR	   1	 168	   9	   0	1.386215e+03	 126	 126	3.070175e-01	3.853509e+01	2082	fear	fear_5.png	
DEV	   1	 169	   8	   0	1.456097e+03	  61	  61	8.948912e-01	5.437779e+01	  18	scram	scram_13.png	
DEV	   1	 170	   8	   0	1.461525e+03	  78	   0	6.624644e-01	5.162759e+01	 925	scram	scram_11.png	
DEV	   1	 171	   8	   0	1.468173e+03	  66	  66	8.073658e-01	5.363430e+01	 336	scram	scram_9.png	
DEV	   1	 172	   8	   0	1.474540e+03	  72	   0	7.388489e-01	5.298771e+01	 602	scram	scram_16.png	
DEV	   1	 173	   8	   0	1.481887e+03	  78	   0	3.996682e-01	3.114555e+01	2571	scram	scram_3.png	
DEV	   1	 174	   8	   0	1.487624e+03	  70	  70	8.132377e-01	5.710277e+01	 314	scram	scram_10.png	
DEV	   1	 175	   8	   0	1.493457e+03	  66	  66	8.063013e-01	5.359466e+01	 340	scram	scram_20.png	
DEV	   1	 176	   8	   0	1.499329e+03	  69	  69	8.318422e-01	5.699105e+01	 245	scram	scram_4.png	
DEV	   1	 177	   8	   0	1.505915e+03	  69	  69	8.411111e-01	5.815899e+01	 211	scram	scram_17.png	
DEV	   1	 178	   8	   0	1.511940e+03	  68	  68	8.164530e-01	5.559843e+01	 302	scram	scram_8.png	
DEV	   1	 179	   8	   0	1.518789e+03	  66	  66	8.532018e-01	5.601303e+01	 167	scram	scram_19.png	
DEV	   1	 180	   8	   0	1.525272e+03	  70	  70	8.307561e-01	5.778248e+01	 249	scram	scram_21.png	
DEV	   1	 181	   8	   0	1.531062e+03	  73	   0	7.860063e-01	5.752310e+01	 417	scram	scram_15.png	
DEV	   1	 182	   8	   0	1.536542e+03	  71	  71	8.291286e-01	5.855067e+01	 255	scram	scram_1.png	
DEV	   1	 183	   8	   0	1.542103e+03	  69	  69	8.391975e-01	5.809091e+01	 218	scram	scram_12.png	
DEV	   1	 184	   8	   0	1.547805e+03	  73	   0	8.304847e-01	6.026381e+01	 250	scram	scram_7.png	
DEV	   1	 185	   8	   0	1.554463e+03	  69	  69	8.948912e-01	6.153692e+01	  18	scram	scram_14.png	
DEV	   1	 186	   8	   0	1.559757e+03	  70	  70	8.299421e-01	5.775206e+01	 252	scram	scram_2.png	
DEV	   1	 187	   8	   0	1.565448e+03	  71	  71	7.187153e-01	5.126404e+01	 684	scram	scram_18.png	
DEV	   1	 188	   8	   0	1.571101e+03	  67	  67	7.970299e-01	5.324220e+01	 375	scram	scram_5.png	
DEV	   1	 189	   8	   0	1.577278e+03	  68	  68	8.321139e-01	5.616874e+01	 244	scram	scram_6.png	
DEV	   1	 190	   8	   0	1.582851e+03	  70	  70	8.307561e-01	5.778248e+01	 249	scram	scram_8.png	
DEV	   1	 191	   8	   0	1.588541e+03	  72	  72	7.807971e-01	5.649963e+01	 437	scram	scram_7.png	
DEV	   1	 192	   8	   0	1.594308e+03	  67	  67	8.957416e-01	5.976641e+01	  15	scram	scram_15.png	
DEV	   1	 193	   8	   0	1.600103e+03	  65	  65	8.221005e-01	5.334258e+01	 281	scram	scram_16.png	
DEV	   1	 194	   8	   0	1.606463e+03	  70	  70	8.025836e-01	5.586261e+01	 354	scram	scram_2.png	
DEV	   1	 195	   8	   0	1.612375e+03	  68	  68	8.261503e-01	5.595652e+01	 266	scram	scram_18.png	
DEV	   1	 196	   8	   0	1.618207e+03	  71	   0	8.156484e-01	5.801497e+01	 305	scram	scram_3.png	
DEV	   1	 197	   8	   0	1.623545e+03	  70	  70	8.028487e-01	5.587344e+01	 353	scram	scram_6.png	
DEV	   1	 198	   8	   0	1.629231e+03	  64	  64	8.389243e-01	5.388651e+01	 219	scram	scram_20.png	
DEV	   1	 199	   8	   0	1.636010e+03	  69	  69	8.872560e-01	6.133942e+01	  45	scram	scram_13.png	
DEV	   1	 200	   8	   0	1.642858e+03	  73	  73	5.307188e-01	3.894443e+01	1594	scram	scram_9.png	
DEV	   1	 201	   8	   0	1.649046e+03	  74	  74	5.285196e-01	3.934143e+01	1607	scram	scram_5.png	
DEV	   1	 202	   8	   0	1.656282e+03	  77	   0	5.067892e-01	3.902152e+01	1740	scram	scram_11.png	
DEV	   1	 203	   8	   0	1.662842e+03	  76	   0	5.668323e-01	4.333659e+01	1391	scram	scram_19.png	
DEV	   1	 204	   8	   0	1.669473e+03	  69	   0	8.169897e-01	5.643565e+01	 300	scram	scram_4.png	
DEV	   1	 205	   8	   0	1.675975e+03	  70	   0	8.215615e-01	5.743215e+01	 283	scram	scram_1.png	
DEV	   1	 206	   8	   0	1.682414e+03	  72	   0	6.228010e-01	4.484153e+01	1108	scram	scram_14.png	
DEV	   1	 207	   8	   0	1.689174e+03	  72	   0	6.644841e-01	4.776119e+01	 916	scram	scram_10.png	
DEV	   1	 208	   8	   0	1.695291e+03	  74	  74	7.187153e-01	5.342019e+01	 684	scram	scram_21.png	
DEV	   1	 209	   8	   0	1.701429e+03	  72	  72	6.667358e-01	4.788164e+01	 906	scram	scram_12.png	
DEV	   1	 210	   8	   0	1.707968e+03	  75	   0	7.019199e-01	5.251816e+01	 754	scram	scram_17.png	
CEVR	   1	 211	   7	   0	1.777071e+03	 161	   0	2.273924e-01	3.654522e+01	 605	happy	happy_21.png	
CEVR	   1	 212	   7	   0	1.783000e+03	 145	 145	2.593631e-01	3.751873e+01	1307	happy	happy_16.png	
CEVR	   1	 213	   7	   0	1.789457e+03	 141	   0	2.640163e-01	3.726402e+01	1395	happy	happy_9.png	
CEVR	   1	 214	   7	   0	1.794807e+03	 174	 174	2.172090e-01	3.786884e+01	 338	happy	happy_10.png	
CEVR	   1	 215	   7	   0	1.801684e+03	 145	   0	2.549715e-01	3.700000e+01	1221	happy	happy_8.png	
CEVR	   1	 216	   7	   0	1.807779e+03	 172	   0	2.145461e-01	  37	 264	happy	happy_7.png	
CEVR	   1	 217	   7	   0	1.813873e+03	 176	   0	2.081994e-01	3.658360e+01	  80	happy	happy_13.png	
CEVR	   1	 218	   7	   0	1.820028e+03	 165	 165	2.245535e-01	  37	 533	happy	happy_14.png	
CEVR	   1	 219	   7	   0	1.826238e+03	 158	   0	2.305091e-01	3.630847e+01	 682	happy	happy_17.png	
CEVR	   1	 220	   7	   0	1.833208e+03	 169	 169	2.193428e-01	  37	 396	happy	happy_20.png	
CEVR	   1	 221	   7	   0	1.838739e+03	 157	   0	2.330814e-01	3.653384e+01	 744	happy	happy_6.png	
CEVR	   1	 222	   7	   0	1.844284e+03	 161	   0	2.251782e-01	3.632447e+01	 549	happy	happy_1.png	
CEVR	   1	 223	   7	   0	1.850760e+03	 176	   0	2.065391e-01	3.638038e+01	  30	happy	happy_19.png	
CEVR	   1	 224	   7	   0	1.856255e+03	 153	   0	2.386217e-01	3.652276e+01	 873	happy	happy_2.png	
CEVR	   1	 225	   7	   0	1.862865e+03	 154	   0	2.364001e-01	3.629080e+01	 822	happy	happy_11.png	
CEVR	   1	 226	   7	   0	1.869914e+03	 159	   0	2.265570e-01	3.609377e+01	 584	happy	happy_3.png	
CEVR	   1	 227	   7	   0	1.877266e+03	 108	   0	3.483055e-01	3.769661e+01	2582	happy	happy_5.png	
CEVR	   1	 228	   7	   0	1.883609e+03	 135	   0	2.714316e-01	3.672857e+01	1529	happy	happy_12.png	
CEVR	   1	 229	   7	   0	1.888618e+03	 173	   0	2.145461e-01	3.721455e+01	 264	happy	happy_18.png	
CEVR	   1	 230	   7	   0	1.895514e+03	 123	   0	3.020760e-01	3.730208e+01	2013	happy	happy_4.png	
CEVR	   1	 231	   7	   0	1.901599e+03	 176	   0	2.066709e-01	3.637999e+01	  34	happy	happy_15.png	
CEVR	   1	 232	   7	   0	1.908340e+03	 157	 157	2.313740e-01	3.630588e+01	 703	happy	happy_20.png	
CEVR	   1	 233	   7	   0	1.914894e+03	 158	   0	2.351126e-01	3.723511e+01	 792	happy	happy_15.png	
CEVR	   1	 234	   7	   0	1.922202e+03	  92	   0	4.035525e-01	  37	3091	happy	happy_2.png	
CEVR	   1	 235	   7	   0	1.928502e+03	 160	   0	2.363139e-01	3.770894e+01	 820	happy	happy_8.png	
CEVR	   1	 236	   7	   0	1.936457e+03	  85	  85	4.441015e-01	3.788820e+01	3384	happy	happy_18.png	
CEVR	   1	 237	   7	   0	1.943639e+03	 137	   0	2.758841e-01	3.782765e+01	1606	happy	happy_21.png	
CEVR	   1	 238	   7	   0	1.949391e+03	 163	   0	2.240484e-01	3.655190e+01	 520	happy	happy_12.png	
CEVR	   1	 239	   7	   0	1.955655e+03	 171	   0	2.177935e-01	3.721779e+01	 354	happy	happy_4.png	
CEVR	   1	 240	   7	   0	1.962508e+03	 127	 127	3.004640e-01	3.820186e+01	1990	happy	happy_13.png	
CEVR	   1	 241	   7	   0	1.969631e+03	 119	 119	3.067267e-01	3.638655e+01	2078	happy	happy_19.png	
CEVR	   1	 242	   7	   0	1.976506e+03	 127	   0	3.020056e-01	3.820802e+01	2012	happy	happy_11.png	
CEVR	   1	 243	   7	   0	1.982615e+03	 140	   0	2.652058e-01	  37	1417	happy	happy_16.png	
CEVR	   1	 244	   7	   0	1.988562e+03	 159	   0	2.332493e-01	  37	 748	happy	happy_6.png	
CEVR	   1	 245	   7	   0	1.994845e+03	 163	   0	2.265570e-01	3.700000e+01	 584	happy	happy_17.png	
CEVR	   1	 246	   7	   0	2.000929e+03	 140	   0	2.638012e-01	3.700000e+01	1391	happy	happy_14.png	
CEVR	   1	 247	   7	   0	2.007562e+03	 168	 168	2.159053e-01	3.635228e+01	 302	happy	happy_7.png	
CEVR	   1	 248	   7	   0	2.013768e+03	 157	 157	2.305091e-01	3.607796e+01	 682	happy	happy_9.png	
CEVR	   1	 249	   7	   0	2.019396e+03	 160	   0	2.299769e-01	3.677002e+01	 669	happy	happy_1.png	
CEVR	   1	 250	   7	   0	2.026390e+03	 156	   0	2.357117e-01	3.676429e+01	 806	happy	happy_10.png	
CEVR	   1	 251	   7	   0	2.033632e+03	 109	   0	3.439575e-01	3.734396e+01	2535	happy	happy_3.png	
CEVR	   1	 252	   7	   0	2.041246e+03	 101	   0	3.806584e-01	3.852263e+01	2898	happy	happy_5.png	
#20-Mar-2013
IEV	   2	 253	   6	   0	1.713116e+01	  61	   0	6.580611e-01	4.042965e+01	2613	scram	scram_3.png	
IEV	   2	 254	   6	   0	2.326892e+01	  22	  22	8.713646e-01	1.899352e+01	 955	scram	scram_17.png	
IEV	   2	 255	   6	   0	2.883438e+01	  27	  27	8.336305e-01	2.285807e+01	1412	scram	scram_18.png	
IEV	   2	 256	   6	   0	3.504020e+01	  20	  20	8.753595e-01	1.753671e+01	 890	scram	scram_2.png	
IEV	   2	 257	   6	   0	4.170231e+01	  22	  22	8.891138e-01	1.973904e+01	 603	scram	scram_13.png	
IEV	   2	 258	   6	   0	4.798879e+01	  58	  58	6.872563e-01	3.987850e+01	2451	scram	scram_9.png	
IEV	   2	 259	   6	   0	5.466725e+01	  24	  24	8.784805e-01	2.145437e+01	 835	scram	scram_8.png	
IEV	   2	 260	   6	   0	6.155888e+01	  33	  33	8.286755e-01	2.755028e+01	1460	scram	scram_7.png	
IEV	   2	 261	   6	   0	6.906103e+01	  54	  54	6.815994e-01	3.684241e+01	2483	scram	scram_4.png	
IEV	   2	 262	   6	   0	7.574868e+01	  25	   0	8.775410e-01	2.159432e+01	 852	scram	scram_14.png	
IEV	   2	 263	   6	   0	8.172864e+01	  22	  22	8.658448e-01	1.889603e+01	1037	scram	scram_12.png	
IEV	   2	 264	   6	   0	8.869691e+01	  32	   0	8.116338e-01	2.601729e+01	1613	scram	scram_1.png	
IEV	   2	 265	   6	   0	9.594202e+01	  54	  54	7.018313e-01	3.819473e+01	2367	scram	scram_10.png	
IEV	   2	 266	   6	   0	1.026618e+02	  75	   0	6.001807e-01	4.509881e+01	2916	scram	scram_16.png	
IEV	   2	 267	   6	   0	1.089707e+02	  31	   0	8.250521e-01	2.545048e+01	1494	scram	scram_20.png	
IEV	   2	 268	   6	   0	1.149600e+02	  23	  23	8.774290e-01	1.985605e+01	 854	scram	scram_11.png	
IEV	   2	 269	   6	   0	1.208098e+02	  33	  33	7.916865e-01	2.637419e+01	1774	scram	scram_21.png	
IEV	   2	 270	   6	   0	1.275756e+02	  21	  21	8.889264e-01	1.888291e+01	 608	scram	scram_6.png	
IEV	   2	 271	   6	   0	1.346781e+02	  46	  46	7.483539e-01	3.475861e+01	2080	scram	scram_5.png	
IEV	   2	 272	   6	   0	1.410907e+02	  17	  17	8.972960e-01	1.548354e+01	 300	scram	scram_19.png	
IEV	   2	 273	   6	   0	1.484329e+02	  25	  25	8.389796e-01	2.057259e+01	1358	scram	scram_15.png	
IEV	   2	 274	   6	   0	1.555002e+02	  25	  25	8.678586e-01	2.208944e+01	1008	scram	scram_12.png	
IEV	   2	 275	   6	   0	1.623358e+02	  37	  37	7.684602e-01	2.852213e+01	1944	scram	scram_14.png	
IEV	   2	 276	   6	   0	1.691805e+02	  37	  37	7.657308e-01	2.799919e+01	1963	scram	scram_18.png	
IEV	   2	 277	   6	   0	1.772427e+02	  50	  50	7.303519e-01	3.686829e+01	2195	scram	scram_6.png	
IEV	   2	 278	   6	   0	1.835597e+02	  35	  35	8.238597e-01	2.887164e+01	1505	scram	scram_4.png	
IEV	   2	 279	   6	   0	1.898036e+02	  33	  33	8.180904e-01	2.699343e+01	1557	scram	scram_7.png	
IEV	   2	 280	   6	   0	1.970425e+02	  44	   0	7.678878e-01	3.394842e+01	1948	scram	scram_5.png	
IEV	   2	 281	   6	   0	2.026399e+02	  15	  15	8.865795e-01	1.308092e+01	 667	scram	scram_8.png	
IEV	   2	 282	   6	   0	2.089811e+02	  20	   0	8.910578e-01	1.760967e+01	 548	scram	scram_17.png	
IEV	   2	 283	   6	   0	2.153874e+02	  49	  49	7.161559e-01	3.503175e+01	2282	scram	scram_15.png	
IEV	   2	 284	   6	   0	2.225257e+02	  35	  35	8.192168e-01	2.851717e+01	1547	scram	scram_13.png	
IEV	   2	 285	   6	   0	2.289762e+02	  23	   0	8.703951e-01	2.000164e+01	 970	scram	scram_3.png	
IEV	   2	 286	   6	   0	2.355040e+02	  29	   0	8.422250e-01	2.440041e+01	1324	scram	scram_9.png	
IEV	   2	 287	   6	   0	2.422521e+02	  53	  53	7.021733e-01	3.746875e+01	2365	scram	scram_10.png	
IEV	   2	 288	   6	   0	2.487327e+02	  34	  34	7.845449e-01	2.705111e+01	1828	scram	scram_11.png	
IEV	   2	 289	   6	   0	2.548927e+02	  17	  17	8.809619e-01	1.491019e+01	 788	scram	scram_16.png	
IEV	   2	 290	   6	   0	2.613410e+02	  53	   0	7.023442e-01	3.745667e+01	2364	scram	scram_21.png	
IEV	   2	 291	   6	   0	2.676858e+02	  25	   0	8.825060e-01	2.171834e+01	 757	scram	scram_19.png	
IEV	   2	 292	   6	   0	2.744072e+02	  34	  34	8.234237e-01	2.809228e+01	1509	scram	scram_20.png	
IEV	   2	 293	   6	   0	2.809769e+02	  30	  30	8.526676e-01	2.572955e+01	1207	scram	scram_2.png	
IEV	   2	 294	   6	   0	2.878169e+02	  31	  31	7.958127e-01	2.438419e+01	1742	scram	scram_1.png	
CEV	   2	 295	   5	   0	3.562584e+02	  45	  45	8.974286e-01	4.058971e+01	  18	happy	happy_14.png	
CEV	   2	 296	   5	   0	3.615554e+02	  51	  51	7.778571e-01	3.933357e+01	 855	happy	happy_20.png	
CEV	   2	 297	   5	   0	3.667923e+02	  43	  43	8.802857e-01	3.788029e+01	 138	happy	happy_1.png	
CEV	   2	 298	   5	   0	3.723641e+02	  39	  39	8.417143e-01	3.279143e+01	 408	happy	happy_10.png	
CEV	   2	 299	   5	   0	3.790838e+02	  42	  42	8.567143e-01	3.614329e+01	 303	happy	happy_8.png	
CEV	   2	 300	   5	   0	3.853556e+02	  49	  49	7.561429e-01	  37	1007	happy	happy_21.png	
CEV	   2	 301	   5	   0	3.914572e+02	  38	  38	8.904286e-01	3.343829e+01	  67	happy	happy_16.png	
CEV	   2	 302	   5	   0	3.970771e+02	  39	  39	8.565714e-01	3.357371e+01	 304	happy	happy_6.png	
CEV	   2	 303	   5	   0	4.032864e+02	  37	  37	8.882857e-01	3.255857e+01	  82	happy	happy_19.png	
CEV	   2	 304	   5	   0	4.101415e+02	  42	  42	8.465714e-01	3.530686e+01	 374	happy	happy_4.png	
CEV	   2	 305	   5	   0	4.168102e+02	  46	  46	8.430000e-01	3.868600e+01	 399	happy	happy_11.png	
CEV	   2	 306	   5	   0	4.228558e+02	  45	  45	8.214286e-01	  37	 550	happy	happy_12.png	
CEV	   2	 307	   5	   0	4.283441e+02	  40	  40	8.374286e-01	3.365029e+01	 438	happy	happy_13.png	
CEV	   2	 308	   5	   0	4.345894e+02	  49	   0	8.211429e-01	4.028457e+01	 552	happy	happy_2.png	
CEV	   2	 309	   5	   0	4.411856e+02	  62	  62	5.785714e-01	3.584286e+01	2250	happy	happy_5.png	
CEV	   2	 310	   5	   0	4.482332e+02	  51	  51	7.348571e-01	3.773486e+01	1156	happy	happy_3.png	
CEV	   2	 311	   5	   0	4.546027e+02	  54	  54	6.724286e-01	3.632757e+01	1593	happy	happy_17.png	
CEV	   2	 312	   5	   0	4.611164e+02	  49	  49	8.304286e-01	4.032171e+01	 487	happy	happy_15.png	
CEV	   2	 313	   5	   0	4.663246e+02	  40	  40	8.321429e-01	3.367143e+01	 475	happy	happy_18.png	
CEV	   2	 314	   5	   0	4.731049e+02	  67	   0	5.260000e-01	3.542200e+01	2618	happy	happy_7.png	
CEV	   2	 315	   5	   0	4.789590e+02	  50	  50	7.617143e-01	3.776171e+01	 968	happy	happy_9.png	
CEV	   2	 316	   5	   0	4.856945e+02	  54	  54	7.388571e-01	3.995543e+01	1128	happy	happy_21.png	
CEV	   2	 317	   5	   0	4.919936e+02	  53	  53	7.250000e-01	3.845000e+01	1225	happy	happy_10.png	
CEV	   2	 318	   5	   0	4.985452e+02	  56	   0	7.055714e-01	3.982229e+01	1361	happy	happy_16.png	
CEV	   2	 319	   5	   0	5.048768e+02	  51	   0	7.970000e-01	4.098500e+01	 721	happy	happy_14.png	
CEV	   2	 320	   5	   0	5.115271e+02	  66	  66	5.915714e-01	3.877471e+01	2159	happy	happy_1.png	
CEV	   2	 321	   5	   0	5.187280e+02	  61	  61	5.815714e-01	3.525529e+01	2229	happy	happy_5.png	
CEV	   2	 322	   5	   0	5.268088e+02	  59	  59	5.834286e-01	3.466629e+01	2216	happy	happy_4.png	
CEV	   2	 323	   5	   0	5.335961e+02	  68	  68	5.814286e-01	3.932571e+01	2230	happy	happy_2.png	
CEV	   2	 324	   5	   0	5.411946e+02	  65	  65	5.497143e-01	3.590057e+01	2452	happy	happy_6.png	
CEV	   2	 325	   5	   0	5.485260e+02	  68	   0	5.402857e-01	3.700000e+01	2518	happy	happy_17.png	
CEV	   2	 326	   5	   0	5.546959e+02	  58	   0	5.867143e-01	3.406643e+01	2193	happy	happy_9.png	
CEV	   2	 327	   5	   0	5.617398e+02	  60	   0	6.225714e-01	3.762257e+01	1942	happy	happy_20.png	
CEV	   2	 328	   5	   0	5.690497e+02	  52	  52	6.894286e-01	3.562114e+01	1474	happy	happy_3.png	
CEV	   2	 329	   5	   0	5.759194e+02	  66	  66	5.292857e-01	3.488286e+01	2595	happy	happy_7.png	
CEV	   2	 330	   5	   0	5.824750e+02	  71	  71	5.338571e-01	3.806771e+01	2563	happy	happy_12.png	
CEV	   2	 331	   5	   0	5.907412e+02	  78	  78	5.021429e-01	3.900857e+01	2785	happy	happy_11.png	
CEV	   2	 332	   5	   0	5.972792e+02	  74	   0	5.388571e-01	3.969429e+01	2528	happy	happy_8.png	
CEV	   2	 333	   5	   0	6.044912e+02	  61	   0	6.321429e-01	3.826429e+01	1875	happy	happy_13.png	
CEV	   2	 334	   5	   0	6.122526e+02	  71	  71	5.041429e-01	3.599171e+01	2771	happy	happy_18.png	
CEV	   2	 335	   5	   0	6.191866e+02	  72	   0	5.115714e-01	  37	2719	happy	happy_15.png	
CEV	   2	 336	   5	   0	6.254719e+02	  50	  50	7.828571e-01	3.934857e+01	 820	happy	happy_19.png	
CEVR	   2	 337	   4	   0	6.941494e+02	 148	   0	2.446628e-01	3.626601e+01	1007	scram	scram_12.png	
CEVR	   2	 338	   4	   0	7.005552e+02	 134	   0	2.676726e-01	3.592931e+01	1462	scram	scram_20.png	
CEVR	   2	 339	   4	   0	7.085439e+02	 114	 114	3.178694e-01	3.636426e+01	2226	scram	scram_6.png	
CEVR	   2	 340	   4	   0	7.151506e+02	 118	   0	3.056408e-01	3.608308e+01	2063	scram	scram_17.png	
CEVR	   2	 341	   4	   0	7.211352e+02	 181	   0	2.061445e-01	3.741229e+01	  18	scram	scram_19.png	
CEVR	   2	 342	   4	   0	7.278076e+02	 116	 116	3.316261e-01	3.832650e+01	2395	scram	scram_14.png	
CEVR	   2	 343	   4	   0	7.357846e+02	  85	   0	4.470142e-01	3.789403e+01	3403	scram	scram_3.png	
CEVR	   2	 344	   4	   0	7.425355e+02	 108	 108	3.453333e-01	3.734533e+01	2550	scram	scram_13.png	
CEVR	   2	 345	   4	   0	7.494528e+02	 104	 104	3.578337e-01	3.735783e+01	2681	scram	scram_7.png	
CEVR	   2	 346	   4	   0	7.565114e+02	  86	  86	4.130781e-01	3.534769e+01	3165	scram	scram_2.png	
CEVR	   2	 347	   4	   0	7.632166e+02	 137	 137	2.788544e-01	3.811542e+01	1656	scram	scram_11.png	
CEVR	   2	 348	   4	   0	7.704731e+02	 121	 121	2.983871e-01	3.610484e+01	1960	scram	scram_18.png	
CEVR	   2	 349	   4	   0	7.770562e+02	 116	 116	3.166259e-01	3.668337e+01	2210	scram	scram_21.png	
CEVR	   2	 350	   4	   0	7.839342e+02	 133	 133	2.877138e-01	3.815086e+01	1799	scram	scram_10.png	
CEVR	   2	 351	   4	   0	7.900744e+02	 127	   0	2.830601e-01	3.586776e+01	1725	scram	scram_9.png	
CEVR	   2	 352	   4	   0	7.960002e+02	 137	 137	2.695670e-01	3.700000e+01	1496	scram	scram_5.png	
CEVR	   2	 353	   4	   0	8.024322e+02	 142	   0	2.702421e-01	3.835121e+01	1508	scram	scram_1.png	
CEVR	   2	 354	   4	   0	8.091697e+02	 152	 152	2.406616e-01	3.651868e+01	 919	scram	scram_4.png	
CEVR	   2	 355	   4	   0	8.151904e+02	 153	 153	2.391947e-01	3.652161e+01	 886	scram	scram_8.png	
CEVR	   2	 356	   4	   0	8.222829e+02	 145	   0	2.552730e-01	3.700000e+01	1227	scram	scram_15.png	
CEVR	   2	 357	   4	   0	8.290446e+02	 159	 159	2.340502e-01	3.723405e+01	 767	scram	scram_16.png	
CEVR	   2	 358	   4	   0	8.357531e+02	 157	   0	2.295285e-01	3.608189e+01	 658	scram	scram_6.png	
CEVR	   2	 359	   4	   0	8.424603e+02	 171	   0	2.215948e-01	3.788638e+01	 456	scram	scram_7.png	
CEVR	   2	 360	   4	   0	8.482149e+02	 155	   0	2.334174e-01	3.606633e+01	 752	scram	scram_1.png	
CEVR	   2	 361	   4	   0	8.554137e+02	 125	   0	2.904239e-01	3.641915e+01	1841	scram	scram_16.png	
CEVR	   2	 362	   4	   0	8.629122e+02	  95	  95	3.972393e-01	3.779448e+01	3040	scram	scram_15.png	
CEVR	   2	 363	   4	   0	8.700599e+02	  80	   0	4.364678e-01	3.481766e+01	3333	scram	scram_10.png	
CEVR	   2	 364	   4	   0	8.771115e+02	 114	   0	3.272681e-01	3.732727e+01	2343	scram	scram_18.png	
CEVR	   2	 365	   4	   0	8.838235e+02	 135	   0	2.792152e-01	3.755843e+01	1662	scram	scram_8.png	
CEVR	   2	 366	   4	   0	8.897147e+02	 171	   0	2.202381e-01	3.766071e+01	 420	scram	scram_13.png	
CEVR	   2	 367	   4	   0	8.973689e+02	 109	   0	3.450573e-01	3.769011e+01	2547	scram	scram_20.png	
CEVR	   2	 368	   4	   0	9.048276e+02	 129	 129	2.849912e-01	3.671501e+01	1756	scram	scram_12.png	
CEVR	   2	 369	   4	   0	9.117538e+02	 135	   0	2.810330e-01	3.784310e+01	1692	scram	scram_17.png	
CEVR	   2	 370	   4	   0	9.184714e+02	 122	   0	3.065089e-01	3.730651e+01	2075	scram	scram_14.png	
CEVR	   2	 371	   4	   0	9.247898e+02	 128	 128	2.800000e-01	3.588000e+01	1675	scram	scram_3.png	
CEVR	   2	 372	   4	   0	9.313091e+02	 132	   0	2.800606e-01	  37	1676	scram	scram_21.png	
CEVR	   2	 373	   4	   0	9.387828e+02	 104	   0	3.683163e-01	3.847327e+01	2784	scram	scram_5.png	
CEVR	   2	 374	   4	   0	9.447295e+02	 133	 133	2.834318e-01	3.756686e+01	1731	scram	scram_19.png	
CEVR	   2	 375	   4	   0	9.515603e+02	 122	 122	2.941176e-01	3.582353e+01	1897	scram	scram_9.png	
CEVR	   2	 376	   4	   0	9.588005e+02	 128	   0	2.953250e-01	3.788597e+01	1915	scram	scram_4.png	
CEVR	   2	 377	   4	   0	9.648995e+02	 153	 153	2.446628e-01	3.748933e+01	1007	scram	scram_2.png	
CEVR	   2	 378	   4	   0	9.712102e+02	 146	 146	2.567407e-01	3.751348e+01	1256	scram	scram_11.png	
IEV	   2	 379	   3	   0	1.040305e+03	  17	  17	8.782615e-01	1.533931e+01	 839	fear	fear_17.png	
IEV	   2	 380	   3	   0	1.047111e+03	  41	  41	7.530522e-01	3.062193e+01	2049	fear	fear_9.png	
IEV	   2	 381	   3	   0	1.054361e+03	  37	  37	7.972127e-01	2.982544e+01	1731	fear	fear_11.png	
IEV	   2	 382	   3	   0	1.059898e+03	  22	  22	8.848435e-01	1.957594e+01	 707	fear	fear_12.png	
IEV	   2	 383	   3	   0	1.066057e+03	  25	   0	8.714925e-01	2.158973e+01	 953	fear	fear_8.png	
IEV	   2	 384	   3	   0	1.073532e+03	  45	  45	7.628296e-01	3.436076e+01	1983	fear	fear_10.png	
IEV	   2	 385	   3	   0	1.080436e+03	  33	  33	8.081917e-01	2.636234e+01	1642	fear	fear_14.png	
IEV	   2	 386	   3	   0	1.087166e+03	  33	  33	8.253756e-01	2.706701e+01	1491	fear	fear_4.png	
IEV	   2	 387	   3	   0	1.093090e+03	  30	  30	8.463744e-01	2.561402e+01	1279	fear	fear_21.png	
IEV	   2	 388	   3	   0	1.099818e+03	  14	  14	8.996836e-01	1.231915e+01	  89	fear	fear_2.png	
IEV	   2	 389	   3	   0	1.106013e+03	  21	  21	8.947020e-01	1.870162e+01	 423	fear	fear_18.png	
IEV	   2	 390	   3	   0	1.112912e+03	  29	  29	8.318971e-01	2.388342e+01	1429	fear	fear_6.png	
IEV	   2	 391	   3	   0	1.118149e+03	  17	  17	8.848884e-01	1.514413e+01	 706	fear	fear_7.png	
IEV	   2	 392	   3	   0	1.125299e+03	  45	  45	7.406365e-01	3.313630e+01	2130	fear	fear_5.png	
IEV	   2	 393	   3	   0	1.131993e+03	  20	  20	8.999682e-01	1.772391e+01	  17	fear	fear_15.png	
IEV	   2	 394	   3	   0	1.137987e+03	  15	  15	8.999682e-01	1.322407e+01	  17	fear	fear_13.png	
IEV	   2	 395	   3	   0	1.143280e+03	  17	  17	8.999704e-01	1.502480e+01	  16	fear	fear_20.png	
IEV	   2	 396	   3	   0	1.149377e+03	  16	  16	8.999564e-01	1.412041e+01	  22	fear	fear_1.png	
IEV	   2	 397	   3	   0	1.155073e+03	  13	  13	8.999588e-01	1.142122e+01	  21	fear	fear_19.png	
IEV	   2	 398	   3	   0	1.161367e+03	  15	  15	8.999704e-01	1.322486e+01	  16	fear	fear_3.png	
IEV	   2	 399	   3	   0	1.167478e+03	  22	  22	8.999682e-01	1.952385e+01	  17	fear	fear_16.png	
IEV	   2	 400	   3	   0	1.173274e+03	  19	  19	8.999682e-01	1.682395e+01	  17	fear	fear_10.png	
IEV	   2	 401	   3	   0	1.180268e+03	  16	  16	8.999682e-01	1.412404e+01	  17	fear	fear_15.png	
IEV	   2	 402	   3	   0	1.185967e+03	  13	   0	8.999564e-01	1.142054e+01	  22	fear	fear_7.png	
IEV	   2	 403	   3	   0	1.192056e+03	  23	  23	8.528364e-01	1.973969e+01	1205	fear	fear_6.png	
IEV	   2	 404	   3	   0	1.198440e+03	  29	  29	8.536752e-01	2.475607e+01	1195	fear	fear_21.png	
IEV	   2	 405	   3	   0	1.203893e+03	  20	  20	8.966731e-01	1.830418e+01	 334	fear	fear_20.png	
IEV	   2	 406	   3	   0	1.209490e+03	  15	  15	8.999636e-01	1.322256e+01	  19	fear	fear_3.png	
IEV	   2	 407	   3	   0	1.215786e+03	  19	  19	8.999636e-01	1.682242e+01	  19	fear	fear_1.png	
IEV	   2	 408	   3	   0	1.222337e+03	  20	  20	8.839773e-01	1.794932e+01	 726	fear	fear_18.png	
IEV	   2	 409	   3	   0	1.227336e+03	  13	  13	8.999564e-01	1.142054e+01	  22	fear	fear_9.png	
IEV	   2	 410	   3	   0	1.233794e+03	  28	  28	8.581422e-01	2.421024e+01	1140	fear	fear_2.png	
IEV	   2	 411	   3	   0	1.240245e+03	  16	  16	8.840236e-01	1.440563e+01	 725	fear	fear_16.png	
IEV	   2	 412	   3	   0	1.246590e+03	  27	  27	8.230958e-01	2.236402e+01	1512	fear	fear_14.png	
IEV	   2	 413	   3	   0	1.253221e+03	  19	  19	8.857696e-01	1.676545e+01	 686	fear	fear_11.png	
IEV	   2	 414	   3	   0	1.259576e+03	  47	  47	7.403242e-01	3.464188e+01	2132	fear	fear_8.png	
IEV	   2	 415	   3	   0	1.265934e+03	  21	  21	8.582212e-01	1.819289e+01	1139	fear	fear_19.png	
IEV	   2	 416	   3	   0	1.271672e+03	  13	  13	8.996303e-01	1.142563e+01	  98	fear	fear_13.png	
IEV	   2	 417	   3	   0	1.278227e+03	  41	  41	7.401680e-01	3.021302e+01	2133	fear	fear_5.png	
IEV	   2	 418	   3	   0	1.285228e+03	  39	  39	7.567921e-01	2.954720e+01	2024	fear	fear_17.png	
IEV	   2	 419	   3	   0	1.292326e+03	  40	  40	7.579796e-01	3.020236e+01	2016	fear	fear_12.png	
IEV	   2	 420	   3	   0	1.299142e+03	  24	  24	8.486960e-01	2.025329e+01	1253	fear	fear_4.png	
DEV	   2	 421	   2	   0	1.368202e+03	  81	   0	5.634947e-01	4.538369e+01	1409	happy	happy_6.png	
DEV	   2	 422	   2	   0	1.375378e+03	  74	  74	6.981327e-01	5.161307e+01	 770	happy	happy_14.png	
DEV	   2	 423	   2	   0	1.382102e+03	  77	  77	4.336479e-01	3.337054e+01	2267	happy	happy_4.png	
DEV	   2	 424	   2	   0	1.389511e+03	  86	   0	3.562628e-01	3.073041e+01	3036	happy	happy_9.png	
DEV	   2	 425	   2	   0	1.395531e+03	  76	  76	6.327302e-01	4.792069e+01	1061	happy	happy_21.png	
DEV	   2	 426	   2	   0	1.402345e+03	  73	   0	5.948865e-01	4.326620e+01	1245	happy	happy_8.png	
DEV	   2	 427	   2	   0	1.409806e+03	  82	  82	5.398255e-01	4.434492e+01	1541	happy	happy_1.png	
DEV	   2	 428	   2	   0	1.416461e+03	  73	  73	6.188380e-01	4.523972e+01	1127	happy	happy_12.png	
DEV	   2	 429	   2	   0	1.423049e+03	  73	   0	5.305492e-01	3.893429e+01	1595	happy	happy_15.png	
DEV	   2	 430	   2	   0	1.430708e+03	  80	   0	3.832540e-01	3.082153e+01	2736	happy	happy_5.png	
DEV	   2	 431	   2	   0	1.437376e+03	  75	   0	5.792977e-01	4.352452e+01	1325	happy	happy_13.png	
DEV	   2	 432	   2	   0	1.444670e+03	  79	   0	3.590819e-01	2.842815e+01	3003	happy	happy_16.png	
DEV	   2	 433	   2	   0	1.451358e+03	  70	   0	6.931914e-01	4.857333e+01	 791	happy	happy_11.png	
DEV	   2	 434	   2	   0	1.458715e+03	  89	   0	2.783614e-01	2.466396e+01	4024	happy	happy_19.png	
DEV	   2	 435	   2	   0	1.464842e+03	  77	  77	6.310275e-01	4.845136e+01	1069	happy	happy_20.png	
DEV	   2	 436	   2	   0	1.471580e+03	  75	   0	6.265825e-01	4.693085e+01	1090	happy	happy_10.png	
DEV	   2	 437	   2	   0	1.478299e+03	  73	  73	7.262693e-01	5.309087e+01	 653	happy	happy_18.png	
DEV	   2	 438	   2	   0	1.484465e+03	  71	  71	7.047730e-01	4.985414e+01	 742	happy	happy_3.png	
DEV	   2	 439	   2	   0	1.491058e+03	  72	  72	6.910841e-01	4.984942e+01	 800	happy	happy_7.png	
DEV	   2	 440	   2	   0	1.496880e+03	  74	   0	6.783414e-01	5.053122e+01	 855	happy	happy_17.png	
DEV	   2	 441	   2	   0	1.502885e+03	  72	  72	6.861911e-01	4.959188e+01	 821	happy	happy_2.png	
DEV	   2	 442	   2	   0	1.509432e+03	  74	  74	5.122119e-01	3.783054e+01	1706	happy	happy_18.png	
DEV	   2	 443	   2	   0	1.517025e+03	  74	  74	5.662742e-01	4.216949e+01	1394	happy	happy_19.png	
DEV	   2	 444	   2	   0	1.523275e+03	  78	   0	5.821806e-01	4.544437e+01	1310	happy	happy_3.png	
DEV	   2	 445	   2	   0	1.529167e+03	  81	  81	5.303796e-01	4.316719e+01	1596	happy	happy_20.png	
DEV	   2	 446	   2	   0	1.535251e+03	  71	   0	6.513606e-01	4.640012e+01	 975	happy	happy_15.png	
DEV	   2	 447	   2	   0	1.543012e+03	  84	   0	4.071429e-01	3.408155e+01	2500	happy	happy_12.png	
DEV	   2	 448	   2	   0	1.550337e+03	  78	  78	5.919236e-01	4.605580e+01	1260	happy	happy_6.png	
DEV	   2	 449	   2	   0	1.557103e+03	  85	   0	3.313710e-01	2.818143e+01	3342	happy	happy_16.png	
DEV	   2	 450	   2	   0	1.563455e+03	  74	  74	5.447279e-01	4.032133e+01	1513	happy	happy_14.png	
DEV	   2	 451	   2	   0	1.569838e+03	  76	  76	6.971889e-01	5.295662e+01	 774	happy	happy_10.png	
DEV	   2	 452	   2	   0	1.575395e+03	  70	  70	7.095523e-01	4.938356e+01	 722	happy	happy_7.png	
DEV	   2	 453	   2	   0	1.583540e+03	  85	   0	3.869228e-01	3.300816e+01	2698	happy	happy_4.png	
DEV	   2	 454	   2	   0	1.588966e+03	  74	  74	7.250462e-01	5.375324e+01	 658	happy	happy_21.png	
DEV	   2	 455	   2	   0	1.594985e+03	  80	  80	6.363657e-01	5.067976e+01	1044	happy	happy_8.png	
DEV	   2	 456	   2	   0	1.600679e+03	  78	  78	5.670185e-01	4.448215e+01	1390	happy	happy_17.png	
DEV	   2	 457	   2	   0	1.607014e+03	  79	   0	5.889791e-01	4.646058e+01	1275	happy	happy_13.png	
DEV	   2	 458	   2	   0	1.614196e+03	  76	   0	4.460406e-01	3.372522e+01	2167	happy	happy_11.png	
DEV	   2	 459	   2	   0	1.620482e+03	  72	  72	6.513606e-01	4.705148e+01	 975	happy	happy_1.png	
DEV	   2	 460	   2	   0	1.626626e+03	  71	  71	7.167774e-01	5.116713e+01	 692	happy	happy_9.png	
DEV	   2	 461	   2	   0	1.633042e+03	  69	  69	7.304417e-01	5.038174e+01	 636	happy	happy_5.png	
DEV	   2	 462	   2	   0	1.639495e+03	  70	   0	6.228010e-01	4.359592e+01	1108	happy	happy_2.png	
CEV	   2	 463	   1	   0	1.709663e+03	  51	   0	7.561429e-01	3.851229e+01	1007	fear	fear_5.png	
CEV	   2	 464	   1	   0	1.717409e+03	  59	   0	6.010000e-01	3.519700e+01	2093	fear	fear_11.png	
CEV	   2	 465	   1	   0	1.724794e+03	  53	  53	7.328571e-01	3.919857e+01	1170	fear	fear_8.png	
CEV	   2	 466	   1	   0	1.731341e+03	  49	  49	7.435714e-01	3.625643e+01	1095	fear	fear_21.png	
CEV	   2	 467	   1	   0	1.737477e+03	  53	  53	7.464286e-01	3.923929e+01	1075	fear	fear_4.png	
CEV	   2	 468	   1	   0	1.743820e+03	  46	   0	7.450000e-01	3.402000e+01	1085	fear	fear_9.png	
CEV	   2	 469	   1	   0	1.750707e+03	  53	  53	7.322857e-01	3.846457e+01	1174	fear	fear_17.png	
CEV	   2	 470	   1	   0	1.756593e+03	  45	  45	8.468571e-01	3.784686e+01	 372	fear	fear_16.png	
CEV	   2	 471	   1	   0	1.762629e+03	  47	   0	7.754286e-01	3.622457e+01	 872	fear	fear_2.png	
CEV	   2	 472	   1	   0	1.768815e+03	  45	   0	7.895714e-01	3.542086e+01	 773	fear	fear_10.png	
CEV	   2	 473	   1	   0	1.775570e+03	  55	   0	7.130000e-01	3.913900e+01	1309	fear	fear_19.png	
CEV	   2	 474	   1	   0	1.781577e+03	  53	  53	6.980000e-01	3.700000e+01	1414	fear	fear_6.png	
CEV	   2	 475	   1	   0	1.788659e+03	  62	  62	6.481429e-01	4.024071e+01	1763	fear	fear_13.png	
CEV	   2	 476	   1	   0	1.795605e+03	  52	   0	6.585714e-01	3.436571e+01	1690	fear	fear_7.png	
CEV	   2	 477	   1	   0	1.801588e+03	  61	  61	6.192857e-01	3.761929e+01	1965	fear	fear_1.png	
CEV	   2	 478	   1	   0	1.808286e+03	  62	  62	6.437143e-01	4.021857e+01	1794	fear	fear_14.png	
CEV	   2	 479	   1	   0	1.815685e+03	  62	  62	6.150000e-01	3.823000e+01	1995	fear	fear_20.png	
CEV	   2	 480	   1	   0	1.822060e+03	  58	  58	6.221429e-01	3.637786e+01	1945	fear	fear_18.png	
CEV	   2	 481	   1	   0	1.829061e+03	  55	  55	6.147143e-01	3.392643e+01	1997	fear	fear_15.png	
CEV	   2	 482	   1	   0	1.835762e+03	  57	   0	6.148571e-01	3.515543e+01	1996	fear	fear_12.png	
CEV	   2	 483	   1	   0	1.843153e+03	  50	   0	7.321429e-01	3.626786e+01	1175	fear	fear_3.png	
CEV	   2	 484	   1	   0	1.850278e+03	  55	  55	6.935714e-01	3.838714e+01	1445	fear	fear_2.png	
CEV	   2	 485	   1	   0	1.857027e+03	  47	   0	7.437143e-01	3.476886e+01	1094	fear	fear_3.png	
CEV	   2	 486	   1	   0	1.864010e+03	  48	   0	7.341429e-01	3.553171e+01	1161	fear	fear_19.png	
CEV	   2	 487	   1	   0	1.870508e+03	  52	  52	6.727143e-01	3.498186e+01	1591	fear	fear_20.png	
CEV	   2	 488	   1	   0	1.876288e+03	  41	  41	8.210000e-01	3.371600e+01	 553	fear	fear_13.png	
CEV	   2	 489	   1	   0	1.882598e+03	  52	  52	6.698571e-01	3.499043e+01	1611	fear	fear_18.png	
CEV	   2	 490	   1	   0	1.887945e+03	  47	  47	8.301429e-01	3.866029e+01	 489	fear	fear_16.png	
CEV	   2	 491	   1	   0	1.894300e+03	  47	  47	8.280000e-01	3.865600e+01	 504	fear	fear_7.png	
CEV	   2	 492	   1	   0	1.901508e+03	  59	  59	6.414286e-01	3.764143e+01	1810	fear	fear_5.png	
CEV	   2	 493	   1	   0	1.907299e+03	  49	  49	8.182857e-01	4.027314e+01	 572	fear	fear_14.png	
CEV	   2	 494	   1	   0	1.913757e+03	  58	   0	6.560000e-01	3.831200e+01	1708	fear	fear_15.png	
CEV	   2	 495	   1	   0	1.919908e+03	  49	  49	7.441429e-01	3.625586e+01	1091	fear	fear_17.png	
CEV	   2	 496	   1	   0	1.926460e+03	  51	  51	7.435714e-01	3.774357e+01	1095	fear	fear_12.png	
CEV	   2	 497	   1	   0	1.932960e+03	  55	  55	6.442857e-01	3.571143e+01	1790	fear	fear_11.png	
CEV	   2	 498	   1	   0	1.938307e+03	  45	  45	8.305714e-01	3.700000e+01	 486	fear	fear_9.png	
CEV	   2	 499	   1	   0	1.944331e+03	  44	   0	8.948571e-01	3.968457e+01	  36	fear	fear_6.png	
CEV	   2	 500	   1	   0	1.950752e+03	  39	  39	8.381429e-01	3.280929e+01	 433	fear	fear_1.png	
CEV	   2	 501	   1	   0	1.957341e+03	  46	   0	7.328571e-01	3.406857e+01	1170	fear	fear_21.png	
CEV	   2	 502	   1	   0	1.964268e+03	  69	  69	5.794286e-01	3.989714e+01	2244	fear	fear_8.png	
CEV	   2	 503	   1	   0	1.971336e+03	  63	  63	6.264286e-01	3.950571e+01	1915	fear	fear_4.png	
CEV	   2	 504	   1	   0	1.978264e+03	  66	   0	5.794286e-01	3.815886e+01	2244	fear	fear_10.png	
