#Subj:	11138
#Run:	1
#Age:	19
#Gender:	male
#02-Apr-2013
Func	Run	Trial	Block	Null	trialStartTime	Mag	ScoreInc	Freq	EV	RT	Emotion	Image
CEV	   1	   1	   1	   0	1.027833e+02	 111	   0	3.381429e-01	3.767629e+01	3933	fear	fear_10.png	
CEV	   1	   2	   1	   0	1.110112e+02	 115	   0	3.264286e-01	3.765286e+01	4015	fear	fear_4.png	
CEV	   1	   3	   1	   0	1.182163e+02	 112	 112	3.361429e-01	3.767229e+01	3947	fear	fear_8.png	
CEV	   1	   4	   1	   0	1.261994e+02	 111	 111	3.380000e-01	3.767600e+01	3934	fear	fear_21.png	
CEV	   1	   5	   1	   0	1.344400e+02	 104	 104	3.501429e-01	3.629971e+01	3849	fear	fear_1.png	
CEV	   1	   6	   1	   0	1.419191e+02	 105	   0	3.404286e-01	3.563829e+01	3917	fear	fear_6.png	
CEV	   1	   7	   1	   0	1.491868e+02	 110	 110	3.420000e-01	3.768400e+01	3906	fear	fear_9.png	
CEV	   1	   8	   1	   0	1.568648e+02	 106	 106	3.678571e-01	3.883929e+01	3725	fear	fear_11.png	
CEV	   1	   9	   1	   0	1.641196e+02	 106	   0	3.458571e-01	3.665414e+01	3879	fear	fear_12.png	
CEV	   1	  10	   1	   0	1.711489e+02	  93	   0	4.105714e-01	3.823171e+01	3426	fear	fear_17.png	
CEV	   1	  11	   1	   0	1.783646e+02	  93	   0	3.865714e-01	3.584029e+01	3594	fear	fear_15.png	
CEV	   1	  12	   1	   0	1.847273e+02	  53	  53	6.867143e-01	3.631329e+01	1493	fear	fear_14.png	
CEV	   1	  13	   1	   0	1.909062e+02	  47	  47	8.250000e-01	3.865000e+01	 525	fear	fear_5.png	
CEV	   1	  14	   1	   0	1.971951e+02	  60	   0	5.938571e-01	3.581229e+01	2143	fear	fear_7.png	
CEV	   1	  15	   1	   0	2.043868e+02	  75	  75	5.071429e-01	3.801429e+01	2750	fear	fear_16.png	
CEV	   1	  16	   1	   0	2.117700e+02	  65	  65	5.382857e-01	3.484686e+01	2532	fear	fear_18.png	
CEV	   1	  17	   1	   0	2.181816e+02	  79	  79	5.014286e-01	3.950714e+01	2790	fear	fear_13.png	
CEV	   1	  18	   1	   0	2.258090e+02	  98	  98	3.827143e-01	3.738271e+01	3621	fear	fear_20.png	
CEV	   1	  19	   1	   0	2.337297e+02	  99	  99	3.848571e-01	3.815457e+01	3606	fear	fear_19.png	
CEV	   1	  20	   1	   0	2.409635e+02	  97	   0	3.818571e-01	  37	3627	fear	fear_3.png	
CEV	   1	  21	   1	   0	2.486657e+02	  73	   0	5.330000e-01	3.913200e+01	2569	fear	fear_2.png	
CEV	   1	  22	   1	   0	2.570682e+02	 102	 102	3.617143e-01	3.700000e+01	3768	fear	fear_3.png	
CEV	   1	  23	   1	   0	2.652352e+02	  96	  96	3.717143e-01	3.551314e+01	3698	fear	fear_12.png	
CEV	   1	  24	   1	   0	2.738995e+02	 102	 102	3.725714e-01	3.811771e+01	3692	fear	fear_15.png	
CEV	   1	  25	   1	   0	2.791643e+02	  46	  46	8.587143e-01	3.957614e+01	 289	fear	fear_18.png	
CEV	   1	  26	   1	   0	2.850956e+02	  48	  48	8.392857e-01	4.035714e+01	 425	fear	fear_20.png	
CEV	   1	  27	   1	   0	2.907511e+02	  40	  40	8.610000e-01	3.441700e+01	 273	fear	fear_14.png	
CEV	   1	  28	   1	   0	2.968099e+02	  49	  49	7.745714e-01	3.777457e+01	 878	fear	fear_1.png	
CEV	   1	  29	   1	   0	3.041884e+02	  99	   0	3.697143e-01	3.663029e+01	3712	fear	fear_7.png	
CEV	   1	  30	   1	   0	3.115551e+02	 100	   0	3.722857e-01	3.737229e+01	3694	fear	fear_13.png	
CEV	   1	  31	   1	   0	3.188259e+02	  72	  72	5.425714e-01	3.917029e+01	2502	fear	fear_6.png	
CEV	   1	  32	   1	   0	3.250023e+02	  51	  51	7.697143e-01	3.930914e+01	 912	fear	fear_19.png	
CEV	   1	  33	   1	   0	3.300746e+02	  42	  42	8.565714e-01	3.614343e+01	 304	fear	fear_10.png	
CEV	   1	  34	   1	   0	3.377296e+02	  94	  94	3.758571e-01	3.549657e+01	3669	fear	fear_2.png	
CEV	   1	  35	   1	   0	3.452712e+02	  97	   0	3.797143e-01	  37	3642	fear	fear_16.png	
CEV	   1	  36	   1	   0	3.521082e+02	  62	  62	6.382857e-01	3.955314e+01	1832	fear	fear_17.png	
CEV	   1	  37	   1	   0	3.588037e+02	  60	  60	6.250000e-01	3.762500e+01	1925	fear	fear_9.png	
CEV	   1	  38	   1	   0	3.662326e+02	  55	  55	6.121429e-01	3.393929e+01	2015	fear	fear_4.png	
CEV	   1	  39	   1	   0	3.728836e+02	  51	   0	6.915714e-01	3.492529e+01	1459	fear	fear_21.png	
CEV	   1	  40	   1	   0	3.795078e+02	  53	  53	6.720000e-01	3.565600e+01	1596	fear	fear_8.png	
CEV	   1	  41	   1	   0	3.878668e+02	  96	   0	3.750000e-01	3.587500e+01	3675	fear	fear_11.png	
CEV	   1	  42	   1	   0	3.949268e+02	  44	  44	8.034286e-01	3.539314e+01	 676	fear	fear_5.png	
DEV	   1	  43	   2	   0	4.729044e+02	  81	   0	4.734120e-01	3.828582e+01	1963	happy	happy_2.png	
DEV	   1	  44	   2	   0	4.793152e+02	  74	  74	6.511406e-01	4.834175e+01	 976	happy	happy_5.png	
DEV	   1	  45	   2	   0	4.854382e+02	  69	   0	7.393461e-01	5.079396e+01	 600	happy	happy_9.png	
DEV	   1	  46	   2	   0	4.923183e+02	  74	   0	5.443757e-01	4.030017e+01	1515	happy	happy_1.png	
DEV	   1	  47	   2	   0	4.986624e+02	  75	   0	6.367950e-01	4.752267e+01	1042	happy	happy_11.png	
DEV	   1	  48	   2	   0	5.047412e+02	  69	  69	7.124343e-01	4.881133e+01	 710	happy	happy_13.png	
DEV	   1	  49	   2	   0	5.104926e+02	  65	   0	8.291286e-01	5.357590e+01	 255	happy	happy_17.png	
DEV	   1	  50	   2	   0	5.168159e+02	  75	   0	4.185833e-01	3.155225e+01	2396	happy	happy_8.png	
DEV	   1	  51	   2	   0	5.233302e+02	  85	   0	3.621078e-01	3.080597e+01	2968	happy	happy_21.png	
DEV	   1	  52	   2	   0	5.315341e+02	  80	   0	3.144846e-01	2.502362e+01	3560	happy	happy_4.png	
DEV	   1	  53	   2	   0	5.369756e+02	  71	   0	6.829480e-01	4.873712e+01	 835	happy	happy_7.png	
DEV	   1	  54	   2	   0	5.429619e+02	  70	   0	7.587000e-01	5.317775e+01	 523	happy	happy_10.png	
DEV	   1	  55	   2	   0	5.492444e+02	  73	  73	5.831456e-01	4.258945e+01	1305	happy	happy_14.png	
DEV	   1	  56	   2	   0	5.560211e+02	  72	  72	5.833389e-01	4.201732e+01	1304	happy	happy_16.png	
DEV	   1	  57	   2	   0	5.624014e+02	  80	  80	5.821806e-01	4.660874e+01	1310	happy	happy_6.png	
DEV	   1	  58	   2	   0	5.684995e+02	  75	  75	6.153172e-01	4.626996e+01	1144	happy	happy_12.png	
DEV	   1	  59	   2	   0	5.750383e+02	  80	   0	5.986661e-01	4.767298e+01	1226	happy	happy_15.png	
DEV	   1	  60	   2	   0	5.813859e+02	  75	  75	5.956797e-01	4.450299e+01	1241	happy	happy_20.png	
DEV	   1	  61	   2	   0	5.874435e+02	  75	  75	5.913332e-01	4.424491e+01	1263	happy	happy_3.png	
DEV	   1	  62	   2	   0	5.939805e+02	  73	  73	5.994655e-01	4.352792e+01	1222	happy	happy_19.png	
DEV	   1	  63	   2	   0	6.007945e+02	  72	  72	6.087537e-01	4.405488e+01	1176	happy	happy_18.png	
DEV	   1	  64	   2	   0	6.079739e+02	  75	  75	5.833389e-01	4.376734e+01	1304	happy	happy_2.png	
DEV	   1	  65	   2	   0	6.133807e+02	  79	   0	6.118199e-01	4.851040e+01	1161	happy	happy_17.png	
DEV	   1	  66	   2	   0	6.197341e+02	  76	  76	5.933040e-01	4.495537e+01	1253	happy	happy_7.png	
DEV	   1	  67	   2	   0	6.265947e+02	  74	   0	5.903509e-01	4.359607e+01	1268	happy	happy_3.png	
DEV	   1	  68	   2	   0	6.333700e+02	  74	  74	6.253191e-01	4.623182e+01	1096	happy	happy_18.png	
DEV	   1	  69	   2	   0	6.390619e+02	  78	  78	6.184226e-01	4.830823e+01	1129	happy	happy_10.png	
DEV	   1	  70	   2	   0	6.451605e+02	  72	  72	6.161435e-01	4.447028e+01	1140	happy	happy_20.png	
DEV	   1	  71	   2	   0	6.518425e+02	  71	  71	6.228010e-01	4.421872e+01	1108	happy	happy_19.png	
DEV	   1	  72	   2	   0	6.583295e+02	  79	   0	6.207116e-01	4.907030e+01	1118	happy	happy_11.png	
DEV	   1	  73	   2	   0	6.642131e+02	  76	  76	6.221733e-01	4.729534e+01	1111	happy	happy_16.png	
DEV	   1	  74	   2	   0	6.712359e+02	  72	  72	6.061112e-01	4.390550e+01	1189	happy	happy_13.png	
DEV	   1	  75	   2	   0	6.780085e+02	  78	  78	6.272153e-01	4.884937e+01	1087	happy	happy_5.png	
DEV	   1	  76	   2	   0	6.843655e+02	  71	  71	5.931065e-01	4.197791e+01	1254	happy	happy_15.png	
DEV	   1	  77	   2	   0	6.907013e+02	  77	   0	6.010684e-01	4.602351e+01	1214	happy	happy_12.png	
DEV	   1	  78	   2	   0	6.973813e+02	  76	  76	6.240586e-01	4.740756e+01	1102	happy	happy_1.png	
DEV	   1	  79	   2	   0	7.043354e+02	  77	  77	5.563539e-01	4.268509e+01	1448	happy	happy_8.png	
DEV	   1	  80	   2	   0	7.110976e+02	  79	  79	5.534602e-01	4.361108e+01	1464	happy	happy_21.png	
DEV	   1	  81	   2	   0	7.183505e+02	  80	  80	5.218371e-01	4.154290e+01	1647	happy	happy_9.png	
DEV	   1	  82	   2	   0	7.248557e+02	  77	   0	5.048968e-01	3.890058e+01	1752	happy	happy_4.png	
DEV	   1	  83	   2	   0	7.312337e+02	  78	  78	6.253191e-01	4.873310e+01	1096	happy	happy_14.png	
DEV	   1	  84	   2	   0	7.377182e+02	  79	   0	6.238488e-01	4.926663e+01	1103	happy	happy_6.png	
IEV	   1	  85	   3	   0	8.079467e+02	  22	  22	8.743469e-01	1.943603e+01	 907	fear	fear_4.png	
IEV	   1	  86	   3	   0	8.131394e+02	  16	  16	8.969749e-01	1.465402e+01	 318	fear	fear_12.png	
IEV	   1	  87	   3	   0	8.200645e+02	  41	  41	7.635576e-01	3.124758e+01	1978	fear	fear_17.png	
IEV	   1	  88	   3	   0	8.278436e+02	  82	   0	5.640104e-01	4.642015e+01	3097	fear	fear_5.png	
IEV	   1	  89	   3	   0	8.346555e+02	  30	  30	8.386887e-01	2.480008e+01	1361	fear	fear_13.png	
IEV	   1	  90	   3	   0	8.400132e+02	  20	  20	8.980434e-01	1.802029e+01	 253	fear	fear_19.png	
IEV	   1	  91	   3	   0	8.470091e+02	 117	   0	4.330643e-01	5.046010e+01	3729	fear	fear_8.png	
IEV	   1	  92	   3	   0	8.550120e+02	  85	  85	5.552833e-01	4.741663e+01	3140	fear	fear_11.png	
IEV	   1	  93	   3	   0	8.623203e+02	 118	   0	4.353603e-01	5.123548e+01	3718	fear	fear_14.png	
IEV	   1	  94	   3	   0	8.695444e+02	  71	  71	5.865095e-01	4.172380e+01	2985	fear	fear_16.png	
IEV	   1	  95	   3	   0	8.762688e+02	  74	  74	5.867088e-01	4.347204e+01	2984	fear	fear_2.png	
IEV	   1	  96	   3	   0	8.836448e+02	  82	  82	5.662355e-01	4.630630e+01	3086	fear	fear_9.png	
IEV	   1	  97	   3	   0	8.915375e+02	  77	  77	5.591450e-01	4.331230e+01	3121	fear	fear_18.png	
IEV	   1	  98	   3	   0	8.981544e+02	  70	  70	5.900909e-01	4.150950e+01	2967	fear	fear_1.png	
IEV	   1	  99	   3	   0	9.058565e+02	  70	   0	5.956411e-01	4.177002e+01	2939	fear	fear_3.png	
IEV	   1	 100	   3	   0	9.138278e+02	 113	 113	4.441315e-01	4.999572e+01	3676	fear	fear_20.png	
IEV	   1	 101	   3	   0	9.210472e+02	  98	   0	5.075503e-01	4.963521e+01	3372	fear	fear_21.png	
IEV	   1	 102	   3	   0	9.282738e+02	 106	 106	4.631486e-01	4.916931e+01	3585	fear	fear_6.png	
IEV	   1	 103	   3	   0	9.357913e+02	 104	 104	4.667010e-01	4.854422e+01	3568	fear	fear_7.png	
IEV	   1	 104	   3	   0	9.437566e+02	 129	 129	4.051654e-01	5.238751e+01	3863	fear	fear_15.png	
IEV	   1	 105	   3	   0	9.507473e+02	 144	   0	3.713089e-01	5.357326e+01	4027	fear	fear_10.png	
IEV	   1	 106	   3	   0	9.591188e+02	  85	  85	5.278273e-01	4.502778e+01	3274	fear	fear_16.png	
IEV	   1	 107	   3	   0	9.671648e+02	  95	  95	4.969500e-01	4.711350e+01	3423	fear	fear_3.png	
IEV	   1	 108	   3	   0	9.743272e+02	  98	   0	4.902860e-01	4.792700e+01	3455	fear	fear_19.png	
IEV	   1	 109	   3	   0	9.824144e+02	 112	 112	4.380744e-01	4.893716e+01	3705	fear	fear_1.png	
IEV	   1	 110	   3	   0	9.901108e+02	 146	   0	3.708987e-01	5.432874e+01	4029	fear	fear_20.png	
IEV	   1	 111	   3	   0	9.982707e+02	 102	   0	4.934109e-01	5.024618e+01	3440	fear	fear_13.png	
IEV	   1	 112	   3	   0	1.005936e+03	  97	   0	4.950767e-01	4.819497e+01	3432	fear	fear_15.png	
IEV	   1	 113	   3	   0	1.012943e+03	 101	 101	4.721327e-01	4.782202e+01	3542	fear	fear_5.png	
IEV	   1	 114	   3	   0	1.020442e+03	 108	   0	4.754742e-01	5.146716e+01	3526	fear	fear_7.png	
IEV	   1	 115	   3	   0	1.028750e+03	 104	 104	4.721327e-01	4.923842e+01	3542	fear	fear_6.png	
IEV	   1	 116	   3	   0	1.036356e+03	 104	   0	4.723416e-01	4.922916e+01	3541	fear	fear_18.png	
IEV	   1	 117	   3	   0	1.044227e+03	 102	 102	4.871594e-01	4.953542e+01	3470	fear	fear_2.png	
IEV	   1	 118	   3	   0	1.051209e+03	 100	   0	4.823623e-01	4.829746e+01	3493	fear	fear_21.png	
IEV	   1	 119	   3	   0	1.059166e+03	 106	   0	4.516539e-01	4.786652e+01	3640	fear	fear_4.png	
IEV	   1	 120	   3	   0	1.065865e+03	  95	   0	5.177060e-01	4.918354e+01	3323	fear	fear_14.png	
IEV	   1	 121	   3	   0	1.073575e+03	  53	  53	6.721085e-01	3.548640e+01	2536	fear	fear_10.png	
IEV	   1	 122	   3	   0	1.081813e+03	  73	   0	5.829181e-01	4.252011e+01	3003	fear	fear_8.png	
IEV	   1	 123	   3	   0	1.089373e+03	 123	   0	4.091113e-01	5.019649e+01	3844	fear	fear_12.png	
IEV	   1	 124	   3	   0	1.096854e+03	  97	   0	4.831969e-01	4.680916e+01	3489	fear	fear_11.png	
IEV	   1	 125	   3	   0	1.104404e+03	  97	   0	4.967419e-01	4.811714e+01	3424	fear	fear_9.png	
IEV	   1	 126	   3	   0	1.112778e+03	 131	   0	4.030903e-01	5.286649e+01	3873	fear	fear_17.png	
CEVR	   1	 127	   4	   0	1.186429e+03	 128	   0	2.985935e-01	3.819437e+01	1963	scram	scram_11.png	
CEVR	   1	 128	   4	   0	1.192264e+03	 171	 171	2.191201e-01	3.743824e+01	 390	scram	scram_2.png	
CEVR	   1	 129	   4	   0	1.198038e+03	 167	   0	2.147595e-01	3.592620e+01	 270	scram	scram_4.png	
CEVR	   1	 130	   4	   0	1.204119e+03	 166	   0	2.226233e-01	3.700000e+01	 483	scram	scram_9.png	
CEVR	   1	 131	   4	   0	1.210037e+03	 168	   0	2.254919e-01	3.790197e+01	 557	scram	scram_19.png	
CEVR	   1	 132	   4	   0	1.217300e+03	 117	   0	3.196742e-01	3.731967e+01	2249	scram	scram_5.png	
CEVR	   1	 133	   4	   0	1.222973e+03	 170	   0	2.219746e-01	3.766592e+01	 466	scram	scram_21.png	
CEVR	   1	 134	   4	   0	1.230065e+03	  77	  77	4.636591e-01	3.560902e+01	3507	scram	scram_3.png	
CEVR	   1	 135	   4	   0	1.237125e+03	  80	  80	4.868421e-01	3.894737e+01	3640	scram	scram_14.png	
CEVR	   1	 136	   4	   0	1.244823e+03	  65	   0	5.702334e-01	  37	4029	scram	scram_17.png	
CEVR	   1	 137	   4	   0	1.251759e+03	 162	   0	2.351553e-01	3.817578e+01	 793	scram	scram_12.png	
CEVR	   1	 138	   4	   0	1.258354e+03	 166	   0	2.235457e-01	3.700000e+01	 507	scram	scram_20.png	
CEVR	   1	 139	   4	   0	1.264881e+03	 160	   0	2.260824e-01	3.609567e+01	 572	scram	scram_13.png	
CEVR	   1	 140	   4	   0	1.271233e+03	 134	 134	2.655865e-01	3.567207e+01	1424	scram	scram_8.png	
CEVR	   1	 141	   4	   0	1.277098e+03	 139	 139	2.670103e-01	3.700000e+01	1450	scram	scram_18.png	
CEVR	   1	 142	   4	   0	1.284070e+03	 141	   0	2.676726e-01	3.780302e+01	1462	scram	scram_10.png	
CEVR	   1	 143	   4	   0	1.291134e+03	 141	 141	2.668453e-01	3.753369e+01	1447	scram	scram_15.png	
CEVR	   1	 144	   4	   0	1.297728e+03	 139	   0	2.699604e-01	3.753992e+01	1503	scram	scram_16.png	
CEVR	   1	 145	   4	   0	1.304066e+03	 145	   0	2.640163e-01	3.832008e+01	1395	scram	scram_1.png	
CEVR	   1	 146	   4	   0	1.310939e+03	 141	   0	2.675067e-01	3.780252e+01	1459	scram	scram_7.png	
CEVR	   1	 147	   4	   0	1.317941e+03	 107	   0	3.425926e-01	3.665741e+01	2520	scram	scram_6.png	
CEVR	   1	 148	   4	   0	1.324912e+03	 134	 134	2.673962e-01	3.593042e+01	1457	scram	scram_16.png	
CEVR	   1	 149	   4	   0	1.333032e+03	  87	  87	4.111111e-01	3.576667e+01	3150	scram	scram_15.png	
CEVR	   1	 150	   4	   0	1.339451e+03	 150	   0	2.516518e-01	3.775496e+01	1154	scram	scram_8.png	
CEVR	   1	 151	   4	   0	1.345737e+03	 151	   0	2.390181e-01	3.604393e+01	 882	scram	scram_4.png	
CEVR	   1	 152	   4	   0	1.352846e+03	  97	   0	3.806584e-01	  37	2898	scram	scram_1.png	
CEVR	   1	 153	   4	   0	1.359618e+03	 135	   0	2.790347e-01	3.755807e+01	1659	scram	scram_5.png	
CEVR	   1	 154	   4	   0	1.366531e+03	 118	   0	3.094385e-01	3.638112e+01	2115	scram	scram_9.png	
CEVR	   1	 155	   4	   0	1.372670e+03	 135	   0	2.639087e-01	3.568046e+01	1393	scram	scram_10.png	
CEVR	   1	 156	   4	   0	1.378769e+03	 134	 134	2.704114e-01	3.618877e+01	1511	scram	scram_21.png	
CEVR	   1	 157	   4	   0	1.385861e+03	 136	 136	2.695109e-01	3.673049e+01	1495	scram	scram_18.png	
CEVR	   1	 158	   4	   0	1.392179e+03	 136	   0	2.724595e-01	  37	1547	scram	scram_11.png	
CEVR	   1	 159	   4	   0	1.398663e+03	 143	   0	2.686722e-01	3.834336e+01	1480	scram	scram_2.png	
CEVR	   1	 160	   4	   0	1.405283e+03	 132	   0	2.713178e-01	3.591473e+01	1527	scram	scram_7.png	
CEVR	   1	 161	   4	   0	1.411313e+03	 145	   0	2.525351e-01	3.649493e+01	1172	scram	scram_13.png	
CEVR	   1	 162	   4	   0	1.417719e+03	 159	   0	2.322037e-01	3.700000e+01	 723	scram	scram_3.png	
CEVR	   1	 163	   4	   0	1.424219e+03	 136	   0	2.702985e-01	3.672970e+01	1509	scram	scram_14.png	
CEVR	   1	 164	   4	   0	1.431778e+03	  74	   0	4.844744e-01	3.603105e+01	3627	scram	scram_19.png	
CEVR	   1	 165	   4	   0	1.437329e+03	 153	   0	2.448941e-01	3.748979e+01	1012	scram	scram_17.png	
CEVR	   1	 166	   4	   0	1.444028e+03	 162	   0	2.315394e-01	3.746308e+01	 707	scram	scram_6.png	
CEVR	   1	 167	   4	   0	1.450635e+03	 134	 134	2.710339e-01	3.618690e+01	1522	scram	scram_20.png	
CEVR	   1	 168	   4	   0	1.457976e+03	 151	 151	2.533751e-01	3.826688e+01	1189	scram	scram_12.png	
CEV	   1	 169	   5	   0	1.529771e+03	  55	  55	6.124286e-01	3.393786e+01	2013	happy	happy_19.png	
CEV	   1	 170	   5	   0	1.536435e+03	  65	   0	6.092857e-01	3.943714e+01	2035	happy	happy_15.png	
CEV	   1	 171	   5	   0	1.542650e+03	  47	  47	7.377143e-01	3.478686e+01	1136	happy	happy_18.png	
CEV	   1	 172	   5	   0	1.550073e+03	  77	   0	4.782857e-01	3.700000e+01	2952	happy	happy_13.png	
CEV	   1	 173	   5	   0	1.557566e+03	  89	   0	4.014286e-01	3.579571e+01	3490	happy	happy_8.png	
CEV	   1	 174	   5	   0	1.565962e+03	 115	   0	3.247143e-01	3.732471e+01	4027	happy	happy_11.png	
CEV	   1	 175	   5	   0	1.571706e+03	  46	  46	7.580000e-01	3.472600e+01	 994	happy	happy_12.png	
CEV	   1	 176	   5	   0	1.578375e+03	  49	  49	7.510000e-01	  37	1043	happy	happy_7.png	
CEV	   1	 177	   5	   0	1.584852e+03	  49	  49	7.774286e-01	3.777743e+01	 858	happy	happy_3.png	
CEV	   1	 178	   5	   0	1.591476e+03	  46	  46	7.924286e-01	3.620757e+01	 753	happy	happy_20.png	
CEV	   1	 179	   5	   0	1.598724e+03	  76	  76	4.715714e-01	3.605686e+01	2999	happy	happy_9.png	
CEV	   1	 180	   5	   0	1.606831e+03	 115	   0	3.244286e-01	3.732443e+01	4029	happy	happy_17.png	
CEV	   1	 181	   5	   0	1.613911e+03	  83	   0	4.622857e-01	3.838686e+01	3064	happy	happy_6.png	
CEV	   1	 182	   5	   0	1.620854e+03	  91	  91	4.158571e-01	3.783171e+01	3389	happy	happy_2.png	
CEV	   1	 183	   5	   0	1.628552e+03	  60	  60	6.287143e-01	3.762871e+01	1899	happy	happy_4.png	
CEV	   1	 184	   5	   0	1.637058e+03	 118	   0	3.245714e-01	3.829829e+01	4028	happy	happy_5.png	
CEV	   1	 185	   5	   0	1.643721e+03	  56	  56	6.961429e-01	3.908843e+01	1427	happy	happy_1.png	
CEV	   1	 186	   5	   0	1.651228e+03	 115	   0	3.242857e-01	3.732429e+01	4030	happy	happy_14.png	
CEV	   1	 187	   5	   0	1.657846e+03	  51	  51	7.091429e-01	3.629086e+01	1336	happy	happy_16.png	
CEV	   1	 188	   5	   0	1.664158e+03	  51	  51	6.821429e-01	3.495357e+01	1525	happy	happy_10.png	
CEV	   1	 189	   5	   0	1.670855e+03	  53	  53	6.865714e-01	3.631343e+01	1494	happy	happy_21.png	
CEV	   1	 190	   5	   0	1.677685e+03	  56	  56	6.771429e-01	3.767714e+01	1560	happy	happy_9.png	
CEV	   1	 191	   5	   0	1.684391e+03	  56	   0	6.865714e-01	3.837314e+01	1494	happy	happy_7.png	
CEV	   1	 192	   5	   0	1.690247e+03	  56	  56	6.698571e-01	3.766986e+01	1611	happy	happy_18.png	
CEV	   1	 193	   5	   0	1.697346e+03	  55	  55	6.288571e-01	3.448457e+01	1898	happy	happy_15.png	
CEV	   1	 194	   5	   0	1.703437e+03	  56	  56	6.597143e-01	  37	1682	happy	happy_17.png	
CEV	   1	 195	   5	   0	1.710237e+03	  53	   0	6.858571e-01	3.631414e+01	1499	happy	happy_3.png	
CEV	   1	 196	   5	   0	1.717437e+03	 116	   0	3.257143e-01	3.765143e+01	4020	happy	happy_5.png	
CEV	   1	 197	   5	   0	1.724161e+03	  54	  54	6.791429e-01	  37	1546	happy	happy_2.png	
CEV	   1	 198	   5	   0	1.730494e+03	  51	  51	6.764286e-01	3.429429e+01	1565	happy	happy_13.png	
CEV	   1	 199	   5	   0	1.737045e+03	  58	  58	6.718571e-01	3.901557e+01	1597	happy	happy_12.png	
CEV	   1	 200	   5	   0	1.743482e+03	  51	  51	6.755714e-01	3.429771e+01	1571	happy	happy_11.png	
CEV	   1	 201	   5	   0	1.750738e+03	  52	  52	6.702857e-01	3.498914e+01	1608	happy	happy_4.png	
CEV	   1	 202	   5	   0	1.758624e+03	  63	  63	5.761429e-01	3.642386e+01	2267	happy	happy_19.png	
CEV	   1	 203	   5	   0	1.766432e+03	  99	   0	3.728571e-01	3.700000e+01	3690	happy	happy_6.png	
CEV	   1	 204	   5	   0	1.773497e+03	  55	   0	6.680000e-01	3.700000e+01	1624	happy	happy_16.png	
CEV	   1	 205	   5	   0	1.780701e+03	  66	   0	5.707143e-01	3.757071e+01	2305	happy	happy_21.png	
CEV	   1	 206	   5	   0	1.788906e+03	 111	   0	3.244286e-01	3.602671e+01	4029	happy	happy_8.png	
CEV	   1	 207	   5	   0	1.794849e+03	  53	  53	6.744286e-01	3.565114e+01	1579	happy	happy_10.png	
CEV	   1	 208	   5	   0	1.802453e+03	 116	   0	3.254286e-01	3.765086e+01	4022	happy	happy_1.png	
CEV	   1	 209	   5	   0	1.808454e+03	  52	  52	6.862857e-01	3.562743e+01	1496	happy	happy_20.png	
CEV	   1	 210	   5	   0	1.815372e+03	  56	   0	6.815714e-01	3.836314e+01	1529	happy	happy_14.png	
IEV	   1	 211	   6	   0	1.932605e+03	  21	  21	8.701336e-01	1.829805e+01	 974	scram	scram_1.png	
IEV	   1	 212	   6	   0	1.940409e+03	 145	   0	3.725400e-01	5.390464e+01	4021	scram	scram_2.png	
IEV	   1	 213	   6	   0	1.946881e+03	  43	  43	7.551520e-01	3.270928e+01	2035	scram	scram_20.png	
IEV	   1	 214	   6	   0	1.954294e+03	 148	   0	3.706936e-01	5.470586e+01	4030	scram	scram_19.png	
IEV	   1	 215	   6	   0	1.960531e+03	  29	  29	8.384944e-01	2.398333e+01	1363	scram	scram_21.png	
IEV	   1	 216	   6	   0	1.967032e+03	  17	  17	8.974492e-01	1.545128e+01	 291	scram	scram_16.png	
IEV	   1	 217	   6	   0	1.972832e+03	  18	  18	8.856393e-01	1.590189e+01	 689	scram	scram_11.png	
IEV	   1	 218	   6	   0	1.979712e+03	  54	  54	6.874322e-01	3.711713e+01	2450	scram	scram_10.png	
IEV	   1	 219	   6	   0	1.986726e+03	  53	   0	6.757075e-01	3.590253e+01	2516	scram	scram_9.png	
IEV	   1	 220	   6	   0	1.993887e+03	 124	 124	4.159735e-01	5.156946e+01	3811	scram	scram_3.png	
IEV	   1	 221	   6	   0	2.001169e+03	  52	  52	6.869044e-01	3.578035e+01	2453	scram	scram_13.png	
IEV	   1	 222	   6	   0	2.008797e+03	  78	   0	5.554868e-01	4.351823e+01	3139	scram	scram_15.png	
IEV	   1	 223	   6	   0	2.017612e+03	 141	   0	3.706936e-01	5.211101e+01	4030	scram	scram_17.png	
IEV	   1	 224	   6	   0	2.024725e+03	 141	   0	3.708987e-01	5.247425e+01	4029	scram	scram_8.png	
IEV	   1	 225	   6	   0	2.032634e+03	 140	   0	3.719243e-01	5.206500e+01	4024	scram	scram_5.png	
IEV	   1	 226	   6	   0	2.040096e+03	 120	   0	4.159735e-01	4.990557e+01	3811	scram	scram_7.png	
IEV	   1	 227	   6	   0	2.047884e+03	 130	   0	4.055806e-01	5.277786e+01	3861	scram	scram_4.png	
IEV	   1	 228	   6	   0	2.054195e+03	  17	  17	8.923390e-01	1.558603e+01	 508	scram	scram_6.png	
IEV	   1	 229	   6	   0	2.060399e+03	  26	  26	8.617639e-01	2.203100e+01	1093	scram	scram_18.png	
IEV	   1	 230	   6	   0	2.066835e+03	  22	   0	8.825060e-01	1.907082e+01	 757	scram	scram_14.png	
IEV	   1	 231	   6	   0	2.073599e+03	  26	  26	8.334278e-01	2.204735e+01	1414	scram	scram_12.png	
IEV	   1	 232	   6	   0	2.081153e+03	  30	  30	8.139686e-01	2.415265e+01	1593	scram	scram_15.png	
IEV	   1	 233	   6	   0	2.088910e+03	  48	  48	7.298705e-01	3.471417e+01	2198	scram	scram_19.png	
IEV	   1	 234	   6	   0	2.097420e+03	 144	   0	3.706936e-01	5.322309e+01	4030	scram	scram_5.png	
IEV	   1	 235	   6	   0	2.104366e+03	  35	  35	8.159280e-01	2.884394e+01	1576	scram	scram_6.png	
IEV	   1	 236	   6	   0	2.110608e+03	  38	  38	7.929844e-01	3.021439e+01	1764	scram	scram_21.png	
IEV	   1	 237	   6	   0	2.117248e+03	  39	   0	7.931138e-01	3.099569e+01	1763	scram	scram_11.png	
IEV	   1	 238	   6	   0	2.124560e+03	 141	   0	3.717192e-01	5.244440e+01	4025	scram	scram_20.png	
IEV	   1	 239	   6	   0	2.131561e+03	  56	  56	6.814217e-01	3.821774e+01	2484	scram	scram_16.png	
IEV	   1	 240	   6	   0	2.138145e+03	  34	  34	8.299319e-01	2.824854e+01	1448	scram	scram_10.png	
IEV	   1	 241	   6	   0	2.145946e+03	 112	 112	4.426692e-01	4.961511e+01	3683	scram	scram_1.png	
IEV	   1	 242	   6	   0	2.153495e+03	 111	   0	4.648204e-01	5.141903e+01	3577	scram	scram_12.png	
IEV	   1	 243	   6	   0	2.161601e+03	 115	   0	4.414159e-01	5.055221e+01	3689	scram	scram_14.png	
IEV	   1	 244	   6	   0	2.168126e+03	  35	  35	7.972127e-01	2.823102e+01	1731	scram	scram_4.png	
IEV	   1	 245	   6	   0	2.175320e+03	  68	   0	6.136877e-01	4.190008e+01	2847	scram	scram_7.png	
IEV	   1	 246	   6	   0	2.183928e+03	 143	   0	3.717192e-01	5.318784e+01	4025	scram	scram_8.png	
IEV	   1	 247	   6	   0	2.191726e+03	 125	 125	4.059958e-01	5.073304e+01	3859	scram	scram_9.png	
IEV	   1	 248	   6	   0	2.199370e+03	 116	 116	4.251381e-01	4.950983e+01	3767	scram	scram_13.png	
IEV	   1	 249	   6	   0	2.206111e+03	 119	   0	4.265975e-01	5.072585e+01	3760	scram	scram_2.png	
IEV	   1	 250	   6	   0	2.214041e+03	 134	   0	3.898394e-01	5.215841e+01	3937	scram	scram_18.png	
IEV	   1	 251	   6	   0	2.222238e+03	 130	   0	4.043352e-01	5.241792e+01	3867	scram	scram_17.png	
IEV	   1	 252	   6	   0	2.229787e+03	 125	   0	4.232623e-01	5.297760e+01	3776	scram	scram_3.png	
#02-Apr-2013
CEVR	   2	 253	   7	   0	3.910901e+01	  97	   0	3.902954e-01	3.778059e+01	2982	happy	happy_5.png	
CEVR	   2	 254	   7	   0	4.507435e+01	 150	 150	2.448015e-01	3.675520e+01	1010	happy	happy_3.png	
CEVR	   2	 255	   7	   0	5.191551e+01	 151	   0	2.425548e-01	3.651489e+01	 961	happy	happy_10.png	
CEVR	   2	 256	   7	   0	5.788975e+01	 149	 149	2.455442e-01	3.650891e+01	1026	happy	happy_1.png	
CEVR	   2	 257	   7	   0	6.496415e+01	 154	   0	2.456373e-01	3.773691e+01	1028	happy	happy_9.png	
CEVR	   2	 258	   7	   0	7.146569e+01	 153	   0	2.475626e-01	3.799025e+01	1069	happy	happy_7.png	
CEVR	   2	 259	   7	   0	7.733147e+01	 154	   0	2.448478e-01	3.773454e+01	1011	happy	happy_14.png	
CEVR	   2	 260	   7	   0	8.374885e+01	 157	   0	2.401706e-01	3.772051e+01	 908	happy	happy_17.png	
CEVR	   2	 261	   7	   0	8.992453e+01	 150	 150	2.455442e-01	3.675446e+01	1026	happy	happy_6.png	
CEVR	   2	 262	   7	   0	9.616473e+01	 156	   0	2.424186e-01	3.772726e+01	 958	happy	happy_16.png	
CEVR	   2	 263	   7	   0	1.023371e+02	 149	   0	2.453581e-01	3.650928e+01	1022	happy	happy_11.png	
CEVR	   2	 264	   7	   0	1.088178e+02	 149	   0	2.461041e-01	3.675390e+01	1038	happy	happy_19.png	
CEVR	   2	 265	   7	   0	1.156796e+02	 126	 126	3.010928e-01	3.790328e+01	1999	happy	happy_13.png	
CEVR	   2	 266	   7	   0	1.220544e+02	 155	   0	2.454046e-01	3.798162e+01	1023	happy	happy_4.png	
CEVR	   2	 267	   7	   0	1.280339e+02	 150	   0	2.459639e-01	3.700000e+01	1035	happy	happy_12.png	
CEVR	   2	 268	   7	   0	1.348180e+02	 151	 151	2.463382e-01	3.724634e+01	1043	happy	happy_21.png	
CEVR	   2	 269	   7	   0	1.410010e+02	 147	   0	2.462445e-01	3.626127e+01	1041	happy	happy_18.png	
CEVR	   2	 270	   7	   0	1.481763e+02	 124	   0	3.029240e-01	3.760585e+01	2025	happy	happy_8.png	
CEVR	   2	 271	   7	   0	1.560883e+02	  94	  94	4.044347e-01	3.821330e+01	3098	happy	happy_2.png	
CEVR	   2	 272	   7	   0	1.636857e+02	  69	  69	5.324836e-01	  37	3868	happy	happy_15.png	
CEVR	   2	 273	   7	   0	1.713119e+02	  64	  64	5.454928e-01	3.481803e+01	3926	happy	happy_20.png	
CEVR	   2	 274	   7	   0	1.785941e+02	 152	   0	2.460574e-01	3.749211e+01	1037	happy	happy_15.png	
CEVR	   2	 275	   7	   0	1.860818e+02	 119	   0	3.044909e-01	3.608653e+01	2047	happy	happy_4.png	
CEVR	   2	 276	   7	   0	1.917344e+02	 148	 148	2.432839e-01	3.602686e+01	 977	happy	happy_18.png	
CEVR	   2	 277	   7	   0	1.981191e+02	 154	   0	2.462914e-01	3.798517e+01	1042	happy	happy_12.png	
CEVR	   2	 278	   7	   0	2.044830e+02	 127	   0	3.009528e-01	3.820381e+01	1997	happy	happy_5.png	
CEVR	   2	 279	   7	   0	2.111693e+02	 123	   0	3.042048e-01	3.730420e+01	2043	happy	happy_3.png	
CEVR	   2	 280	   7	   0	2.184758e+02	 124	   0	3.071632e-01	3.822865e+01	2084	happy	happy_11.png	
CEVR	   2	 281	   7	   0	2.263545e+02	  66	   0	5.236555e-01	3.438172e+01	3827	happy	happy_2.png	
CEVR	   2	 282	   7	   0	2.343205e+02	  96	   0	3.891226e-01	3.738912e+01	2972	happy	happy_19.png	
CEVR	   2	 283	   7	   0	2.415821e+02	  72	  72	5.161419e-01	  37	3791	happy	happy_1.png	
CEVR	   2	 284	   7	   0	2.476441e+02	 155	 155	2.439254e-01	3.773178e+01	 991	happy	happy_6.png	
CEVR	   2	 285	   7	   0	2.554628e+02	  74	   0	4.994215e-01	  37	3707	happy	happy_20.png	
CEVR	   2	 286	   7	   0	2.614402e+02	 152	   0	2.454511e-01	3.724545e+01	1024	happy	happy_17.png	
CEVR	   2	 287	   7	   0	2.677323e+02	 152	   0	2.467607e-01	3.749352e+01	1052	happy	happy_14.png	
CEVR	   2	 288	   7	   0	2.743574e+02	 116	   0	3.096604e-01	3.607102e+01	2118	happy	happy_13.png	
CEVR	   2	 289	   7	   0	2.823455e+02	  66	   0	5.272801e-01	3.489088e+01	3844	happy	happy_7.png	
CEVR	   2	 290	   7	   0	2.901532e+02	  94	   0	4.024239e-01	3.780485e+01	3082	happy	happy_8.png	
CEVR	   2	 291	   7	   0	2.965239e+02	 155	   0	2.446165e-01	3.797847e+01	1006	happy	happy_10.png	
CEVR	   2	 292	   7	   0	3.032347e+02	 175	   0	2.153309e-01	3.764599e+01	 286	happy	happy_9.png	
CEVR	   2	 293	   7	   0	3.088150e+02	 155	   0	2.455442e-01	3.798218e+01	1026	happy	happy_16.png	
CEVR	   2	 294	   7	   0	3.149992e+02	 145	 145	2.459172e-01	3.577041e+01	1034	happy	happy_21.png	
DEV	   2	 295	   8	   0	3.842038e+02	  83	   0	4.664334e-01	3.874108e+01	2013	scram	scram_17.png	
DEV	   2	 296	   8	   0	3.902167e+02	  78	  78	6.267933e-01	4.882352e+01	1089	scram	scram_12.png	
DEV	   2	 297	   8	   0	3.969124e+02	  72	  72	7.761311e-01	5.550778e+01	 455	scram	scram_21.png	
DEV	   2	 298	   8	   0	4.033491e+02	  68	  68	7.057265e-01	4.778480e+01	 738	scram	scram_10.png	
DEV	   2	 299	   8	   0	4.094017e+02	  72	  72	6.981327e-01	5.021681e+01	 770	scram	scram_14.png	
DEV	   2	 300	   8	   0	4.170010e+02	  78	  78	5.195283e-01	4.035093e+01	1661	scram	scram_1.png	
DEV	   2	 301	   8	   0	4.242716e+02	  77	  77	3.962817e-01	3.052514e+01	2604	scram	scram_4.png	
DEV	   2	 302	   8	   0	4.306927e+02	  68	  68	7.141204e-01	4.889131e+01	 703	scram	scram_19.png	
DEV	   2	 303	   8	   0	4.373983e+02	  69	  69	6.739939e-01	4.624525e+01	 874	scram	scram_11.png	
DEV	   2	 304	   8	   0	4.432608e+02	  70	  70	7.433333e-01	5.171917e+01	 584	scram	scram_5.png	
DEV	   2	 305	   8	   0	4.504021e+02	  78	  78	5.756726e-01	4.503293e+01	1344	scram	scram_9.png	
DEV	   2	 306	   8	   0	4.573044e+02	  79	  79	4.593643e-01	3.640369e+01	2065	scram	scram_13.png	
DEV	   2	 307	   8	   0	4.637064e+02	  73	  73	5.534602e-01	4.029032e+01	1464	scram	scram_20.png	
DEV	   2	 308	   8	   0	4.701531e+02	  77	   0	7.021572e-01	5.393541e+01	 753	scram	scram_6.png	
DEV	   2	 309	   8	   0	4.774239e+02	  79	  79	3.964854e-01	3.133140e+01	2602	scram	scram_3.png	
DEV	   2	 310	   8	   0	4.850474e+02	  85	   0	2.875916e-01	2.454752e+01	3908	scram	scram_18.png	
DEV	   2	 311	   8	   0	4.914380e+02	  79	  79	4.368081e-01	3.444890e+01	2241	scram	scram_2.png	
DEV	   2	 312	   8	   0	4.971543e+02	  78	  78	6.699013e-01	5.206973e+01	 892	scram	scram_16.png	
DEV	   2	 313	   8	   0	5.039418e+02	  68	  68	7.309339e-01	4.967381e+01	 634	scram	scram_15.png	
DEV	   2	 314	   8	   0	5.109189e+02	  79	   0	3.760077e-01	2.957009e+01	2813	scram	scram_7.png	
DEV	   2	 315	   8	   0	5.165686e+02	  72	  72	7.501029e-01	5.428107e+01	 557	scram	scram_8.png	
DEV	   2	 316	   8	   0	5.229693e+02	  76	   0	7.250462e-01	5.520334e+01	 658	scram	scram_6.png	
DEV	   2	 317	   8	   0	5.290993e+02	  73	  73	7.607344e-01	5.555262e+01	 515	scram	scram_5.png	
DEV	   2	 318	   8	   0	5.358527e+02	  83	   0	4.734120e-01	3.923264e+01	1963	scram	scram_18.png	
DEV	   2	 319	   8	   0	5.416457e+02	  81	   0	5.950847e-01	4.803823e+01	1244	scram	scram_2.png	
DEV	   2	 320	   8	   0	5.479061e+02	  76	  76	6.967175e-01	5.293026e+01	 776	scram	scram_14.png	
DEV	   2	 321	   8	   0	5.547961e+02	  79	   0	3.738896e-01	2.942792e+01	2836	scram	scram_7.png	
DEV	   2	 322	   8	   0	5.614236e+02	  71	  71	6.228010e-01	4.421872e+01	1108	scram	scram_12.png	
DEV	   2	 323	   8	   0	5.677082e+02	  82	  82	5.254967e-01	4.283573e+01	1625	scram	scram_1.png	
DEV	   2	 324	   8	   0	5.736085e+02	  70	  70	7.257798e-01	5.088847e+01	 655	scram	scram_15.png	
DEV	   2	 325	   8	   0	5.794586e+02	  71	  71	7.508582e-01	5.356693e+01	 554	scram	scram_21.png	
DEV	   2	 326	   8	   0	5.856933e+02	  66	   0	7.592082e-01	5.016411e+01	 521	scram	scram_19.png	
DEV	   2	 327	   8	   0	5.920116e+02	  73	   0	7.170193e-01	5.261329e+01	 691	scram	scram_8.png	
DEV	   2	 328	   8	   0	5.998127e+02	  77	  77	4.616545e-01	3.563339e+01	2048	scram	scram_17.png	
DEV	   2	 329	   8	   0	6.070964e+02	  77	  77	3.948613e-01	3.043242e+01	2618	scram	scram_4.png	
DEV	   2	 330	   8	   0	6.139308e+02	  79	  79	5.431452e-01	4.294195e+01	1522	scram	scram_20.png	
DEV	   2	 331	   8	   0	6.205241e+02	  77	  77	6.820242e-01	5.278109e+01	 839	scram	scram_10.png	
DEV	   2	 332	   8	   0	6.273866e+02	  86	   0	3.990484e-01	3.429695e+01	2577	scram	scram_3.png	
DEV	   2	 333	   8	   0	6.337318e+02	  76	   0	6.584441e-01	5.006993e+01	 943	scram	scram_16.png	
DEV	   2	 334	   8	   0	6.412028e+02	  74	  74	5.668323e-01	4.220292e+01	1391	scram	scram_9.png	
DEV	   2	 335	   8	   0	6.468316e+02	  74	   0	6.662848e-01	4.919012e+01	 908	scram	scram_11.png	
DEV	   2	 336	   8	   0	6.539313e+02	  82	  82	4.615192e-01	3.793223e+01	2049	scram	scram_13.png	
CEVR	   2	 337	   9	   0	7.245840e+02	  70	  70	5.092411e-01	3.547228e+01	3757	fear	fear_5.png	
CEVR	   2	 338	   9	   0	7.324608e+02	  79	   0	4.468599e-01	3.521256e+01	3402	fear	fear_4.png	
CEVR	   2	 339	   9	   0	7.401125e+02	  94	  94	3.867981e-01	3.622640e+01	2952	fear	fear_14.png	
CEVR	   2	 340	   9	   0	7.475841e+02	  92	   0	3.913569e-01	3.582593e+01	2991	fear	fear_20.png	
CEVR	   2	 341	   9	   0	7.554171e+02	  93	   0	4.065934e-01	3.781319e+01	3115	fear	fear_10.png	
CEVR	   2	 342	   9	   0	7.616890e+02	 156	 156	2.440173e-01	3.797607e+01	 993	fear	fear_8.png	
CEVR	   2	 343	   9	   0	7.697363e+02	  87	   0	4.375000e-01	3.787500e+01	3340	fear	fear_9.png	
CEVR	   2	 344	   9	   0	7.766481e+02	  88	  88	4.275338e-01	3.742753e+01	3271	fear	fear_17.png	
CEVR	   2	 345	   9	   0	7.829374e+02	 152	   0	2.455442e-01	3.724554e+01	1026	fear	fear_11.png	
CEVR	   2	 346	   9	   0	7.896425e+02	 146	 146	2.468547e-01	3.601258e+01	1054	fear	fear_6.png	
CEVR	   2	 347	   9	   0	7.970353e+02	 137	 137	2.773613e-01	3.810945e+01	1631	fear	fear_13.png	
CEVR	   2	 348	   9	   0	8.029407e+02	 147	 147	2.468547e-01	3.625944e+01	1054	fear	fear_1.png	
CEVR	   2	 349	   9	   0	8.097545e+02	 148	 148	2.477995e-01	3.675220e+01	1074	fear	fear_15.png	
CEVR	   2	 350	   9	   0	8.168513e+02	  97	  97	3.968740e-01	3.858750e+01	3037	fear	fear_2.png	
CEVR	   2	 351	   9	   0	8.228485e+02	 146	   0	2.460574e-01	3.601577e+01	1037	fear	fear_16.png	
CEVR	   2	 352	   9	   0	8.298715e+02	  92	  92	4.034268e-01	  37	3090	fear	fear_12.png	
CEVR	   2	 353	   9	   0	8.358281e+02	 158	   0	2.423732e-01	3.821187e+01	 957	fear	fear_19.png	
CEVR	   2	 354	   9	   0	8.418594e+02	 146	 146	2.493742e-01	3.650125e+01	1107	fear	fear_3.png	
CEVR	   2	 355	   9	   0	8.485508e+02	 149	 149	2.455907e-01	3.650882e+01	1027	fear	fear_18.png	
CEVR	   2	 356	   9	   0	8.546510e+02	 150	   0	2.463382e-01	  37	1043	fear	fear_7.png	
CEVR	   2	 357	   9	   0	8.616359e+02	 141	 141	2.648803e-01	3.726488e+01	1411	fear	fear_21.png	
CEVR	   2	 358	   9	   0	8.692310e+02	  89	   0	3.962668e-01	3.541493e+01	3032	fear	fear_14.png	
CEVR	   2	 359	   9	   0	8.770180e+02	  98	   0	3.944563e-01	3.857783e+01	3017	fear	fear_4.png	
CEVR	   2	 360	   9	   0	8.827518e+02	 144	   0	2.494222e-01	3.600231e+01	1108	fear	fear_9.png	
CEVR	   2	 361	   9	   0	8.895193e+02	 150	   0	2.432839e-01	3.651343e+01	 977	fear	fear_7.png	
CEVR	   2	 362	   9	   0	8.959629e+02	 138	 138	2.714316e-01	3.754286e+01	1529	fear	fear_12.png	
CEVR	   2	 363	   9	   0	9.027484e+02	 135	   0	2.649345e-01	3.567533e+01	1412	fear	fear_19.png	
CEVR	   2	 364	   9	   0	9.097745e+02	  87	   0	4.303755e-01	3.743038e+01	3291	fear	fear_17.png	
CEVR	   2	 365	   9	   0	9.175902e+02	  94	   0	4.011772e-01	3.780235e+01	3072	fear	fear_20.png	
CEVR	   2	 366	   9	   0	9.238408e+02	 150	   0	2.509204e-01	3.775276e+01	1139	fear	fear_3.png	
CEVR	   2	 367	   9	   0	9.299019e+02	 149	   0	2.519946e-01	3.750399e+01	1161	fear	fear_1.png	
CEVR	   2	 368	   9	   0	9.366110e+02	 132	 132	2.788544e-01	3.672115e+01	1656	fear	fear_13.png	
CEVR	   2	 369	   9	   0	9.439363e+02	  83	  83	4.606901e-01	3.838207e+01	3489	fear	fear_18.png	
CEVR	   2	 370	   9	   0	9.511523e+02	 145	   0	2.574553e-01	3.725746e+01	1270	fear	fear_6.png	
CEVR	   2	 371	   9	   0	9.575966e+02	 144	 144	2.503383e-01	3.599865e+01	1127	fear	fear_8.png	
CEVR	   2	 372	   9	   0	9.643793e+02	 151	   0	2.444780e-01	3.700000e+01	1003	fear	fear_11.png	
CEVR	   2	 373	   9	   0	9.725003e+02	  85	   0	4.585694e-01	3.883428e+01	3476	fear	fear_5.png	
CEVR	   2	 374	   9	   0	9.780892e+02	 142	 142	2.650430e-01	3.753009e+01	1414	fear	fear_21.png	
CEVR	   2	 375	   9	   0	9.853870e+02	 129	 129	2.773613e-01	3.589055e+01	1631	fear	fear_15.png	
CEVR	   2	 376	   9	   0	9.930468e+02	  93	   0	4.115030e-01	3.823451e+01	3153	fear	fear_2.png	
CEVR	   2	 377	   9	   0	9.992344e+02	 136	 136	2.761783e-01	3.755236e+01	1611	fear	fear_16.png	
CEVR	   2	 378	   9	   0	1.005756e+03	 123	 123	3.067267e-01	3.761345e+01	2078	fear	fear_10.png	
IEV	   2	 379	  10	   0	1.074990e+03	  40	  40	7.431246e-01	2.996442e+01	2114	happy	happy_16.png	
IEV	   2	 380	  10	   0	1.081580e+03	  40	  40	7.584237e-01	3.016427e+01	2013	happy	happy_12.png	
IEV	   2	 381	  10	   0	1.089138e+03	  42	  42	7.676011e-01	3.243676e+01	1950	happy	happy_15.png	
IEV	   2	 382	  10	   0	1.095237e+03	  44	  44	7.556002e-01	3.342808e+01	2032	happy	happy_3.png	
IEV	   2	 383	  10	   0	1.102216e+03	  43	   0	7.613681e-01	3.295598e+01	1993	happy	happy_14.png	
IEV	   2	 384	  10	   0	1.110162e+03	  85	  85	5.587390e-01	4.724640e+01	3123	happy	happy_4.png	
IEV	   2	 385	  10	   0	1.116558e+03	  23	  23	8.666166e-01	1.965664e+01	1026	happy	happy_17.png	
IEV	   2	 386	  10	   0	1.122987e+03	  27	  27	8.619889e-01	2.286380e+01	1090	happy	happy_7.png	
IEV	   2	 387	  10	   0	1.130708e+03	 103	 103	4.865339e-01	5.004936e+01	3473	happy	happy_18.png	
IEV	   2	 388	  10	   0	1.138287e+03	 119	 119	4.205538e-01	5.012937e+01	3789	happy	happy_13.png	
IEV	   2	 389	  10	   0	1.144129e+03	  34	  34	8.248360e-01	2.794782e+01	1496	happy	happy_20.png	
IEV	   2	 390	  10	   0	1.150868e+03	  89	   0	5.212216e-01	4.641854e+01	3306	happy	happy_6.png	
IEV	   2	 391	  10	   0	1.157953e+03	  38	  38	7.607815e-01	2.920045e+01	1997	happy	happy_5.png	
IEV	   2	 392	  10	   0	1.164380e+03	  22	  22	8.756530e-01	1.924406e+01	 885	happy	happy_2.png	
IEV	   2	 393	  10	   0	1.172276e+03	  70	  70	6.189248e-01	4.344135e+01	2820	happy	happy_19.png	
IEV	   2	 394	  10	   0	1.178094e+03	  32	  32	8.052925e-01	2.584419e+01	1666	happy	happy_11.png	
IEV	   2	 395	  10	   0	1.184365e+03	  19	  19	8.902006e-01	1.687592e+01	 573	happy	happy_9.png	
IEV	   2	 396	  10	   0	1.190492e+03	  33	  33	8.033345e-01	2.684166e+01	1682	happy	happy_1.png	
IEV	   2	 397	  10	   0	1.196297e+03	  20	  20	8.657742e-01	1.717415e+01	1038	happy	happy_8.png	
IEV	   2	 398	  10	   0	1.202599e+03	  40	  40	7.556002e-01	3.040568e+01	2032	happy	happy_10.png	
IEV	   2	 399	  10	   0	1.209420e+03	  25	  25	8.864955e-01	2.196063e+01	 669	happy	happy_21.png	
IEV	   2	 400	  10	   0	1.216216e+03	  19	  19	8.985042e-01	1.702710e+01	 219	happy	happy_1.png	
IEV	   2	 401	  10	   0	1.222869e+03	  56	  56	6.726497e-01	3.746544e+01	2533	happy	happy_11.png	
IEV	   2	 402	  10	   0	1.230549e+03	 118	   0	4.218037e-01	4.965477e+01	3783	happy	happy_3.png	
IEV	   2	 403	  10	   0	1.236966e+03	  27	  27	8.284649e-01	2.260147e+01	1462	happy	happy_16.png	
IEV	   2	 404	  10	   0	1.244761e+03	  70	  70	6.202780e-01	4.336333e+01	2813	happy	happy_9.png	
IEV	   2	 405	  10	   0	1.253267e+03	 101	 101	4.938274e-01	4.973466e+01	3438	happy	happy_20.png	
IEV	   2	 406	  10	   0	1.261517e+03	 132	 132	3.919062e-01	5.168946e+01	3927	happy	happy_21.png	
IEV	   2	 407	  10	   0	1.269394e+03	 123	   0	4.228455e-01	5.214668e+01	3778	happy	happy_10.png	
IEV	   2	 408	  10	   0	1.276281e+03	  41	  41	7.606347e-01	3.149518e+01	1998	happy	happy_4.png	
IEV	   2	 409	  10	   0	1.284041e+03	  41	  41	7.387590e-01	3.033085e+01	2142	happy	happy_7.png	
IEV	   2	 410	  10	   0	1.290865e+03	  37	  37	8.044384e-01	2.995124e+01	1673	happy	happy_2.png	
IEV	   2	 411	  10	   0	1.297811e+03	  99	  99	4.777709e-01	4.707589e+01	3515	happy	happy_15.png	
IEV	   2	 412	  10	   0	1.305375e+03	  60	  60	6.321770e-01	3.824191e+01	2751	happy	happy_6.png	
IEV	   2	 413	  10	   0	1.312170e+03	  28	  28	8.338329e-01	2.366921e+01	1410	happy	happy_13.png	
IEV	   2	 414	  10	   0	1.318161e+03	  25	  25	8.679950e-01	2.207099e+01	1006	happy	happy_8.png	
IEV	   2	 415	  10	   0	1.325046e+03	  37	  37	7.616610e-01	2.836184e+01	1991	happy	happy_5.png	
IEV	   2	 416	  10	   0	1.331858e+03	  39	  39	7.535033e-01	2.907675e+01	2046	happy	happy_17.png	
IEV	   2	 417	  10	   0	1.338888e+03	  27	  27	8.266622e-01	2.197299e+01	1479	happy	happy_14.png	
IEV	   2	 418	  10	   0	1.346317e+03	 126	 126	4.024680e-01	5.087621e+01	3876	happy	happy_12.png	
IEV	   2	 419	  10	   0	1.353532e+03	  41	  41	7.527511e-01	3.064739e+01	2051	happy	happy_18.png	
IEV	   2	 420	  10	   0	1.359697e+03	  18	  18	8.828445e-01	1.548522e+01	 750	happy	happy_19.png	
DEV	   2	 421	  11	   0	1.429644e+03	  83	   0	4.573603e-01	3.809906e+01	2080	fear	fear_15.png	
DEV	   2	 422	  11	   0	1.435242e+03	  71	  71	7.865287e-01	5.597418e+01	 415	fear	fear_14.png	
DEV	   2	 423	  11	   0	1.444045e+03	  81	  81	2.941597e-01	2.387739e+01	3824	fear	fear_13.png	
DEV	   2	 424	  11	   0	1.449768e+03	  76	  76	7.306877e-01	5.550806e+01	 635	fear	fear_2.png	
DEV	   2	 425	  11	   0	1.455282e+03	  73	  73	7.378555e-01	5.367696e+01	 606	fear	fear_18.png	
DEV	   2	 426	  11	   0	1.462339e+03	  70	  70	7.069200e-01	4.925483e+01	 733	fear	fear_11.png	
DEV	   2	 427	  11	   0	1.469418e+03	  89	  89	2.979579e-01	2.653691e+01	3775	fear	fear_8.png	
DEV	   2	 428	  11	   0	1.475495e+03	  73	  73	6.126407e-01	4.488645e+01	1157	fear	fear_20.png	
DEV	   2	 429	  11	   0	1.483989e+03	  80	   0	2.955573e-01	2.368350e+01	3806	fear	fear_12.png	
DEV	   2	 430	  11	   0	1.489868e+03	  70	   0	7.465864e-01	5.261612e+01	 571	fear	fear_6.png	
DEV	   2	 431	  11	   0	1.498270e+03	  83	   0	2.946259e-01	2.450057e+01	3818	fear	fear_5.png	
DEV	   2	 432	  11	   0	1.505242e+03	  71	  71	6.544496e-01	4.656524e+01	 961	fear	fear_17.png	
DEV	   2	 433	  11	   0	1.511026e+03	  73	   0	5.686981e-01	4.174587e+01	1381	fear	fear_21.png	
DEV	   2	 434	  11	   0	1.517351e+03	  85	  85	4.107080e-01	3.474811e+01	2467	fear	fear_10.png	
DEV	   2	 435	  11	   0	1.524579e+03	  84	  84	3.710667e-01	3.109346e+01	2867	fear	fear_4.png	
DEV	   2	 436	  11	   0	1.531499e+03	  84	   0	2.917451e-01	2.457655e+01	3855	fear	fear_16.png	
DEV	   2	 437	  11	   0	1.539887e+03	  84	  84	3.436524e-01	2.874876e+01	3188	fear	fear_9.png	
DEV	   2	 438	  11	   0	1.548359e+03	  82	   0	2.860149e-01	2.356728e+01	3928	fear	fear_7.png	
DEV	   2	 439	  11	   0	1.555560e+03	  76	  76	5.305492e-01	4.052594e+01	1595	fear	fear_19.png	
DEV	   2	 440	  11	   0	1.562789e+03	  80	   0	4.594985e-01	3.687215e+01	2064	fear	fear_1.png	
DEV	   2	 441	  11	   0	1.570548e+03	  78	  78	4.505329e-01	3.536115e+01	2132	fear	fear_3.png	
DEV	   2	 442	  11	   0	1.577120e+03	  66	  66	8.020535e-01	5.263270e+01	 356	fear	fear_5.png	
DEV	   2	 443	  11	   0	1.583049e+03	  70	  70	7.221181e-01	5.071122e+01	 670	fear	fear_19.png	
DEV	   2	 444	  11	   0	1.590956e+03	  86	   0	3.094202e-01	2.652473e+01	3626	fear	fear_14.png	
DEV	   2	 445	  11	   0	1.597033e+03	  75	  75	7.480918e-01	5.642727e+01	 565	fear	fear_3.png	
DEV	   2	 446	  11	   0	1.603335e+03	  74	   0	5.280139e-01	3.931065e+01	1610	fear	fear_20.png	
DEV	   2	 447	  11	   0	1.611432e+03	  85	   0	3.589960e-01	3.057629e+01	3004	fear	fear_4.png	
DEV	   2	 448	  11	   0	1.619365e+03	  86	  86	2.902600e-01	2.504405e+01	3874	fear	fear_1.png	
DEV	   2	 449	  11	   0	1.625840e+03	  76	  76	6.548922e-01	4.986330e+01	 959	fear	fear_8.png	
DEV	   2	 450	  11	   0	1.632454e+03	  70	  70	6.824860e-01	4.803055e+01	 837	fear	fear_2.png	
DEV	   2	 451	  11	   0	1.638581e+03	  82	  82	4.596327e-01	3.780053e+01	2063	fear	fear_15.png	
DEV	   2	 452	  11	   0	1.645421e+03	  71	  71	6.705817e-01	4.741589e+01	 889	fear	fear_12.png	
DEV	   2	 453	  11	   0	1.653344e+03	  86	   0	3.722461e-01	3.192319e+01	2854	fear	fear_21.png	
DEV	   2	 454	  11	   0	1.660114e+03	  81	  81	4.756833e-01	3.844084e+01	1947	fear	fear_10.png	
DEV	   2	 455	  11	   0	1.668224e+03	  89	   0	2.939264e-01	2.621181e+01	3827	fear	fear_9.png	
DEV	   2	 456	  11	   0	1.674433e+03	  81	  81	4.650592e-01	3.771392e+01	2023	fear	fear_17.png	
DEV	   2	 457	  11	   0	1.680489e+03	  83	   0	4.274542e-01	3.553290e+01	2319	fear	fear_6.png	
DEV	   2	 458	  11	   0	1.686740e+03	  68	  68	7.131565e-01	4.884562e+01	 707	fear	fear_11.png	
DEV	   2	 459	  11	   0	1.693309e+03	  73	  73	6.151108e-01	4.502755e+01	1145	fear	fear_16.png	
DEV	   2	 460	  11	   0	1.699160e+03	  74	  74	6.230104e-01	4.609918e+01	1107	fear	fear_18.png	
DEV	   2	 461	  11	   0	1.704878e+03	  72	  72	6.367950e-01	4.561228e+01	1042	fear	fear_13.png	
DEV	   2	 462	  11	   0	1.711640e+03	  70	   0	6.186303e-01	4.337203e+01	1128	fear	fear_7.png	
CEV	   2	 463	  12	   0	1.780795e+03	  62	   0	6.124286e-01	3.822486e+01	2013	scram	scram_17.png	
CEV	   2	 464	  12	   0	1.787742e+03	  53	   0	6.578571e-01	3.502643e+01	1695	scram	scram_1.png	
CEV	   2	 465	  12	   0	1.794367e+03	  52	  52	7.495714e-01	3.924871e+01	1053	scram	scram_13.png	
CEV	   2	 466	  12	   0	1.800005e+03	  45	  45	8.025714e-01	3.619743e+01	 682	scram	scram_16.png	
CEV	   2	 467	  12	   0	1.808398e+03	  77	  77	5.021429e-01	3.850643e+01	2785	scram	scram_18.png	
CEV	   2	 468	  12	   0	1.814393e+03	  43	  43	7.868571e-01	3.385257e+01	 792	scram	scram_4.png	
CEV	   2	 469	  12	   0	1.821727e+03	  94	   0	4.040000e-01	3.780800e+01	3472	scram	scram_7.png	
CEV	   2	 470	  12	   0	1.828862e+03	  72	  72	5.185714e-01	3.751857e+01	2670	scram	scram_15.png	
CEV	   2	 471	  12	   0	1.834958e+03	  59	   0	6.151429e-01	3.638486e+01	1994	scram	scram_14.png	
CEV	   2	 472	  12	   0	1.840979e+03	  49	   0	7.224286e-01	3.555514e+01	1243	scram	scram_6.png	
CEV	   2	 473	  12	   0	1.847840e+03	  80	   0	4.825714e-01	3.844771e+01	2922	scram	scram_8.png	
CEV	   2	 474	  12	   0	1.854720e+03	  63	   0	5.914286e-01	  37	2160	scram	scram_10.png	
CEV	   2	 475	  12	   0	1.861035e+03	  54	  54	7.531429e-01	4.076571e+01	1028	scram	scram_19.png	
CEV	   2	 476	  12	   0	1.868894e+03	  83	   0	4.258571e-01	3.529657e+01	3319	scram	scram_20.png	
CEV	   2	 477	  12	   0	1.875889e+03	  48	  48	7.872857e-01	3.778729e+01	 789	scram	scram_21.png	
CEV	   2	 478	  12	   0	1.881993e+03	  63	  63	6.420000e-01	4.021000e+01	1806	scram	scram_5.png	
CEV	   2	 479	  12	   0	1.889369e+03	  84	   0	4.497143e-01	3.789943e+01	3152	scram	scram_9.png	
CEV	   2	 480	  12	   0	1.896733e+03	  61	  61	5.962857e-01	3.640371e+01	2126	scram	scram_11.png	
CEV	   2	 481	  12	   0	1.904379e+03	  76	  76	4.590000e-01	3.470500e+01	3087	scram	scram_2.png	
CEV	   2	 482	  12	   0	1.911591e+03	  76	   0	4.684286e-01	3.559471e+01	3021	scram	scram_3.png	
CEV	   2	 483	  12	   0	1.918723e+03	  47	   0	7.775714e-01	3.622243e+01	 857	scram	scram_12.png	
CEV	   2	 484	  12	   0	1.925068e+03	  50	  50	7.731429e-01	3.854629e+01	 888	scram	scram_4.png	
CEV	   2	 485	  12	   0	1.931610e+03	  45	   0	7.750000e-01	3.467500e+01	 875	scram	scram_1.png	
CEV	   2	 486	  12	   0	1.937891e+03	  45	   0	7.915714e-01	3.541686e+01	 759	scram	scram_13.png	
CEV	   2	 487	  12	   0	1.944864e+03	  62	  62	5.652857e-01	3.530414e+01	2343	scram	scram_10.png	
CEV	   2	 488	  12	   0	1.952715e+03	 110	   0	3.257143e-01	3.569714e+01	4020	scram	scram_14.png	
CEV	   2	 489	  12	   0	1.959601e+03	  54	  54	6.484286e-01	3.505471e+01	1761	scram	scram_11.png	
CEV	   2	 490	  12	   0	1.966336e+03	 100	 100	3.771429e-01	3.775429e+01	3660	scram	scram_17.png	
CEV	   2	 491	  12	   0	1.973511e+03	  67	  67	5.652857e-01	3.813057e+01	2343	scram	scram_20.png	
CEV	   2	 492	  12	   0	1.980270e+03	  63	  63	5.985714e-01	3.759857e+01	2110	scram	scram_9.png	
CEV	   2	 493	  12	   0	1.987828e+03	  85	   0	4.564286e-01	3.882571e+01	3105	scram	scram_19.png	
CEV	   2	 494	  12	   0	1.995187e+03	  56	   0	6.845714e-01	3.836914e+01	1508	scram	scram_6.png	
CEV	   2	 495	  12	   0	2.001060e+03	  53	  53	6.802857e-01	3.631971e+01	1538	scram	scram_21.png	
CEV	   2	 496	  12	   0	2.008065e+03	  48	  48	7.857143e-01	3.778571e+01	 800	scram	scram_7.png	
CEV	   2	 497	  12	   0	2.016114e+03	  97	  97	3.732857e-01	3.625343e+01	3687	scram	scram_18.png	
CEV	   2	 498	  12	   0	2.022387e+03	  54	  54	6.812857e-01	  37	1531	scram	scram_5.png	
CEV	   2	 499	  12	   0	2.029992e+03	  63	   0	6.144286e-01	3.884329e+01	1999	scram	scram_2.png	
CEV	   2	 500	  12	   0	2.037183e+03	  52	  52	6.477143e-01	3.376143e+01	1766	scram	scram_3.png	
CEV	   2	 501	  12	   0	2.043852e+03	  61	   0	5.675714e-01	3.472971e+01	2327	scram	scram_12.png	
CEV	   2	 502	  12	   0	2.051368e+03	  84	  84	4.685714e-01	3.934286e+01	3020	scram	scram_15.png	
CEV	   2	 503	  12	   0	2.058371e+03	 106	 106	3.628571e-01	3.845143e+01	3760	scram	scram_8.png	
CEV	   2	 504	  12	   0	2.065777e+03	  62	   0	6.145714e-01	3.822914e+01	1998	scram	scram_16.png	
