#Subj:	11165
#Run:	1
#Age:	23
#Gender:	female
#06-Aug-2013
Func	Run	Trial	Block	Null	trialStartTime	Mag	ScoreInc	Freq	EV	RT	Emotion	Image
CEV	1	1	12	0	1.617465e+02	48	48	8.121429e-01	3.862429e+01	615	scram	scram_16.png
CEV	1	2	12	0	1.683708e+02	53	53	7.227143e-01	3.844543e+01	1241	scram	scram_8.png
CEV	1	3	12	0	1.747377e+02	45	45	8.610000e-01	3.872200e+01	273	scram	scram_15.png
CEV	1	4	12	0	1.805995e+02	56	56	6.865714e-01	3.837314e+01	1494	scram	scram_12.png
CEV	1	5	12	0	1.878759e+02	52	52	6.830000e-01	3.563400e+01	1519	scram	scram_3.png
CEV	1	6	12	0	1.950447e+02	64	0	5.418571e-01	3.483257e+01	2507	scram	scram_2.png
CEV	1	7	12	0	2.012285e+02	49	49	7.947143e-01	3.858943e+01	737	scram	scram_5.png
CEV	1	8	12	0	2.078337e+02	58	58	7.028571e-01	4.051429e+01	1380	scram	scram_18.png
CEV	1	9	12	0	2.140895e+02	53	53	6.897143e-01	3.631029e+01	1472	scram	scram_7.png
CEV	1	10	12	0	2.208867e+02	58	0	6.768571e-01	3.903057e+01	1562	scram	scram_21.png
CEV	1	11	12	0	2.280623e+02	47	47	7.402857e-01	3.477914e+01	1118	scram	scram_6.png
CEV	1	12	12	0	2.345702e+02	54	54	6.741429e-01	3.632586e+01	1581	scram	scram_19.png
CEV	1	13	12	0	2.412290e+02	56	0	6.882857e-01	3.837657e+01	1482	scram	scram_9.png
CEV	1	14	12	0	2.475827e+02	46	46	7.754286e-01	3.544914e+01	872	scram	scram_20.png
CEV	1	15	12	0	2.535460e+02	52	52	7.438571e-01	3.848771e+01	1093	scram	scram_17.png
CEV	1	16	12	0	2.599687e+02	43	43	7.841429e-01	3.386343e+01	811	scram	scram_11.png
CEV	1	17	12	0	2.653992e+02	56	56	7.247143e-01	4.062357e+01	1227	scram	scram_14.png
CEV	1	18	12	0	2.709587e+02	51	51	7.468571e-01	3.774686e+01	1072	scram	scram_10.png
CEV	1	19	12	0	2.776291e+02	53	53	7.420000e-01	3.922600e+01	1106	scram	scram_13.png
CEV	1	20	12	0	2.849683e+02	51	51	7.228571e-01	37	1240	scram	scram_1.png
CEV	1	21	12	0	2.915332e+02	56	0	7.151429e-01	3.986057e+01	1294	scram	scram_4.png
CEV	1	22	12	0	2.978081e+02	48	48	7.697143e-01	37	912	scram	scram_12.png
CEV	1	23	12	0	3.041071e+02	46	46	7.341429e-01	3.406343e+01	1161	scram	scram_3.png
CEV	1	24	12	0	3.114598e+02	52	52	7.475714e-01	3.924271e+01	1067	scram	scram_2.png
CEV	1	25	12	0	3.183078e+02	54	54	7.205714e-01	3.916171e+01	1256	scram	scram_11.png
CEV	1	26	12	0	3.240344e+02	55	55	7.270000e-01	3.990800e+01	1211	scram	scram_9.png
CEV	1	27	12	0	3.301390e+02	47	47	7.327143e-01	3.480186e+01	1171	scram	scram_5.png
CEV	1	28	12	0	3.368936e+02	51	51	7.471429e-01	3.774714e+01	1070	scram	scram_21.png
CEV	1	29	12	0	3.431055e+02	50	0	7.307143e-01	3.626929e+01	1185	scram	scram_20.png
CEV	1	30	12	0	3.499410e+02	50	50	7.527143e-01	3.775271e+01	1031	scram	scram_19.png
CEV	1	31	12	0	3.566099e+02	52	52	7.717143e-01	4.008686e+01	898	scram	scram_10.png
CEV	1	32	12	0	3.624175e+02	52	52	7.624286e-01	3.928729e+01	963	scram	scram_8.png
CEV	1	33	12	0	3.678426e+02	48	48	7.558571e-01	3.624414e+01	1009	scram	scram_6.png
CEV	1	34	12	0	3.737060e+02	46	46	7.450000e-01	3.402000e+01	1085	scram	scram_14.png
CEV	1	35	12	0	3.798462e+02	49	0	7.515714e-01	37	1039	scram	scram_15.png
CEV	1	36	12	0	3.857840e+02	53	53	7.524286e-01	4.000971e+01	1033	scram	scram_7.png
CEV	1	37	12	0	3.922483e+02	49	49	7.748571e-01	3.777486e+01	876	scram	scram_4.png
CEV	1	38	12	0	3.988051e+02	43	43	7.758571e-01	3.312071e+01	869	scram	scram_18.png
CEV	1	39	12	0	4.037497e+02	40	40	8.648571e-01	3.440543e+01	246	scram	scram_16.png
CEV	1	40	12	0	4.108922e+02	47	47	7.512857e-01	3.549743e+01	1041	scram	scram_13.png
CEV	1	41	12	0	4.173657e+02	45	45	7.711429e-01	3.468657e+01	902	scram	scram_1.png
CEV	1	42	12	0	4.235473e+02	46	46	7.691429e-01	3.546171e+01	916	scram	scram_17.png
DEV	1	43	11	0	5.020381e+02	72	72	7.852233e-01	5.670163e+01	420	fear	fear_7.png
DEV	1	44	11	0	5.078144e+02	69	69	8.153803e-01	5.637325e+01	306	fear	fear_13.png
DEV	1	45	11	0	5.144139e+02	72	0	6.136685e-01	4.433154e+01	1152	fear	fear_18.png
DEV	1	46	11	0	5.205791e+02	76	0	4.586946e-01	3.498281e+01	2070	fear	fear_16.png
DEV	1	47	11	0	5.263540e+02	69	0	8.161847e-01	5.640449e+01	303	fear	fear_11.png
DEV	1	48	11	0	5.323536e+02	66	66	8.036446e-01	5.269132e+01	350	fear	fear_6.png
DEV	1	49	11	0	5.378187e+02	67	0	7.689158e-01	5.133135e+01	483	fear	fear_17.png
DEV	1	50	11	0	5.447481e+02	76	0	3.955703e-01	3.008314e+01	2611	fear	fear_9.png
DEV	1	51	11	0	5.500387e+02	72	0	8.119006e-01	5.867262e+01	319	fear	fear_10.png
DEV	1	52	11	0	5.560811e+02	66	66	7.810569e-01	5.182522e+01	436	fear	fear_21.png
DEV	1	53	11	0	5.628542e+02	69	0	7.653279e-01	5.271252e+01	497	fear	fear_12.png
DEV	1	54	11	0	5.690114e+02	68	0	8.266913e-01	5.597602e+01	264	fear	fear_15.png
DEV	1	55	11	0	5.758922e+02	72	72	6.221733e-01	4.480665e+01	1111	fear	fear_2.png
DEV	1	56	11	0	5.819593e+02	70	70	6.717171e-01	4.680329e+01	884	fear	fear_8.png
DEV	1	57	11	0	5.881154e+02	77	77	6.806408e-01	5.270052e+01	845	fear	fear_1.png
DEV	1	58	11	0	5.947409e+02	73	73	6.910841e-01	5.054050e+01	800	fear	fear_4.png
DEV	1	59	11	0	6.008400e+02	77	77	7.035829e-01	5.401580e+01	747	fear	fear_20.png
DEV	1	60	11	0	6.074836e+02	72	72	6.829480e-01	4.942007e+01	835	fear	fear_3.png
DEV	1	61	11	0	6.131980e+02	72	72	6.962463e-01	5.011891e+01	778	fear	fear_14.png
DEV	1	62	11	0	6.192062e+02	70	70	7.000239e-01	4.891459e+01	762	fear	fear_19.png
DEV	1	63	11	0	6.260462e+02	70	70	6.845677e-01	4.813685e+01	828	fear	fear_5.png
DEV	1	64	11	0	6.320676e+02	72	72	6.936606e-01	4.998421e+01	789	fear	fear_3.png
DEV	1	65	11	0	6.384487e+02	78	0	6.665102e-01	5.186866e+01	907	fear	fear_1.png
DEV	1	66	11	0	6.455415e+02	73	73	7.073979e-01	5.140045e+01	731	fear	fear_19.png
DEV	1	67	11	0	6.523501e+02	71	0	6.997872e-01	4.960263e+01	763	fear	fear_7.png
DEV	1	68	11	0	6.591069e+02	71	71	7.248018e-01	5.156605e+01	659	fear	fear_9.png
DEV	1	69	11	0	6.652051e+02	72	72	8.060354e-01	5.842094e+01	341	fear	fear_16.png
DEV	1	70	11	0	6.719468e+02	65	65	8.364685e-01	5.464675e+01	228	fear	fear_4.png
DEV	1	71	11	0	6.769851e+02	66	66	7.849624e-01	5.198002e+01	421	fear	fear_10.png
DEV	1	72	11	0	6.822447e+02	75	0	7.740643e-01	5.773558e+01	463	fear	fear_21.png
DEV	1	73	11	0	6.882746e+02	74	74	6.901495e-01	5.118068e+01	804	fear	fear_17.png
DEV	1	74	11	0	6.940152e+02	69	69	7.336464e-01	5.053105e+01	623	fear	fear_5.png
DEV	1	75	11	0	7.006801e+02	75	75	7.216311e-01	5.429570e+01	672	fear	fear_6.png
DEV	1	76	11	0	7.079324e+02	67	67	7.277395e-01	4.879956e+01	647	fear	fear_12.png
DEV	1	77	11	0	7.134023e+02	73	0	7.192005e-01	5.272665e+01	682	fear	fear_20.png
DEV	1	78	11	0	7.194882e+02	72	72	7.614984e-01	5.482809e+01	512	fear	fear_8.png
DEV	1	79	11	0	7.260983e+02	71	71	7.490968e-01	5.348297e+01	561	fear	fear_11.png
DEV	1	80	11	0	7.313711e+02	73	73	7.681458e-01	5.590828e+01	486	fear	fear_18.png
DEV	1	81	11	0	7.375002e+02	72	72	7.907169e-01	5.694866e+01	399	fear	fear_2.png
DEV	1	82	11	0	7.437230e+02	71	71	7.428339e-01	5.243882e+01	586	fear	fear_13.png
DEV	1	83	11	0	7.492191e+02	72	72	8.084312e-01	5.852439e+01	332	fear	fear_14.png
DEV	1	84	11	0	7.554695e+02	74	74	7.802776e-01	5.803631e+01	439	fear	fear_15.png
IEV	1	85	10	0	8.311388e+02	41	41	7.657308e-01	3.106211e+01	1963	happy	happy_19.png
IEV	1	86	10	0	8.376812e+02	32	32	8.106909e-01	2.611226e+01	1621	happy	happy_18.png
IEV	1	87	10	0	8.439555e+02	44	44	7.474369e-01	3.258822e+01	2086	happy	happy_12.png
IEV	1	88	10	0	8.520056e+02	57	0	6.897134e-01	3.902567e+01	2437	happy	happy_14.png
IEV	1	89	10	0	8.586775e+02	44	44	7.485065e-01	3.324961e+01	2079	happy	happy_17.png
IEV	1	90	10	0	8.650995e+02	49	49	7.329095e-01	3.594603e+01	2179	happy	happy_5.png
IEV	1	91	10	0	8.719800e+02	48	0	7.133263e-01	3.453019e+01	2299	happy	happy_8.png
IEV	1	92	10	0	8.789332e+02	46	46	7.545535e-01	3.502202e+01	2039	happy	happy_13.png
IEV	1	93	10	0	8.861779e+02	43	43	7.564946e-01	3.259889e+01	2026	happy	happy_6.png
IEV	1	94	10	0	8.932659e+02	41	41	7.438986e-01	3.064293e+01	2109	happy	happy_15.png
IEV	1	95	10	0	8.993651e+02	17	17	8.967116e-01	1.560611e+01	332	happy	happy_2.png
IEV	1	96	10	0	9.057838e+02	26	26	8.703298e-01	2.262179e+01	971	happy	happy_7.png
IEV	1	97	10	0	9.125908e+02	42	42	7.376593e-01	3.116019e+01	2149	happy	happy_4.png
IEV	1	98	10	0	9.199411e+02	45	45	7.238851e-01	3.227416e+01	2235	happy	happy_10.png
IEV	1	99	10	0	9.270034e+02	41	0	7.518462e-01	3.072378e+01	2057	happy	happy_21.png
IEV	1	100	10	0	9.342889e+02	43	43	7.446709e-01	3.206768e+01	2104	happy	happy_20.png
IEV	1	101	10	0	9.417131e+02	50	0	7.333871e-01	3.664343e+01	2176	happy	happy_9.png
IEV	1	102	10	0	9.490881e+02	38	38	7.771820e-01	2.928766e+01	1882	happy	happy_16.png
IEV	1	103	10	0	9.558554e+02	46	46	7.186378e-01	3.340753e+01	2267	happy	happy_3.png
IEV	1	104	10	0	9.622915e+02	48	48	7.292277e-01	3.476343e+01	2202	happy	happy_11.png
IEV	1	105	10	0	9.697800e+02	51	51	7.118210e-01	3.606741e+01	2308	happy	happy_1.png
IEV	1	106	10	0	9.766875e+02	48	48	7.060897e-01	3.366034e+01	2342	happy	happy_21.png
IEV	1	107	10	0	9.841801e+02	54	54	6.755280e-01	3.659087e+01	2517	happy	happy_10.png
IEV	1	108	10	0	9.912067e+02	57	57	6.633866e-01	3.809765e+01	2584	happy	happy_8.png
IEV	1	109	10	0	9.974138e+02	60	60	6.335104e-01	3.815342e+01	2744	happy	happy_1.png
IEV	1	110	10	0	1.004845e+03	69	69	6.243259e-01	4.312855e+01	2792	happy	happy_9.png
IEV	1	111	10	0	1.011600e+03	72	0	6.154365e-01	4.425685e+01	2838	happy	happy_11.png
IEV	1	112	10	0	1.019114e+03	65	65	6.316049e-01	4.080623e+01	2754	happy	happy_19.png
IEV	1	113	10	0	1.026226e+03	61	61	6.327487e-01	3.883675e+01	2748	happy	happy_2.png
IEV	1	114	10	0	1.033612e+03	68	68	6.420317e-01	4.336062e+01	2699	happy	happy_5.png
IEV	1	115	10	0	1.040092e+03	62	62	6.442889e-01	4.000658e+01	2687	happy	happy_6.png
IEV	1	116	10	0	1.046977e+03	62	62	6.422201e-01	4.013848e+01	2698	happy	happy_20.png
IEV	1	117	10	0	1.053530e+03	62	62	6.543644e-01	4.066456e+01	2633	happy	happy_13.png
IEV	1	118	10	0	1.060551e+03	64	0	6.287387e-01	4.035524e+01	2769	happy	happy_18.png
IEV	1	119	10	0	1.067842e+03	58	0	6.403346e-01	3.705651e+01	2708	happy	happy_7.png
IEV	1	120	10	0	1.074992e+03	57	0	6.923337e-01	3.954037e+01	2422	happy	happy_17.png
IEV	1	121	10	0	1.081643e+03	26	26	8.321023e-01	2.136451e+01	1427	happy	happy_4.png
IEV	1	122	10	0	1.088223e+03	42	42	7.477429e-01	3.106784e+01	2084	happy	happy_14.png
IEV	1	123	10	0	1.095127e+03	53	0	6.728299e-01	3.543452e+01	2532	happy	happy_3.png
IEV	1	124	10	0	1.102281e+03	38	38	7.556002e-01	2.889448e+01	2032	happy	happy_15.png
IEV	1	125	10	0	1.108828e+03	47	0	7.266461e-01	3.423378e+01	2218	happy	happy_12.png
IEV	1	126	10	0	1.116908e+03	72	0	6.062703e-01	4.355362e+01	2885	happy	happy_16.png
CEVR	1	127	9	0	1.188245e+03	161	0	2.357117e-01	3.794285e+01	806	fear	fear_10.png
CEVR	1	128	9	0	1.194512e+03	123	123	3.050648e-01	3.761013e+01	2055	fear	fear_16.png
CEVR	1	129	9	0	1.201072e+03	117	0	3.041334e-01	3.547933e+01	2042	fear	fear_2.png
CEVR	1	130	9	0	1.207538e+03	127	0	2.912076e-01	37	1853	fear	fear_15.png
CEVR	1	131	9	0	1.214034e+03	118	0	3.248871e-01	3.829955e+01	2314	fear	fear_21.png
CEVR	1	132	9	0	1.220397e+03	174	0	2.139082e-01	3.721391e+01	246	fear	fear_5.png
CEVR	1	133	9	0	1.227602e+03	99	0	3.843871e-01	3.815316e+01	2931	fear	fear_11.png
CEVR	1	134	9	0	1.234305e+03	162	0	2.243201e-01	3.632704e+01	527	fear	fear_8.png
CEVR	1	135	9	0	1.241178e+03	142	142	2.677279e-01	3.807091e+01	1463	fear	fear_6.png
CEVR	1	136	9	0	1.247784e+03	142	142	2.606158e-01	37	1331	fear	fear_18.png
CEVR	1	137	9	0	1.254634e+03	145	0	2.650972e-01	3.832549e+01	1415	fear	fear_13.png
CEVR	1	138	9	0	1.260627e+03	131	0	2.817668e-01	3.700000e+01	1704	fear	fear_1.png
CEVR	1	139	9	0	1.267583e+03	135	0	2.659684e-01	3.593613e+01	1431	fear	fear_3.png
CEVR	1	140	9	0	1.273738e+03	146	146	2.456839e-01	3.577158e+01	1029	fear	fear_20.png
CEVR	1	141	9	0	1.279407e+03	150	150	2.470431e-01	37	1058	fear	fear_17.png
CEVR	1	142	9	0	1.286320e+03	156	0	2.417398e-01	3.772522e+01	943	fear	fear_19.png
CEVR	1	143	9	0	1.292856e+03	125	125	3.003247e-01	3.760065e+01	1988	fear	fear_12.png
CEVR	1	144	9	0	1.300061e+03	127	0	2.957972e-01	3.759159e+01	1922	fear	fear_7.png
CEVR	1	145	9	0	1.306224e+03	132	0	2.904890e-01	3.845245e+01	1842	fear	fear_9.png
CEVR	1	146	9	0	1.312623e+03	145	0	2.597272e-01	3.777918e+01	1314	fear	fear_4.png
CEVR	1	147	9	0	1.318576e+03	150	0	2.449404e-01	3.675506e+01	1013	fear	fear_14.png
CEVR	1	148	9	0	1.325787e+03	138	138	2.609835e-01	3.595607e+01	1338	fear	fear_21.png
CEVR	1	149	9	0	1.332422e+03	137	0	2.633720e-01	3.620988e+01	1383	fear	fear_7.png
CEVR	1	150	9	0	1.339259e+03	138	0	2.748886e-01	3.782467e+01	1589	fear	fear_18.png
CEVR	1	151	9	0	1.345692e+03	137	0	2.623050e-01	3.595078e+01	1363	fear	fear_3.png
CEVR	1	152	9	0	1.352578e+03	132	0	2.801211e-01	3.700000e+01	1677	fear	fear_19.png
CEVR	1	153	9	0	1.358536e+03	141	0	2.659138e-01	3.753183e+01	1430	fear	fear_12.png
CEVR	1	154	9	0	1.364934e+03	141	0	2.592593e-01	3.648148e+01	1305	fear	fear_16.png
CEVR	1	155	9	0	1.370784e+03	135	0	2.650430e-01	3.567479e+01	1414	fear	fear_2.png
CEVR	1	156	9	0	1.376759e+03	135	135	2.677279e-01	3.619682e+01	1463	fear	fear_15.png
CEVR	1	157	9	0	1.383625e+03	132	132	2.781357e-01	3.672186e+01	1644	fear	fear_1.png
CEVR	1	158	9	0	1.390981e+03	128	0	2.890625e-01	37	1820	fear	fear_13.png
CEVR	1	159	9	0	1.398548e+03	87	0	4.537491e-01	3.926875e+01	3446	fear	fear_6.png
CEVR	1	160	9	0	1.405743e+03	127	0	2.817055e-01	3.587318e+01	1703	fear	fear_11.png
CEVR	1	161	9	0	1.411257e+03	163	0	2.247484e-01	3.655050e+01	538	fear	fear_17.png
CEVR	1	162	9	0	1.418502e+03	111	0	3.322217e-01	3.700000e+01	2402	fear	fear_9.png
CEVR	1	163	9	0	1.424793e+03	154	0	2.392389e-01	3.676076e+01	887	fear	fear_8.png
CEVR	1	164	9	0	1.431563e+03	171	0	2.140850e-01	3.657183e+01	251	fear	fear_10.png
CEVR	1	165	9	0	1.438072e+03	144	0	2.599880e-01	3.751998e+01	1319	fear	fear_20.png
CEVR	1	166	9	0	1.444814e+03	114	0	3.313715e-01	3.766274e+01	2392	fear	fear_14.png
CEVR	1	167	9	0	1.450818e+03	139	139	2.598315e-01	3.622051e+01	1316	fear	fear_4.png
CEVR	1	168	9	0	1.458424e+03	142	142	2.709205e-01	3.835460e+01	1520	fear	fear_5.png
DEV	1	169	8	0	1.529818e+03	67	67	7.381038e-01	4.926074e+01	605	scram	scram_13.png
DEV	1	170	8	0	1.534992e+03	75	75	7.761311e-01	5.783617e+01	455	scram	scram_11.png
DEV	1	171	8	0	1.541688e+03	68	68	7.650721e-01	5.193622e+01	498	scram	scram_9.png
DEV	1	172	8	0	1.548047e+03	72	0	7.338934e-01	5.274419e+01	622	scram	scram_16.png
DEV	1	173	8	0	1.554229e+03	66	0	8.250691e-01	5.426724e+01	270	scram	scram_3.png
DEV	1	174	8	0	1.560030e+03	72	72	7.648164e-01	5.498451e+01	499	scram	scram_10.png
DEV	1	175	8	0	1.565921e+03	68	68	7.673765e-01	5.203479e+01	489	scram	scram_20.png
DEV	1	176	8	0	1.571868e+03	70	70	7.907169e-01	5.536723e+01	399	scram	scram_4.png
DEV	1	177	8	0	1.578552e+03	72	72	7.717441e-01	5.530679e+01	472	scram	scram_17.png
DEV	1	178	8	0	1.584655e+03	70	70	7.617533e-01	5.331665e+01	511	scram	scram_8.png
DEV	1	179	8	0	1.591727e+03	70	70	7.282302e-01	5.100633e+01	645	scram	scram_19.png
DEV	1	180	8	0	1.598315e+03	72	72	7.696864e-01	5.521168e+01	480	scram	scram_21.png
DEV	1	181	8	0	1.604144e+03	74	0	7.495997e-01	5.575577e+01	559	scram	scram_15.png
DEV	1	182	8	0	1.609649e+03	71	71	8.135053e-01	5.792704e+01	313	scram	scram_1.png
DEV	1	183	8	0	1.615291e+03	71	71	7.999355e-01	5.655377e+01	364	scram	scram_12.png
DEV	1	184	8	0	1.621098e+03	75	0	7.604798e-01	5.706125e+01	516	scram	scram_7.png
DEV	1	185	8	0	1.627929e+03	73	73	8.002000e-01	5.816534e+01	363	scram	scram_14.png
DEV	1	186	8	0	1.633245e+03	70	70	8.076321e-01	5.687471e+01	335	scram	scram_2.png
DEV	1	187	8	0	1.638752e+03	68	68	8.127027e-01	5.545581e+01	316	scram	scram_18.png
DEV	1	188	8	0	1.644423e+03	67	67	7.797583e-01	5.255306e+01	441	scram	scram_5.png
DEV	1	189	8	0	1.650734e+03	70	70	7.584460e-01	5.316615e+01	524	scram	scram_6.png
DEV	1	190	8	0	1.656408e+03	71	71	7.794988e-01	5.566040e+01	442	scram	scram_8.png
DEV	1	191	8	0	1.662096e+03	73	73	7.712293e-01	5.605427e+01	474	scram	scram_7.png
DEV	1	192	8	0	1.668048e+03	71	71	7.899303e-01	5.612362e+01	402	scram	scram_15.png
DEV	1	193	8	0	1.673933e+03	67	67	7.720017e-01	5.145865e+01	471	scram	scram_16.png
DEV	1	194	8	0	1.680345e+03	71	71	7.587000e-01	5.393645e+01	523	scram	scram_2.png
DEV	1	195	8	0	1.686351e+03	70	0	7.620081e-01	5.332819e+01	510	scram	scram_18.png
DEV	1	196	8	0	1.692187e+03	72	0	7.978216e-01	5.726190e+01	372	scram	scram_3.png
DEV	1	197	8	0	1.697514e+03	70	70	8.031139e-01	5.588427e+01	352	scram	scram_6.png
DEV	1	198	8	0	1.703287e+03	66	66	7.794988e-01	5.176290e+01	442	scram	scram_20.png
DEV	1	199	8	0	1.710249e+03	73	73	7.844408e-01	5.745055e+01	423	scram	scram_13.png
DEV	1	200	8	0	1.716560e+03	67	67	7.609890e-01	5.099902e+01	514	scram	scram_9.png
DEV	1	201	8	0	1.722156e+03	68	68	7.673765e-01	5.203479e+01	489	scram	scram_5.png
DEV	1	202	8	0	1.728799e+03	71	71	7.440830e-01	5.249800e+01	581	scram	scram_11.png
DEV	1	203	8	0	1.734955e+03	72	0	7.378555e-01	5.293910e+01	606	scram	scram_19.png
DEV	1	204	8	0	1.741652e+03	71	0	7.671202e-01	5.432522e+01	490	scram	scram_4.png
DEV	1	205	8	0	1.748177e+03	71	0	8.049722e-01	5.676480e+01	345	scram	scram_1.png
DEV	1	206	8	0	1.754268e+03	68	68	7.712293e-01	5.219812e+01	474	scram	scram_14.png
DEV	1	207	8	0	1.760766e+03	69	69	7.671202e-01	5.279098e+01	490	scram	scram_10.png
DEV	1	208	8	0	1.766765e+03	73	73	7.753556e-01	5.624778e+01	458	scram	scram_21.png
DEV	1	209	8	0	1.772642e+03	68	68	7.782022e-01	5.326720e+01	447	scram	scram_12.png
DEV	1	210	8	0	1.779108e+03	74	0	7.336464e-01	5.419928e+01	623	scram	scram_17.png
CEVR	1	211	7	0	1.850838e+03	92	0	3.946967e-01	3.621061e+01	3019	happy	happy_21.png
CEVR	1	212	7	0	1.856619e+03	152	152	2.467607e-01	3.749352e+01	1052	happy	happy_16.png
CEVR	1	213	7	0	1.862993e+03	146	0	2.558783e-01	3.725588e+01	1239	happy	happy_9.png
CEVR	1	214	7	0	1.868589e+03	159	159	2.391064e-01	3.795643e+01	884	happy	happy_10.png
CEVR	1	215	7	0	1.875273e+03	155	0	2.380077e-01	37	859	happy	happy_8.png
CEVR	1	216	7	0	1.881786e+03	148	0	2.496145e-01	37	1112	happy	happy_7.png
CEVR	1	217	7	0	1.888529e+03	139	0	2.628908e-01	3.647422e+01	1374	happy	happy_13.png
CEVR	1	218	7	0	1.894843e+03	154	154	2.406616e-01	37	919	happy	happy_14.png
CEVR	1	219	7	0	1.901159e+03	151	0	2.408406e-01	3.627748e+01	923	happy	happy_17.png
CEVR	1	220	7	0	1.908480e+03	148	148	2.504351e-01	37	1129	happy	happy_20.png
CEVR	1	221	7	0	1.914218e+03	145	0	2.521417e-01	3.649572e+01	1164	happy	happy_6.png
CEVR	1	222	7	0	1.919945e+03	150	0	2.416496e-01	3.627505e+01	941	happy	happy_1.png
CEVR	1	223	7	0	1.926926e+03	147	0	2.467607e-01	3.625972e+01	1052	happy	happy_19.png
CEVR	1	224	7	0	1.932504e+03	148	0	2.462445e-01	3.650751e+01	1041	happy	happy_2.png
CEVR	1	225	7	0	1.939345e+03	138	0	2.625177e-01	3.621245e+01	1367	happy	happy_11.png
CEVR	1	226	7	0	1.946443e+03	156	0	2.305501e-01	3.607780e+01	683	happy	happy_3.png
CEVR	1	227	7	0	1.953130e+03	146	0	2.569954e-01	3.751399e+01	1261	happy	happy_5.png
CEVR	1	228	7	0	1.959635e+03	125	0	2.939174e-01	3.670608e+01	1894	happy	happy_12.png
CEVR	1	229	7	0	1.965054e+03	149	0	2.501932e-01	3.725019e+01	1124	happy	happy_18.png
CEVR	1	230	7	0	1.972402e+03	96	0	3.904130e-01	3.739041e+01	2983	happy	happy_4.png
CEVR	1	231	7	0	1.979647e+03	109	0	3.298523e-01	3.601044e+01	2374	happy	happy_15.png
CEVR	1	232	7	0	1.986706e+03	137	137	2.643936e-01	3.620682e+01	1402	happy	happy_20.png
CEVR	1	233	7	0	1.993644e+03	137	0	2.724022e-01	3.727240e+01	1546	happy	happy_15.png
CEVR	1	234	7	0	2.000002e+03	146	0	2.538220e-01	3.700000e+01	1198	happy	happy_2.png
CEVR	1	235	7	0	2.006768e+03	131	0	2.888691e-01	3.786661e+01	1817	happy	happy_8.png
CEVR	1	236	7	0	2.013855e+03	135	0	2.789145e-01	3.755783e+01	1657	happy	happy_18.png
CEVR	1	237	7	0	2.020978e+03	139	0	2.713747e-01	3.781412e+01	1528	happy	happy_21.png
CEVR	1	238	7	0	2.027049e+03	143	0	2.551724e-01	3.648966e+01	1225	happy	happy_12.png
CEVR	1	239	7	0	2.033846e+03	139	0	2.685051e-01	3.726851e+01	1477	happy	happy_4.png
CEVR	1	240	7	0	2.040338e+03	148	0	2.572507e-01	3.802900e+01	1266	happy	happy_13.png
CEVR	1	241	7	0	2.047013e+03	143	143	2.553233e-01	3.648935e+01	1228	happy	happy_19.png
CEVR	1	242	7	0	2.053359e+03	156	0	2.431468e-01	3.797259e+01	974	happy	happy_11.png
CEVR	1	243	7	0	2.059311e+03	146	0	2.531274e-01	37	1184	happy	happy_16.png
CEVR	1	244	7	0	2.065503e+03	144	0	2.571996e-01	37	1265	happy	happy_6.png
CEVR	1	245	7	0	2.071986e+03	150	0	2.464320e-01	37	1045	happy	happy_17.png
CEVR	1	246	7	0	2.077906e+03	148	0	2.494702e-01	37	1109	happy	happy_14.png
CEVR	1	247	7	0	2.085083e+03	136	136	2.661871e-01	3.620144e+01	1435	happy	happy_7.png
CEVR	1	248	7	0	2.091750e+03	130	130	2.762961e-01	3.589482e+01	1613	happy	happy_9.png
CEVR	1	249	7	0	2.097938e+03	126	0	2.912731e-01	3.670873e+01	1854	happy	happy_1.png
CEVR	1	250	7	0	2.105083e+03	146	0	2.523383e-01	3.674766e+01	1168	happy	happy_10.png
CEVR	1	251	7	0	2.111768e+03	140	0	2.669002e-01	3.726690e+01	1448	happy	happy_3.png
CEVR	1	252	7	0	2.118682e+03	141	0	2.697917e-01	3.807917e+01	1500	happy	happy_5.png
#06-Aug-2013
IEV	2	253	6	0	2.337732e+01	22	22	8.835576e-01	1.978512e+01	735	scram	scram_3.png
IEV	2	254	6	0	2.949413e+01	21	21	8.741053e-01	1.859714e+01	911	scram	scram_17.png
IEV	2	255	6	0	3.462661e+01	17	17	8.912240e-01	1.490535e+01	543	scram	scram_18.png
IEV	2	256	6	0	4.092903e+01	22	22	8.625856e-01	1.933644e+01	1082	scram	scram_2.png
IEV	2	257	6	0	4.784104e+01	28	28	8.611601e-01	2.383138e+01	1101	scram	scram_13.png
IEV	2	258	6	0	5.354813e+01	31	31	8.452841e-01	2.658413e+01	1291	scram	scram_9.png
IEV	2	259	6	0	6.058769e+01	35	35	8.183163e-01	2.860710e+01	1555	scram	scram_8.png
IEV	2	260	6	0	6.765506e+01	40	40	7.870831e-01	3.153480e+01	1809	scram	scram_7.png
IEV	2	261	6	0	7.467547e+01	30	30	8.227672e-01	2.486805e+01	1515	scram	scram_4.png
IEV	2	262	6	0	8.193275e+01	44	0	7.628296e-01	3.359793e+01	1983	scram	scram_14.png
IEV	2	263	6	0	8.812161e+01	28	28	8.298276e-01	2.328042e+01	1449	scram	scram_12.png
IEV	2	264	6	0	9.508445e+01	32	0	8.131550e-01	2.586331e+01	1600	scram	scram_1.png
IEV	2	265	6	0	1.017940e+02	30	30	8.450097e-01	2.577013e+01	1294	scram	scram_10.png
IEV	2	266	6	0	1.076595e+02	30	0	8.529206e-01	2.569955e+01	1204	scram	scram_16.png
IEV	2	267	6	0	1.138181e+02	26	0	8.540915e-01	2.214364e+01	1190	scram	scram_20.png
IEV	2	268	6	0	1.201091e+02	31	31	8.292004e-01	2.583696e+01	1455	scram	scram_11.png
IEV	2	269	6	0	1.258630e+02	29	29	8.153541e-01	2.400837e+01	1581	scram	scram_21.png
IEV	2	270	6	0	1.331346e+02	35	0	8.112808e-01	2.848672e+01	1616	scram	scram_6.png
IEV	2	271	6	0	1.396890e+02	26	26	8.697388e-01	2.270273e+01	980	scram	scram_5.png
IEV	2	272	6	0	1.465616e+02	26	26	8.518190e-01	2.242256e+01	1217	scram	scram_19.png
IEV	2	273	6	0	1.538607e+02	23	23	8.472739e-01	1.957951e+01	1269	scram	scram_15.png
IEV	2	274	6	0	1.610991e+02	30	30	8.399440e-01	2.549903e+01	1348	scram	scram_12.png
IEV	2	275	6	0	1.676321e+02	25	25	8.414699e-01	2.112052e+01	1332	scram	scram_14.png
IEV	2	276	6	0	1.740989e+02	22	22	8.530889e-01	1.885485e+01	1202	scram	scram_18.png
IEV	2	277	6	0	1.817029e+02	31	31	8.464647e-01	2.645011e+01	1278	scram	scram_6.png
IEV	2	278	6	0	1.878583e+02	30	30	8.549180e-01	2.546083e+01	1180	scram	scram_4.png
IEV	2	279	6	0	1.938871e+02	26	26	8.592398e-01	2.235496e+01	1126	scram	scram_7.png
IEV	2	280	6	0	2.008964e+02	35	0	8.258058e-01	2.867389e+01	1487	scram	scram_5.png
IEV	2	281	6	0	2.066444e+02	18	18	8.707851e-01	1.559286e+01	964	scram	scram_8.png
IEV	2	282	6	0	2.133446e+02	28	0	8.474528e-01	2.379484e+01	1267	scram	scram_17.png
IEV	2	283	6	0	2.190714e+02	22	22	8.735572e-01	1.955083e+01	920	scram	scram_15.png
IEV	2	284	6	0	2.259122e+02	26	26	8.717474e-01	2.242578e+01	949	scram	scram_13.png
IEV	2	285	6	0	2.322776e+02	21	0	8.804999e-01	1.850660e+01	797	scram	scram_3.png
IEV	2	286	6	0	2.384697e+02	21	21	8.873223e-01	1.827352e+01	649	scram	scram_9.png
IEV	2	287	6	0	2.444011e+02	22	22	8.841159e-01	1.969479e+01	723	scram	scram_10.png
IEV	2	288	6	0	2.503344e+02	17	17	8.838381e-01	1.532064e+01	729	scram	scram_11.png
IEV	2	289	6	0	2.564006e+02	15	15	8.894099e-01	1.346112e+01	595	scram	scram_16.png
IEV	2	290	6	0	2.621437e+02	25	25	8.715564e-01	2.158080e+01	952	scram	scram_21.png
IEV	2	291	6	0	2.687049e+02	30	0	8.554917e-01	2.539166e+01	1173	scram	scram_19.png
IEV	2	292	6	0	2.750746e+02	24	24	8.801884e-01	2.119585e+01	803	scram	scram_20.png
IEV	2	293	6	0	2.814614e+02	25	25	8.785351e-01	2.232473e+01	834	scram	scram_2.png
IEV	2	294	6	0	2.878643e+02	17	17	8.765790e-01	1.472341e+01	869	scram	scram_1.png
CEV	2	295	5	0	3.586026e+02	100	0	3.848571e-01	3.853943e+01	3606	happy	happy_14.png
CEV	2	296	5	0	3.636684e+02	47	47	8.438571e-01	3.953157e+01	393	happy	happy_20.png
CEV	2	297	5	0	3.692266e+02	48	48	7.890000e-01	3.778900e+01	777	happy	happy_1.png
CEV	2	298	5	0	3.751144e+02	44	44	7.517143e-01	3.324143e+01	1038	happy	happy_10.png
CEV	2	299	5	0	3.820931e+02	46	46	7.832857e-01	3.621671e+01	817	happy	happy_8.png
CEV	2	300	5	0	3.882341e+02	47	47	7.937143e-01	37	744	happy	happy_21.png
CEV	2	301	5	0	3.947327e+02	44	44	7.778571e-01	3.388857e+01	855	happy	happy_16.png
CEV	2	302	5	0	4.005342e+02	42	42	8.055714e-01	3.377771e+01	661	happy	happy_6.png
CEV	2	303	5	0	4.070854e+02	42	42	7.911429e-01	3.304429e+01	762	happy	happy_19.png
CEV	2	304	5	0	4.140644e+02	44	44	8.115714e-01	3.537686e+01	619	happy	happy_4.png
CEV	2	305	5	0	4.209421e+02	49	49	7.835714e-01	3.856714e+01	815	happy	happy_11.png
CEV	2	306	5	0	4.271257e+02	47	47	7.821429e-01	37	825	happy	happy_12.png
CEV	2	307	5	0	4.329100e+02	45	45	7.534286e-01	3.398629e+01	1026	happy	happy_13.png
CEV	2	308	5	0	4.393369e+02	52	0	7.698571e-01	4.007943e+01	911	happy	happy_2.png
CEV	2	309	5	0	4.450170e+02	42	42	8.402857e-01	3.531943e+01	418	happy	happy_5.png
CEV	2	310	5	0	4.518437e+02	47	47	7.994286e-01	3.779943e+01	704	happy	happy_3.png
CEV	2	311	5	0	4.577586e+02	45	45	8.025714e-01	3.619743e+01	682	happy	happy_17.png
CEV	2	312	5	0	4.644005e+02	51	51	7.948571e-01	4.017943e+01	736	happy	happy_15.png
CEV	2	313	5	0	4.697390e+02	43	43	7.954286e-01	3.381829e+01	732	happy	happy_18.png
CEV	2	314	5	0	4.756165e+02	44	44	7.840000e-01	3.464800e+01	812	happy	happy_7.png
CEV	2	315	5	0	4.814307e+02	49	49	7.737143e-01	3.777371e+01	884	happy	happy_9.png
CEV	2	316	5	0	4.880654e+02	52	52	7.678571e-01	4.007143e+01	925	happy	happy_21.png
CEV	2	317	5	0	4.942115e+02	50	50	7.651429e-01	3.853029e+01	944	happy	happy_10.png
CEV	2	318	5	0	5.006182e+02	54	0	7.472857e-01	3.998914e+01	1069	happy	happy_16.png
CEV	2	319	5	0	5.070658e+02	53	0	7.644286e-01	4.082214e+01	949	happy	happy_14.png
CEV	2	320	5	0	5.130161e+02	50	50	7.921429e-01	3.937643e+01	755	happy	happy_1.png
CEV	2	321	5	0	5.194489e+02	43	43	7.971429e-01	3.460857e+01	720	happy	happy_5.png
CEV	2	322	5	0	5.268631e+02	44	44	7.744286e-01	3.390229e+01	879	happy	happy_4.png
CEV	2	323	5	0	5.329832e+02	52	52	7.732857e-01	4.009314e+01	887	happy	happy_2.png
CEV	2	324	5	0	5.397854e+02	46	46	7.774286e-01	3.544514e+01	858	happy	happy_6.png
CEV	2	325	5	0	5.462884e+02	48	48	7.775714e-01	37	857	happy	happy_17.png
CEV	2	326	5	0	5.517844e+02	42	0	7.800000e-01	3.310000e+01	840	happy	happy_9.png
CEV	2	327	5	0	5.582492e+02	48	0	7.892857e-01	3.778929e+01	775	happy	happy_20.png
CEV	2	328	5	0	5.650751e+02	43	43	8.281429e-01	3.534371e+01	503	happy	happy_3.png
CEV	2	329	5	0	5.709660e+02	42	42	8.097143e-01	3.376114e+01	632	happy	happy_7.png
CEV	2	330	5	0	5.766202e+02	49	49	7.914286e-01	3.858286e+01	760	happy	happy_12.png
CEV	2	331	5	0	5.838581e+02	50	50	7.964286e-01	4.018571e+01	725	happy	happy_11.png
CEV	2	332	5	0	5.894718e+02	51	51	8.037143e-01	4.101857e+01	674	happy	happy_8.png
CEV	2	333	5	0	5.961289e+02	49	0	7.911429e-01	3.858229e+01	762	happy	happy_13.png
CEV	2	334	5	0	6.027100e+02	42	42	8.412857e-01	3.531743e+01	411	happy	happy_18.png
CEV	2	335	5	0	6.086375e+02	46	46	8.052857e-01	37	663	happy	happy_15.png
CEV	2	336	5	0	6.148332e+02	49	49	8.085714e-01	3.942571e+01	640	happy	happy_19.png
CEVR	2	337	4	0	6.844857e+02	153	0	2.364433e-01	3.629067e+01	823	scram	scram_12.png
CEVR	2	338	4	0	6.903217e+02	167	0	2.165190e-01	3.613392e+01	319	scram	scram_20.png
CEVR	2	339	4	0	6.977534e+02	146	146	2.495183e-01	3.650096e+01	1110	scram	scram_6.png
CEVR	2	340	4	0	7.039646e+02	141	0	2.574553e-01	3.622763e+01	1270	scram	scram_17.png
CEVR	2	341	4	0	7.105052e+02	150	0	2.503383e-01	3.750068e+01	1127	scram	scram_19.png
CEVR	2	342	4	0	7.167778e+02	139	139	2.750053e-01	3.810002e+01	1591	scram	scram_14.png
CEVR	2	343	4	0	7.238587e+02	136	0	2.760017e-01	3.755200e+01	1608	scram	scram_3.png
CEVR	2	344	4	0	7.300147e+02	143	143	2.611414e-01	3.726114e+01	1341	scram	scram_13.png
CEVR	2	345	4	0	7.363173e+02	140	0	2.665706e-01	3.726657e+01	1442	scram	scram_7.png
CEVR	2	346	4	0	7.424203e+02	141	141	2.560301e-01	3.597588e+01	1242	scram	scram_2.png
CEVR	2	347	4	0	7.488974e+02	150	150	2.536729e-01	3.801469e+01	1195	scram	scram_11.png
CEVR	2	348	4	0	7.558133e+02	141	141	2.577114e-01	3.622687e+01	1275	scram	scram_18.png
CEVR	2	349	4	0	7.618900e+02	145	145	2.537723e-01	3.674623e+01	1197	scram	scram_21.png
CEVR	2	350	4	0	7.684908e+02	149	149	2.559289e-01	3.802372e+01	1240	scram	scram_10.png
CEVR	2	351	4	0	7.743747e+02	141	0	2.543705e-01	3.598252e+01	1209	scram	scram_9.png
CEVR	2	352	4	0	7.800507e+02	152	152	2.439254e-01	37	991	scram	scram_5.png
CEVR	2	353	4	0	7.862328e+02	156	0	2.443396e-01	3.822170e+01	1000	scram	scram_1.png
CEVR	2	354	4	0	7.930833e+02	145	145	2.511150e-01	3.649777e+01	1143	scram	scram_4.png
CEVR	2	355	4	0	7.992450e+02	145	145	2.521417e-01	3.649572e+01	1164	scram	scram_8.png
CEVR	2	356	4	0	8.063111e+02	147	0	2.523874e-01	37	1169	scram	scram_15.png
CEVR	2	357	4	0	8.132408e+02	150	150	2.488949e-01	3.724889e+01	1097	scram	scram_16.png
CEVR	2	358	4	0	8.201406e+02	146	0	2.462445e-01	3.601502e+01	1041	scram	scram_6.png
CEVR	2	359	4	0	8.271791e+02	152	0	2.497589e-01	3.799904e+01	1115	scram	scram_7.png
CEVR	2	360	4	0	8.329740e+02	152	0	2.367026e-01	3.605319e+01	829	scram	scram_1.png
CEVR	2	361	4	0	8.400004e+02	135	0	2.692868e-01	3.646143e+01	1491	scram	scram_16.png
CEVR	2	362	4	0	8.468173e+02	134	134	2.798790e-01	3.755976e+01	1673	scram	scram_15.png
CEVR	2	363	4	0	8.531621e+02	126	0	2.832458e-01	3.558377e+01	1728	scram	scram_10.png
CEVR	2	364	4	0	8.600651e+02	123	0	3.040620e-01	3.730406e+01	2041	scram	scram_18.png
CEVR	2	365	4	0	8.665261e+02	149	0	2.518965e-01	3.750379e+01	1159	scram	scram_8.png
CEVR	2	366	4	0	8.729321e+02	142	0	2.669553e-01	3.780087e+01	1449	scram	scram_13.png
CEVR	2	367	4	0	8.801677e+02	133	0	2.813994e-01	3.756280e+01	1698	scram	scram_20.png
CEVR	2	368	4	0	8.876209e+02	129	129	2.841158e-01	3.671588e+01	1742	scram	scram_12.png
CEVR	2	369	4	0	8.945444e+02	135	0	2.804852e-01	3.784146e+01	1683	scram	scram_17.png
CEVR	2	370	4	0	9.011350e+02	129	0	2.888691e-01	3.728887e+01	1817	scram	scram_14.png
CEVR	2	371	4	0	9.075740e+02	121	121	2.952576e-01	3.581897e+01	1914	scram	scram_3.png
CEVR	2	372	4	0	9.143045e+02	120	0	3.081133e-01	37	2097	scram	scram_21.png
CEVR	2	373	4	0	9.212888e+02	132	0	2.880338e-01	3.815214e+01	1804	scram	scram_5.png
CEVR	2	374	4	0	9.271341e+02	138	138	2.710906e-01	3.754218e+01	1523	scram	scram_19.png
CEVR	2	375	4	0	9.337578e+02	134	134	2.687280e-01	3.592509e+01	1481	scram	scram_9.png
CEVR	2	376	4	0	9.408327e+02	138	0	2.743644e-01	3.782309e+01	1580	scram	scram_4.png
CEVR	2	377	4	0	9.472907e+02	132	132	2.843030e-01	3.756861e+01	1745	scram	scram_2.png
CEVR	2	378	4	0	9.539486e+02	129	129	2.923911e-01	3.758478e+01	1871	scram	scram_11.png
IEV	2	379	3	0	1.025329e+03	16	16	8.849331e-01	1.425162e+01	705	fear	fear_17.png
IEV	2	380	3	0	1.031249e+03	15	15	8.977881e-01	1.358430e+01	270	fear	fear_9.png
IEV	2	381	3	0	1.038080e+03	24	24	8.753595e-01	2.103815e+01	890	fear	fear_11.png
IEV	2	382	3	0	1.043815e+03	27	27	8.613871e-01	2.294114e+01	1098	fear	fear_12.png
IEV	2	383	3	0	1.050107e+03	28	0	8.522443e-01	2.407516e+01	1212	fear	fear_8.png
IEV	2	384	3	0	1.057073e+03	27	27	8.710434e-01	2.339450e+01	960	fear	fear_10.png
IEV	2	385	3	0	1.063595e+03	21	21	8.766934e-01	1.821251e+01	867	fear	fear_14.png
IEV	2	386	3	0	1.070031e+03	24	24	8.746471e-01	2.114143e+01	902	fear	fear_4.png
IEV	2	387	3	0	1.075749e+03	25	25	8.767504e-01	2.171091e+01	866	fear	fear_21.png
IEV	2	388	3	0	1.082903e+03	20	20	8.725044e-01	1.708497e+01	937	fear	fear_2.png
IEV	2	389	3	0	1.089232e+03	23	23	8.858561e-01	2.029420e+01	684	fear	fear_18.png
IEV	2	390	3	0	1.095869e+03	21	21	8.752415e-01	1.842958e+01	892	fear	fear_6.png
IEV	2	391	3	0	1.101110e+03	17	17	8.846182e-01	1.518979e+01	712	fear	fear_7.png
IEV	2	392	3	0	1.107633e+03	22	22	8.762918e-01	1.914918e+01	874	fear	fear_5.png
IEV	2	393	3	0	1.114722e+03	24	24	8.800316e-01	2.121981e+01	806	fear	fear_15.png
IEV	2	394	3	0	1.121169e+03	20	20	8.736184e-01	1.779473e+01	919	fear	fear_13.png
IEV	2	395	3	0	1.127045e+03	26	26	8.549180e-01	2.204116e+01	1180	fear	fear_20.png
IEV	2	396	3	0	1.133729e+03	25	25	8.542574e-01	2.126885e+01	1188	fear	fear_1.png
IEV	2	397	3	0	1.140265e+03	31	31	8.012319e-01	2.464281e+01	1699	fear	fear_19.png
IEV	2	398	3	0	1.147362e+03	31	31	8.111630e-01	2.525359e+01	1617	fear	fear_3.png
IEV	2	399	3	0	1.154372e+03	43	43	7.822507e-01	3.352334e+01	1845	fear	fear_16.png
IEV	2	400	3	0	1.161108e+03	41	41	7.752374e-01	3.178712e+01	1896	fear	fear_10.png
IEV	2	401	3	0	1.169122e+03	42	42	7.529017e-01	3.138756e+01	2050	fear	fear_15.png
IEV	2	402	3	0	1.175967e+03	46	0	7.108147e-01	3.258702e+01	2314	fear	fear_7.png
IEV	2	403	3	0	1.182454e+03	38	38	7.628296e-01	2.902095e+01	1983	fear	fear_6.png
IEV	2	404	3	0	1.189323e+03	48	48	7.363985e-01	3.568212e+01	2157	fear	fear_21.png
IEV	2	405	3	0	1.195751e+03	52	52	7.171504e-01	3.710843e+01	2276	fear	fear_20.png
IEV	2	406	3	0	1.202562e+03	52	52	6.898884e-01	3.556440e+01	2436	fear	fear_3.png
IEV	2	407	3	0	1.210064e+03	55	55	6.918107e-01	3.819177e+01	2425	fear	fear_1.png
IEV	2	408	3	0	1.217631e+03	64	64	6.331297e-01	4.071123e+01	2746	fear	fear_18.png
IEV	2	409	3	0	1.223982e+03	59	59	6.374980e-01	3.788738e+01	2723	fear	fear_9.png
IEV	2	410	3	0	1.231304e+03	72	0	6.099856e-01	4.395099e+01	2866	fear	fear_2.png
IEV	2	411	3	0	1.238577e+03	47	47	7.018313e-01	3.328191e+01	2367	fear	fear_16.png
IEV	2	412	3	0	1.245585e+03	64	64	6.158247e-01	3.930846e+01	2836	fear	fear_14.png
IEV	2	413	3	0	1.253293e+03	67	0	6.154365e-01	4.117967e+01	2838	fear	fear_11.png
IEV	2	414	3	0	1.259801e+03	56	56	6.897134e-01	3.833596e+01	2437	fear	fear_8.png
IEV	2	415	3	0	1.266953e+03	59	59	6.382554e-01	3.783661e+01	2719	fear	fear_19.png
IEV	2	416	3	0	1.273997e+03	59	59	6.405233e-01	3.768413e+01	2707	fear	fear_13.png
IEV	2	417	3	0	1.280832e+03	58	58	6.439132e-01	3.745493e+01	2689	fear	fear_5.png
IEV	2	418	3	0	1.288171e+03	59	59	6.427848e-01	3.817417e+01	2695	fear	fear_17.png
IEV	2	419	3	0	1.295622e+03	61	61	6.382554e-01	3.911312e+01	2719	fear	fear_12.png
IEV	2	420	3	0	1.303117e+03	56	56	6.589822e-01	3.707590e+01	2608	fear	fear_4.png
DEV	2	421	2	0	1.372712e+03	76	76	7.252907e-01	5.521661e+01	657	happy	happy_6.png
DEV	2	422	2	0	1.379659e+03	70	70	8.145764e-01	5.715650e+01	309	happy	happy_14.png
DEV	2	423	2	0	1.385492e+03	68	68	7.686591e-01	5.208936e+01	484	happy	happy_4.png
DEV	2	424	2	0	1.391526e+03	73	73	8.221005e-01	5.991939e+01	281	happy	happy_9.png
DEV	2	425	2	0	1.397203e+03	71	71	7.991423e-01	5.652019e+01	367	happy	happy_21.png
DEV	2	426	2	0	1.403525e+03	66	66	8.277740e-01	5.435937e+01	260	happy	happy_8.png
DEV	2	427	2	0	1.410464e+03	76	76	7.660956e-01	5.810884e+01	494	happy	happy_1.png
DEV	2	428	2	0	1.416729e+03	68	68	8.052379e-01	5.436012e+01	344	happy	happy_12.png
DEV	2	429	2	0	1.422704e+03	66	66	7.999355e-01	5.255409e+01	364	happy	happy_15.png
DEV	2	430	2	0	1.429142e+03	68	0	8.196769e-01	5.571922e+01	290	happy	happy_5.png
DEV	2	431	2	0	1.435456e+03	71	71	7.292123e-01	5.178261e+01	641	happy	happy_13.png
DEV	2	432	2	0	1.441507e+03	68	68	7.612437e-01	5.177106e+01	513	happy	happy_16.png
DEV	2	433	2	0	1.447975e+03	67	67	8.036446e-01	5.349497e+01	350	happy	happy_11.png
DEV	2	434	2	0	1.453486e+03	74	74	7.823571e-01	5.813584e+01	431	happy	happy_19.png
DEV	2	435	2	0	1.459325e+03	73	73	7.671202e-01	5.585946e+01	490	happy	happy_20.png
DEV	2	436	2	0	1.465729e+03	70	0	7.849624e-01	5.511987e+01	421	happy	happy_10.png
DEV	2	437	2	0	1.472357e+03	72	72	7.725169e-01	5.534237e+01	469	happy	happy_18.png
DEV	2	438	2	0	1.478485e+03	70	70	7.255352e-01	5.087667e+01	656	happy	happy_3.png
DEV	2	439	2	0	1.484906e+03	70	70	7.763898e-01	5.396677e+01	454	happy	happy_7.png
DEV	2	440	2	0	1.490502e+03	71	71	7.896683e-01	5.611216e+01	403	happy	happy_17.png
DEV	2	441	2	0	1.496366e+03	70	70	7.548973e-01	5.300324e+01	538	happy	happy_2.png
DEV	2	442	2	0	1.502281e+03	66	66	7.800179e-01	5.178370e+01	440	happy	happy_18.png
DEV	2	443	2	0	1.509435e+03	69	69	7.604798e-01	5.249837e+01	516	happy	happy_19.png
DEV	2	444	2	0	1.515309e+03	73	0	7.526231e-01	5.515595e+01	547	happy	happy_3.png
DEV	2	445	2	0	1.520559e+03	73	73	8.148443e-01	5.961175e+01	308	happy	happy_20.png
DEV	2	446	2	0	1.526337e+03	67	67	8.031139e-01	5.347493e+01	352	happy	happy_15.png
DEV	2	447	2	0	1.533017e+03	73	73	7.996710e-01	5.814192e+01	365	happy	happy_12.png
DEV	2	448	2	0	1.539952e+03	73	73	7.709720e-01	5.604213e+01	475	happy	happy_6.png
DEV	2	449	2	0	1.545195e+03	71	71	8.196769e-01	5.817825e+01	290	happy	happy_16.png
DEV	2	450	2	0	1.551007e+03	67	67	7.828776e-01	5.268052e+01	429	happy	happy_14.png
DEV	2	451	2	0	1.557193e+03	73	73	7.978216e-01	5.805972e+01	372	happy	happy_10.png
DEV	2	452	2	0	1.562658e+03	68	68	7.551503e-01	5.150461e+01	537	happy	happy_7.png
DEV	2	453	2	0	1.569625e+03	73	73	8.060354e-01	5.922697e+01	341	happy	happy_4.png
DEV	2	454	2	0	1.574911e+03	72	72	7.967661e-01	5.721582e+01	376	happy	happy_21.png
DEV	2	455	2	0	1.580570e+03	74	74	8.102981e-01	6.022498e+01	325	happy	happy_8.png
DEV	2	456	2	0	1.585757e+03	72	72	7.959752e-01	5.718118e+01	379	happy	happy_17.png
DEV	2	457	2	0	1.591701e+03	74	74	7.671202e-01	5.662658e+01	490	happy	happy_13.png
DEV	2	458	2	0	1.598049e+03	67	67	7.643052e-01	5.113897e+01	501	happy	happy_11.png
DEV	2	459	2	0	1.604100e+03	69	69	7.632836e-01	5.262256e+01	505	happy	happy_1.png
DEV	2	460	2	0	1.610076e+03	69	69	8.020535e-01	5.503886e+01	356	happy	happy_9.png
DEV	2	461	2	0	1.616341e+03	66	66	8.081648e-01	5.366394e+01	333	happy	happy_5.png
DEV	2	462	2	0	1.622592e+03	67	0	7.216311e-01	4.852265e+01	672	happy	happy_2.png
CEV	2	463	1	0	1.693975e+03	56	0	6.890000e-01	3.837800e+01	1477	fear	fear_5.png
CEV	2	464	1	0	1.700848e+03	40	0	8.515714e-01	3.444529e+01	339	fear	fear_11.png
CEV	2	465	1	0	1.708165e+03	52	52	7.532857e-01	3.925986e+01	1027	fear	fear_8.png
CEV	2	466	1	0	1.714567e+03	46	46	7.850000e-01	3.621500e+01	805	fear	fear_21.png
CEV	2	467	1	0	1.720644e+03	51	51	7.638571e-01	3.929157e+01	953	fear	fear_4.png
CEV	2	468	1	0	1.726920e+03	44	0	7.645714e-01	3.394171e+01	948	fear	fear_9.png
CEV	2	469	1	0	1.733709e+03	51	51	7.601429e-01	3.852029e+01	979	fear	fear_17.png
CEV	2	470	1	0	1.739898e+03	50	50	7.601429e-01	3.776014e+01	979	fear	fear_16.png
CEV	2	471	1	0	1.745969e+03	47	0	7.655714e-01	3.623443e+01	941	fear	fear_2.png
CEV	2	472	1	0	1.752198e+03	46	0	7.774286e-01	3.544514e+01	858	fear	fear_10.png
CEV	2	473	1	0	1.758723e+03	50	0	7.791429e-01	3.933743e+01	846	fear	fear_19.png
CEV	2	474	1	0	1.764619e+03	51	51	7.298571e-01	37	1191	fear	fear_6.png
CEV	2	475	1	0	1.771286e+03	53	53	7.670000e-01	4.083500e+01	931	fear	fear_13.png
CEV	2	476	1	0	1.777881e+03	45	0	7.587143e-01	3.396514e+01	989	fear	fear_7.png
CEV	2	477	1	0	1.783488e+03	52	52	7.268571e-01	3.772686e+01	1212	fear	fear_1.png
CEV	2	478	1	0	1.789951e+03	57	57	7.108571e-01	4.055429e+01	1324	fear	fear_14.png
CEV	2	479	1	0	1.797070e+03	55	55	6.950000e-01	3.839000e+01	1435	fear	fear_20.png
CEV	2	480	1	0	1.803115e+03	51	51	7.161429e-01	3.628386e+01	1287	fear	fear_18.png
CEV	2	481	1	0	1.809721e+03	46	46	7.271429e-01	3.336429e+01	1210	fear	fear_15.png
CEV	2	482	1	0	1.816019e+03	48	48	7.298571e-01	3.481043e+01	1191	fear	fear_12.png
CEV	2	483	1	0	1.823423e+03	50	0	7.284286e-01	3.627157e+01	1201	fear	fear_3.png
CEV	2	484	1	0	1.830312e+03	51	51	7.612857e-01	3.852257e+01	971	fear	fear_2.png
CEV	2	485	1	0	1.837144e+03	48	0	7.201429e-01	3.483957e+01	1259	fear	fear_3.png
CEV	2	486	1	0	1.844080e+03	47	0	7.477143e-01	3.550457e+01	1066	fear	fear_19.png
CEV	2	487	1	0	1.850249e+03	45	45	7.667143e-01	3.469986e+01	933	fear	fear_20.png
CEV	2	488	1	0	1.856095e+03	42	42	8.071429e-01	3.377143e+01	650	fear	fear_13.png
CEV	2	489	1	0	1.862050e+03	45	45	7.705714e-01	3.468829e+01	906	fear	fear_18.png
CEV	2	490	1	0	1.867655e+03	51	51	7.570000e-01	3.851400e+01	1001	fear	fear_16.png
CEV	2	491	1	0	1.874292e+03	52	52	7.474286e-01	3.849486e+01	1068	fear	fear_7.png
CEV	2	492	1	0	1.881123e+03	50	50	7.497143e-01	3.774971e+01	1052	fear	fear_5.png
CEV	2	493	1	0	1.887130e+03	53	0	7.560000e-01	4.002400e+01	1008	fear	fear_14.png
CEV	2	494	1	0	1.893021e+03	47	47	8.192857e-01	3.863857e+01	565	fear	fear_15.png
CEV	2	495	1	0	1.899098e+03	47	47	7.648571e-01	3.623514e+01	946	fear	fear_17.png
CEV	2	496	1	0	1.905505e+03	48	48	7.851429e-01	3.778514e+01	804	fear	fear_12.png
CEV	2	497	1	0	1.911577e+03	46	46	7.667143e-01	3.546657e+01	933	fear	fear_11.png
CEV	2	498	1	0	1.917180e+03	49	49	7.575714e-01	37	997	fear	fear_9.png
CEV	2	499	1	0	1.923624e+03	51	0	7.744286e-01	3.932329e+01	879	fear	fear_6.png
CEV	2	500	1	0	1.930131e+03	40	40	8.140000e-01	3.293000e+01	602	fear	fear_1.png
CEV	2	501	1	0	1.936587e+03	44	0	7.712857e-01	3.391486e+01	901	fear	fear_21.png
CEV	2	502	1	0	1.942711e+03	51	51	8.100000e-01	4.105000e+01	630	fear	fear_8.png
CEV	2	503	1	0	1.949222e+03	51	51	7.840000e-01	4.013600e+01	812	fear	fear_4.png
CEV	2	504	1	0	1.955439e+03	49	0	7.830000e-01	3.856600e+01	819	fear	fear_10.png
