#Subj:	11177
#Run:	1
#Age:	27
#Gender:	female
#29-Jul-2013
Func	Run	Trial	Block	Null	trialStartTime	Mag	ScoreInc	Freq	EV	RT	Emotion	Image
CEV	   1	   1	  12	   0	2.671256e+01	  47	  47	8.004286e-01	3.780043e+01	 697	 115	  99	 114	  97	 109	scram	scram_16.png	
CEV	   1	   2	  12	   0	3.293442e+01	  39	  39	8.424286e-01	3.278786e+01	 403	 115	  99	 114	  97	 109	scram	scram_8.png	
CEV	   1	   3	  12	   0	3.962561e+01	  45	   0	7.688571e-01	3.469343e+01	 918	 115	  99	 114	  97	 109	scram	scram_15.png	
CEV	   1	   4	  12	   0	4.491292e+01	  41	  41	8.521429e-01	3.529571e+01	 335	 115	  99	 114	  97	 109	scram	scram_12.png	
CEV	   1	   5	  12	   0	5.161132e+01	  40	  40	8.582857e-01	3.442514e+01	 292	 115	  99	 114	  97	 109	scram	scram_3.png	
CEV	   1	   6	  12	   0	5.780734e+01	  43	  43	8.198571e-01	3.536029e+01	 561	 115	  99	 114	  97	 109	scram	scram_2.png	
CEV	   1	   7	  12	   0	6.399378e+01	  48	  48	8.002857e-01	3.860057e+01	 698	 115	  99	 114	  97	 109	scram	scram_5.png	
CEV	   1	   8	  12	   0	7.037718e+01	  48	  48	7.664286e-01	  37	 935	 115	  99	 114	  97	 109	scram	scram_18.png	
CEV	   1	   9	  12	   0	7.647154e+01	  47	   0	7.357143e-01	3.479286e+01	1150	 115	  99	 114	  97	 109	scram	scram_7.png	
CEV	   1	  10	  12	   0	8.282190e+01	  43	   0	8.045714e-01	3.458629e+01	 668	 115	  99	 114	  97	 109	scram	scram_21.png	
CEV	   1	  11	  12	   0	9.026001e+01	  56	   0	6.651429e-01	  37	1644	 115	  99	 114	  97	 109	scram	scram_6.png	
CEV	   1	  12	  12	   0	9.622826e+01	  41	  41	8.280000e-01	3.368800e+01	 504	 115	  99	 114	  97	 109	scram	scram_19.png	
CEV	   1	  13	  12	   0	1.023137e+02	  39	   0	8.571429e-01	3.357143e+01	 300	 115	  99	 114	  97	 109	scram	scram_9.png	
CEV	   1	  14	  12	   0	1.093466e+02	  59	   0	5.812857e-01	3.409357e+01	2231	 115	  99	 114	  97	 109	scram	scram_20.png	
CEV	   1	  15	  12	   0	1.149832e+02	  47	   0	8.395714e-01	3.951871e+01	 423	 115	  99	 114	  97	 109	scram	scram_17.png	
CEV	   1	  16	  12	   0	1.213952e+02	  43	  43	7.872857e-01	3.385086e+01	 789	 115	  99	 114	  97	 109	scram	scram_11.png	
CEV	   1	  17	  12	   0	1.266469e+02	  46	   0	7.760000e-01	3.544800e+01	 868	 115	  99	 114	  97	 109	scram	scram_14.png	
CEV	   1	  18	  12	   0	1.319964e+02	  45	   0	8.051429e-01	3.619486e+01	 664	 115	  99	 114	  97	 109	scram	scram_10.png	
CEV	   1	  19	  12	   0	1.383805e+02	  42	  42	8.240000e-01	3.452800e+01	 532	 115	  99	 114	  97	 109	scram	scram_13.png	
CEV	   1	  20	  12	   0	1.453914e+02	  41	  41	8.162857e-01	3.373486e+01	 586	 115	  99	 114	  97	 109	scram	scram_1.png	
CEV	   1	  21	  12	   0	1.516507e+02	  50	  50	8.025714e-01	4.021029e+01	 682	 115	  99	 114	  97	 109	scram	scram_4.png	
CEV	   1	  22	  12	   0	1.579204e+02	  48	  48	7.710000e-01	  37	 903	 115	  99	 114	  97	 109	scram	scram_12.png	
CEV	   1	  23	  12	   0	1.640605e+02	  51	  51	7.797143e-01	4.011886e+01	 842	 115	  99	 114	  97	 109	scram	scram_3.png	
CEV	   1	  24	  12	   0	1.712962e+02	  46	  46	7.848571e-01	3.621514e+01	 806	 115	  99	 114	  97	 109	scram	scram_2.png	
CEV	   1	  25	  12	   0	1.778597e+02	  45	  45	8.064286e-01	3.619357e+01	 655	 115	  99	 114	  97	 109	scram	scram_11.png	
CEV	   1	  26	  12	   0	1.832118e+02	  41	  41	8.334286e-01	3.449971e+01	 466	 115	  99	 114	  97	 109	scram	scram_9.png	
CEV	   1	  27	  12	   0	1.891115e+02	  43	  43	7.964286e-01	3.461071e+01	 725	 115	  99	 114	  97	 109	scram	scram_5.png	
CEV	   1	  28	  12	   0	1.956625e+02	  45	  45	8.052857e-01	3.619471e+01	 663	 115	  99	 114	  97	 109	scram	scram_21.png	
CEV	   1	  29	  12	   0	2.016410e+02	  50	   0	7.975714e-01	4.019029e+01	 717	 115	  99	 114	  97	 109	scram	scram_20.png	
CEV	   1	  30	  12	   0	2.083512e+02	  47	  47	7.885714e-01	  37	 780	 115	  99	 114	  97	 109	scram	scram_19.png	
CEV	   1	  31	  12	   0	2.149577e+02	  45	   0	7.897143e-01	3.542057e+01	 772	 115	  99	 114	  97	 109	scram	scram_10.png	
CEV	   1	  32	  12	   0	2.206889e+02	  46	  46	7.827143e-01	3.621729e+01	 821	 115	  99	 114	  97	 109	scram	scram_8.png	
CEV	   1	  33	  12	   0	2.260491e+02	  51	  51	7.767143e-01	3.933014e+01	 863	 115	  99	 114	  97	 109	scram	scram_6.png	
CEV	   1	  34	  12	   0	2.318036e+02	  45	  45	7.775714e-01	3.466729e+01	 857	 115	  99	 114	  97	 109	scram	scram_14.png	
CEV	   1	  35	  12	   0	2.379035e+02	  44	  44	7.632857e-01	3.394686e+01	 957	 115	  99	 114	  97	 109	scram	scram_15.png	
CEV	   1	  36	  12	   0	2.438123e+02	  53	   0	7.605714e-01	4.004229e+01	 976	 115	  99	 114	  97	 109	scram	scram_7.png	
CEV	   1	  37	  12	   0	2.515211e+02	  89	  89	4.201429e-01	3.742014e+01	3359	 115	  99	 114	  97	 109	scram	scram_4.png	
CEV	   1	  38	  12	   0	2.593270e+02	  85	  85	4.187143e-01	3.574386e+01	3369	 115	  99	 114	  97	 109	scram	scram_18.png	
CEV	   1	  39	  12	   0	2.658103e+02	  90	  90	4.252857e-01	3.827586e+01	3323	 115	  99	 114	  97	 109	scram	scram_16.png	
CEV	   1	  40	  12	   0	2.741597e+02	  86	  86	4.085714e-01	3.495714e+01	3440	 115	  99	 114	  97	 109	scram	scram_13.png	
CEV	   1	  41	  12	   0	2.819723e+02	  96	   0	3.897143e-01	3.738971e+01	3572	 115	  99	 114	  97	 109	scram	scram_1.png	
CEV	   1	  42	  12	   0	2.892425e+02	  82	  82	4.578571e-01	3.745786e+01	3095	 115	  99	 114	  97	 109	scram	scram_17.png	
DEV	   1	  43	  11	   0	3.603389e+02	  77	  77	5.307188e-01	4.106730e+01	1594	 102	 101	  97	 114	fear	fear_7.png	
DEV	   1	  44	  11	   0	3.666179e+02	  78	  78	5.817951e-01	4.542007e+01	1312	 102	 101	  97	 114	fear	fear_13.png	
DEV	   1	  45	  11	   0	3.736494e+02	  81	  81	4.683694e-01	3.794090e+01	1999	 102	 101	  97	 114	fear	fear_18.png	
DEV	   1	  46	  11	   0	3.799220e+02	  79	   0	4.298166e-01	3.398145e+01	2299	 102	 101	  97	 114	fear	fear_16.png	
DEV	   1	  47	  11	   0	3.859049e+02	  76	  76	7.102718e-01	5.368027e+01	 719	 102	 101	  97	 114	fear	fear_11.png	
DEV	   1	  48	  11	   0	3.918716e+02	  73	  73	8.207534e-01	5.986294e+01	 286	 102	 101	  97	 114	fear	fear_6.png	
DEV	   1	  49	  11	   0	3.972647e+02	  69	  69	8.156484e-01	5.638367e+01	 305	 102	 101	  97	 114	fear	fear_17.png	
DEV	   1	  50	  11	   0	4.031411e+02	  70	  70	7.632836e-01	5.338585e+01	 505	 102	 101	  97	 114	fear	fear_9.png	
DEV	   1	  51	  11	   0	4.085865e+02	  72	  72	7.346349e-01	5.278079e+01	 619	 102	 101	  97	 114	fear	fear_10.png	
DEV	   1	  52	  11	   0	4.149946e+02	  78	   0	6.130515e-01	4.797521e+01	1155	 102	 101	  97	 114	fear	fear_21.png	
DEV	   1	  53	  11	   0	4.226011e+02	  81	  81	4.464224e-01	3.598153e+01	2164	 102	 101	  97	 114	fear	fear_12.png	
DEV	   1	  54	  11	   0	4.297623e+02	  83	   0	4.372981e-01	3.623078e+01	2237	 102	 101	  97	 114	fear	fear_15.png	
DEV	   1	  55	  11	   0	4.373269e+02	  79	   0	4.158893e-01	3.304485e+01	2420	 102	 101	  97	 114	fear	fear_2.png	
DEV	   1	  56	  11	   0	4.436938e+02	  81	  81	5.543622e-01	4.477806e+01	1459	 102	 101	  97	 114	fear	fear_8.png	
DEV	   1	  57	  11	   0	4.502616e+02	  79	   0	5.180522e-01	4.077405e+01	1670	 102	 101	  97	 114	fear	fear_1.png	
DEV	   1	  58	  11	   0	4.582585e+02	  81	  81	3.157904e-01	2.543068e+01	3543	 102	 101	  97	 114	fear	fear_4.png	
DEV	   1	  59	  11	   0	4.656719e+02	  83	  83	3.287867e-01	2.733081e+01	3375	 102	 101	  97	 114	fear	fear_20.png	
DEV	   1	  60	  11	   0	4.736176e+02	  86	  86	3.262151e-01	2.812200e+01	3408	 102	 101	  97	 114	fear	fear_3.png	
DEV	   1	  61	  11	   0	4.806794e+02	  80	  80	3.213348e-01	2.582218e+01	3471	 102	 101	  97	 114	fear	fear_14.png	
DEV	   1	  62	  11	   0	4.880228e+02	  80	   0	3.241969e-01	2.602328e+01	3434	 102	 101	  97	 114	fear	fear_19.png	
DEV	   1	  63	  11	   0	4.959394e+02	  80	   0	3.631542e-01	2.906732e+01	2956	 102	 101	  97	 114	fear	fear_5.png	
DEV	   1	  64	  11	   0	5.032846e+02	  82	  82	3.251276e-01	2.673880e+01	3422	 102	 101	  97	 114	fear	fear_3.png	
DEV	   1	  65	  11	   0	5.109860e+02	  88	   0	3.153294e-01	2.760532e+01	3549	 102	 101	  97	 114	fear	fear_1.png	
DEV	   1	  66	  11	   0	5.194517e+02	  82	  82	3.208716e-01	2.643131e+01	3477	 102	 101	  97	 114	fear	fear_19.png	
DEV	   1	  67	  11	   0	5.266367e+02	  75	  75	5.443757e-01	4.084455e+01	1515	 102	 101	  97	 114	fear	fear_7.png	
DEV	   1	  68	  11	   0	5.338761e+02	  78	  78	5.379168e-01	4.206280e+01	1552	 102	 101	  97	 114	fear	fear_9.png	
DEV	   1	  69	  11	   0	5.405387e+02	  78	   0	5.523805e-01	4.298891e+01	1470	 102	 101	  97	 114	fear	fear_16.png	
DEV	   1	  70	  11	   0	5.480213e+02	  75	  75	5.138240e-01	3.844203e+01	1696	 102	 101	  97	 114	fear	fear_4.png	
DEV	   1	  71	  11	   0	5.538124e+02	  77	  77	4.786928e-01	3.673113e+01	1926	 102	 101	  97	 114	fear	fear_10.png	
DEV	   1	  72	  11	   0	5.598567e+02	  78	   0	4.639649e-01	3.624690e+01	2031	 102	 101	  97	 114	fear	fear_21.png	
DEV	   1	  73	  11	   0	5.663300e+02	  74	  74	5.210107e-01	3.836213e+01	1652	 102	 101	  97	 114	fear	fear_17.png	
DEV	   1	  74	  11	   0	5.734084e+02	  86	  86	3.347606e-01	2.876865e+01	3299	 102	 101	  97	 114	fear	fear_5.png	
DEV	   1	  75	  11	   0	5.814378e+02	  87	   0	3.268375e-01	2.849612e+01	3400	 102	 101	  97	 114	fear	fear_6.png	
DEV	   1	  76	  11	   0	5.900601e+02	  83	   0	3.279282e-01	2.726828e+01	3386	 102	 101	  97	 114	fear	fear_12.png	
DEV	   1	  77	  11	   0	5.969024e+02	  80	   0	3.248172e-01	2.606679e+01	3426	 102	 101	  97	 114	fear	fear_20.png	
DEV	   1	  78	  11	   0	6.034307e+02	  81	  81	5.655312e-01	4.608367e+01	1398	 102	 101	  97	 114	fear	fear_8.png	
DEV	   1	  79	  11	   0	6.104285e+02	  76	  76	5.841127e-01	4.439784e+01	1300	 102	 101	  97	 114	fear	fear_11.png	
DEV	   1	  80	  11	   0	6.162740e+02	  78	   0	5.243281e-01	4.065893e+01	1632	 102	 101	  97	 114	fear	fear_18.png	
DEV	   1	  81	  11	   0	6.230041e+02	  79	  79	5.384364e-01	4.263469e+01	1549	 102	 101	  97	 114	fear	fear_2.png	
DEV	   1	  82	  11	   0	6.298250e+02	  77	   0	5.056840e-01	3.895090e+01	1747	 102	 101	  97	 114	fear	fear_13.png	
DEV	   1	  83	  11	   0	6.359193e+02	  72	   0	5.422688e-01	3.908896e+01	1527	 102	 101	  97	 114	fear	fear_14.png	
DEV	   1	  84	  11	   0	6.436864e+02	  87	   0	3.218754e-01	2.811335e+01	3464	 102	 101	  97	 114	fear	fear_15.png	
IEV	   1	  85	  10	   0	7.330937e+02	  21	  21	8.593953e-01	1.803820e+01	1124	 104	  97	 112	 112	 121	happy	happy_19.png	
IEV	   1	  86	  10	   0	7.398705e+02	  42	  42	7.466708e-01	3.115712e+01	2091	 104	  97	 112	 112	 121	happy	happy_18.png	
IEV	   1	  87	  10	   0	7.455054e+02	  17	  17	8.799792e-01	1.506795e+01	 807	 104	  97	 112	 112	 121	happy	happy_12.png	
IEV	   1	  88	  10	   0	7.535650e+02	  50	  50	6.861999e-01	3.445873e+01	2457	 104	  97	 112	 112	 121	happy	happy_14.png	
IEV	   1	  89	  10	   0	7.607776e+02	  79	   0	5.642128e-01	4.471718e+01	3096	 104	  97	 112	 112	 121	happy	happy_17.png	
IEV	   1	  90	  10	   0	7.679061e+02	 110	   0	4.614767e-01	5.062784e+01	3593	 104	  97	 112	 112	 121	happy	happy_5.png	
IEV	   1	  91	  10	   0	7.741094e+02	  27	  27	8.723790e-01	2.320995e+01	 939	 104	  97	 112	 112	 121	happy	happy_8.png	
IEV	   1	  92	  10	   0	7.807318e+02	  31	  31	8.369278e-01	2.583323e+01	1379	 104	  97	 112	 112	 121	happy	happy_13.png	
IEV	   1	  93	  10	   0	7.878125e+02	  30	  30	8.019766e-01	2.376623e+01	1693	 104	  97	 112	 112	 121	happy	happy_6.png	
IEV	   1	  94	  10	   0	7.950599e+02	  53	  53	6.909378e-01	3.686999e+01	2430	 104	  97	 112	 112	 121	happy	happy_15.png	
IEV	   1	  95	  10	   0	8.023709e+02	  69	  69	6.314141e-01	4.334375e+01	2755	 104	  97	 112	 112	 121	happy	happy_2.png	
IEV	   1	  96	  10	   0	8.096973e+02	  67	   0	6.254791e-01	4.181031e+01	2786	 104	  97	 112	 112	 121	happy	happy_7.png	
IEV	   1	  97	  10	   0	8.166038e+02	  54	  54	7.052410e-01	3.795649e+01	2347	 104	  97	 112	 112	 121	happy	happy_4.png	
IEV	   1	  98	  10	   0	8.247105e+02	 116	 116	4.293087e-01	4.975632e+01	3747	 104	  97	 112	 112	 121	happy	happy_10.png	
IEV	   1	  99	  10	   0	8.326616e+02	 130	 130	4.107738e-01	5.341262e+01	3836	 104	  97	 112	 112	 121	happy	happy_21.png	
IEV	   1	 100	  10	   0	8.408530e+02	 130	 130	4.012237e-01	5.213008e+01	3882	 104	  97	 112	 112	 121	happy	happy_20.png	
IEV	   1	 101	  10	   0	8.490792e+02	 127	   0	4.220121e-01	5.344385e+01	3782	 104	  97	 112	 112	 121	happy	happy_9.png	
IEV	   1	 102	  10	   0	8.574697e+02	 133	   0	3.945951e-01	5.237510e+01	3914	 104	  97	 112	 112	 121	happy	happy_16.png	
IEV	   1	 103	  10	   0	8.649800e+02	 115	   0	4.282658e-01	4.937289e+01	3752	 104	  97	 112	 112	 121	happy	happy_3.png	
IEV	   1	 104	  10	   0	8.709831e+02	  23	  23	8.421309e-01	1.935836e+01	1325	 104	  97	 112	 112	 121	happy	happy_11.png	
IEV	   1	 105	  10	   0	8.789922e+02	  92	  92	5.123212e-01	4.737509e+01	3349	 104	  97	 112	 112	 121	happy	happy_1.png	
IEV	   1	 106	  10	   0	8.865116e+02	 109	   0	4.667010e-01	5.087773e+01	3568	 104	  97	 112	 112	 121	happy	happy_21.png	
IEV	   1	 107	  10	   0	8.944711e+02	 100	 100	4.923695e-01	4.930563e+01	3445	 104	  97	 112	 112	 121	happy	happy_10.png	
IEV	   1	 108	  10	   0	9.020234e+02	 113	   0	4.526988e-01	5.098598e+01	3635	 104	  97	 112	 112	 121	happy	happy_8.png	
IEV	   1	 109	  10	   0	9.086191e+02	 107	   0	4.779796e-01	5.136750e+01	3514	 104	  97	 112	 112	 121	happy	happy_1.png	
IEV	   1	 110	  10	   0	9.163957e+02	 103	 103	4.846570e-01	5.012946e+01	3482	 104	  97	 112	 112	 121	happy	happy_9.png	
IEV	   1	 111	  10	   0	9.235030e+02	 102	   0	4.754742e-01	4.861431e+01	3526	 104	  97	 112	 112	 121	happy	happy_11.png	
IEV	   1	 112	  10	   0	9.315667e+02	 123	 123	4.076571e-01	5.025755e+01	3851	 104	  97	 112	 112	 121	happy	happy_19.png	
IEV	   1	 113	  10	   0	9.392434e+02	 124	 124	4.086957e-01	5.062265e+01	3846	 104	  97	 112	 112	 121	happy	happy_2.png	
IEV	   1	 114	  10	   0	9.471743e+02	 125	   0	4.203456e-01	5.266023e+01	3790	 104	  97	 112	 112	 121	happy	happy_5.png	
IEV	   1	 115	  10	   0	9.541955e+02	 117	 117	4.247212e-01	4.952801e+01	3769	 104	  97	 112	 112	 121	happy	happy_6.png	
IEV	   1	 116	  10	   0	9.616594e+02	 127	   0	4.072417e-01	5.190392e+01	3853	 104	  97	 112	 112	 121	happy	happy_20.png	
IEV	   1	 117	  10	   0	9.688393e+02	 132	   0	4.001871e-01	5.296905e+01	3887	 104	  97	 112	 112	 121	happy	happy_13.png	
IEV	   1	 118	  10	   0	9.764000e+02	 125	   0	4.082802e-01	5.104797e+01	3848	 104	  97	 112	 112	 121	happy	happy_18.png	
IEV	   1	 119	  10	   0	9.840165e+02	  87	   0	5.133574e-01	4.475805e+01	3344	 104	  97	 112	 112	 121	happy	happy_7.png	
IEV	   1	 120	  10	   0	9.917229e+02	 101	 101	4.731771e-01	4.777256e+01	3537	 104	  97	 112	 112	 121	happy	happy_17.png	
IEV	   1	 121	  10	   0	9.995267e+02	 117	 117	4.324382e-01	5.048601e+01	3732	 104	  97	 112	 112	 121	happy	happy_4.png	
IEV	   1	 122	  10	   0	1.006910e+03	 115	 115	4.414159e-01	5.055221e+01	3689	 104	  97	 112	 112	 121	happy	happy_14.png	
IEV	   1	 123	  10	   0	1.014416e+03	 123	   0	4.313949e-01	5.311747e+01	3737	 104	  97	 112	 112	 121	happy	happy_3.png	
IEV	   1	 124	  10	   0	1.022399e+03	 111	   0	4.412070e-01	4.879599e+01	3690	 104	  97	 112	 112	 121	happy	happy_15.png	
IEV	   1	 125	  10	   0	1.029713e+03	 115	 115	4.353603e-01	4.992940e+01	3718	 104	  97	 112	 112	 121	happy	happy_12.png	
IEV	   1	 126	  10	   0	1.038121e+03	 104	   0	4.746389e-01	4.912705e+01	3530	 104	  97	 112	 112	 121	happy	happy_16.png	
CEVR	   1	 127	   9	   0	1.110945e+03	 148	   0	2.486082e-01	3.675139e+01	1091	 102	 101	  97	 114	fear	fear_10.png	
CEVR	   1	 128	   9	   0	1.116386e+03	 166	   0	2.196404e-01	3.656072e+01	 404	 102	 101	  97	 114	fear	fear_16.png	
CEVR	   1	 129	   9	   0	1.122739e+03	 136	   0	2.760605e-01	3.755212e+01	1609	 102	 101	  97	 114	fear	fear_2.png	
CEVR	   1	 130	   9	   0	1.129523e+03	 112	   0	3.371518e-01	3.767430e+01	2459	 102	 101	  97	 114	fear	fear_15.png	
CEVR	   1	 131	   9	   0	1.136321e+03	  95	  95	3.792094e-01	3.586237e+01	2885	 102	 101	  97	 114	fear	fear_21.png	
CEVR	   1	 132	   9	   0	1.144025e+03	 101	 101	3.842730e-01	3.892136e+01	2930	 102	 101	  97	 114	fear	fear_5.png	
CEVR	   1	 133	   9	   0	1.151198e+03	  94	   0	3.731988e-01	3.513401e+01	2830	 102	 101	  97	 114	fear	fear_11.png	
CEVR	   1	 134	   9	   0	1.159186e+03	  96	   0	4.029247e-01	3.861170e+01	3086	 102	 101	  97	 114	fear	fear_8.png	
CEVR	   1	 135	   9	   0	1.166967e+03	  83	  83	4.289500e-01	3.571315e+01	3281	 102	 101	  97	 114	fear	fear_6.png	
CEVR	   1	 136	   9	   0	1.174647e+03	  82	   0	4.537491e-01	3.700000e+01	3446	 102	 101	  97	 114	fear	fear_18.png	
CEVR	   1	 137	   9	   0	1.182088e+03	 103	   0	3.475577e-01	3.595733e+01	2574	 102	 101	  97	 114	fear	fear_13.png	
CEVR	   1	 138	   9	   0	1.188541e+03	 106	   0	3.521893e-01	3.735219e+01	2623	 102	 101	  97	 114	fear	fear_1.png	
CEVR	   1	 139	   9	   0	1.196180e+03	  97	   0	3.693668e-01	3.589190e+01	2794	 102	 101	  97	 114	fear	fear_3.png	
CEVR	   1	 140	   9	   0	1.203329e+03	  95	  95	3.907664e-01	  37	2986	 102	 101	  97	 114	fear	fear_20.png	
CEVR	   1	 141	   9	   0	1.209949e+03	  97	  97	3.861061e-01	3.738611e+01	2946	 102	 101	  97	 114	fear	fear_17.png	
CEVR	   1	 142	   9	   0	1.217823e+03	  98	   0	3.753623e-01	3.662464e+01	2850	 102	 101	  97	 114	fear	fear_19.png	
CEVR	   1	 143	   9	   0	1.225009e+03	  84	  84	4.278163e-01	3.614437e+01	3273	 102	 101	  97	 114	fear	fear_12.png	
CEVR	   1	 144	   9	   0	1.233015e+03	  80	  80	4.673403e-01	3.746734e+01	3529	 102	 101	  97	 114	fear	fear_7.png	
CEVR	   1	 145	   9	   0	1.240049e+03	  81	   0	4.769797e-01	3.843094e+01	3585	 102	 101	  97	 114	fear	fear_9.png	
CEVR	   1	 146	   9	   0	1.247370e+03	  92	  92	4.120267e-01	3.782405e+01	3157	 102	 101	  97	 114	fear	fear_4.png	
CEVR	   1	 147	   9	   0	1.254484e+03	  85	  85	4.382403e-01	3.743824e+01	3345	 102	 101	  97	 114	fear	fear_14.png	
CEVR	   1	 148	   9	   0	1.262564e+03	  97	   0	3.996914e-01	3.859877e+01	3060	 102	 101	  97	 114	fear	fear_21.png	
CEVR	   1	 149	   9	   0	1.270229e+03	  85	  85	4.532727e-01	3.835982e+01	3443	 102	 101	  97	 114	fear	fear_7.png	
CEVR	   1	 150	   9	   0	1.277958e+03	  85	  85	4.424325e-01	3.744243e+01	3373	 102	 101	  97	 114	fear	fear_18.png	
CEVR	   1	 151	   9	   0	1.285436e+03	  80	  80	4.577589e-01	3.654224e+01	3471	 102	 101	  97	 114	fear	fear_3.png	
CEVR	   1	 152	   9	   0	1.292730e+03	 107	 107	3.377673e-01	3.598670e+01	2466	 102	 101	  97	 114	fear	fear_19.png	
CEVR	   1	 153	   9	   0	1.299094e+03	 115	 115	3.192014e-01	3.668080e+01	2243	 102	 101	  97	 114	fear	fear_12.png	
CEVR	   1	 154	   9	   0	1.305863e+03	 122	   0	3.045626e-01	3.730456e+01	2048	 102	 101	  97	 114	fear	fear_16.png	
CEVR	   1	 155	   9	   0	1.312126e+03	 118	   0	3.187300e-01	3.763746e+01	2237	 102	 101	  97	 114	fear	fear_2.png	
CEVR	   1	 156	   9	   0	1.318541e+03	 114	 114	3.272681e-01	3.732727e+01	2343	 102	 101	  97	 114	fear	fear_15.png	
CEVR	   1	 157	   9	   0	1.325769e+03	 109	 109	3.269376e-01	3.569225e+01	2339	 102	 101	  97	 114	fear	fear_1.png	
CEVR	   1	 158	   9	   0	1.333434e+03	 111	   0	3.347983e-01	  37	2432	 102	 101	  97	 114	fear	fear_13.png	
CEVR	   1	 159	   9	   0	1.340400e+03	 115	   0	3.191227e-01	3.668088e+01	2242	 102	 101	  97	 114	fear	fear_6.png	
CEVR	   1	 160	   9	   0	1.347990e+03	 111	   0	3.400735e-01	3.768015e+01	2492	 102	 101	  97	 114	fear	fear_11.png	
CEVR	   1	 161	   9	   0	1.354481e+03	 109	 109	3.399842e-01	3.700000e+01	2491	 102	 101	  97	 114	fear	fear_17.png	
CEVR	   1	 162	   9	   0	1.361796e+03	 103	   0	3.445065e-01	3.562197e+01	2541	 102	 101	  97	 114	fear	fear_9.png	
CEVR	   1	 163	   9	   0	1.368853e+03	 114	   0	3.328193e-01	3.799846e+01	2409	 102	 101	  97	 114	fear	fear_8.png	
CEVR	   1	 164	   9	   0	1.376781e+03	 103	 103	3.467202e-01	3.561312e+01	2565	 102	 101	  97	 114	fear	fear_10.png	
CEVR	   1	 165	   9	   0	1.383945e+03	 102	 102	3.534389e-01	3.593968e+01	2636	 102	 101	  97	 114	fear	fear_20.png	
CEVR	   1	 166	   9	   0	1.390748e+03	 107	   0	3.421400e-01	3.665786e+01	2515	 102	 101	  97	 114	fear	fear_14.png	
CEVR	   1	 167	   9	   0	1.397419e+03	 104	   0	3.549890e-01	3.700000e+01	2652	 102	 101	  97	 114	fear	fear_4.png	
CEVR	   1	 168	   9	   0	1.405501e+03	 109	   0	3.382968e-01	  37	2472	 102	 101	  97	 114	fear	fear_5.png	
DEV	   1	 169	   8	   0	1.474688e+03	  73	   0	7.381038e-01	5.368936e+01	 605	 115	  99	 114	  97	 109	scram	scram_13.png	
DEV	   1	 170	   8	   0	1.480318e+03	  73	   0	5.737765e-01	4.204373e+01	1354	 115	  99	 114	  97	 109	scram	scram_11.png	
DEV	   1	 171	   8	   0	1.487957e+03	  78	   0	4.199427e-01	3.289824e+01	2384	 115	  99	 114	  97	 109	scram	scram_9.png	
DEV	   1	 172	   8	   0	1.495578e+03	  85	  85	3.469987e-01	2.933891e+01	3147	 115	  99	 114	  97	 109	scram	scram_16.png	
DEV	   1	 173	   8	   0	1.503363e+03	  81	  81	3.208716e-01	2.611044e+01	3477	 115	  99	 114	  97	 109	scram	scram_3.png	
DEV	   1	 174	   8	   0	1.510651e+03	  85	   0	3.204858e-01	2.736483e+01	3482	 115	  99	 114	  97	 109	scram	scram_10.png	
DEV	   1	 175	   8	   0	1.517714e+03	  80	   0	3.744402e-01	2.983933e+01	2830	 115	  99	 114	  97	 109	scram	scram_20.png	
DEV	   1	 176	   8	   0	1.525388e+03	  86	  86	2.917451e-01	2.516004e+01	3855	 115	  99	 114	  97	 109	scram	scram_4.png	
DEV	   1	 177	   8	   0	1.532022e+03	  71	  71	7.975576e-01	5.645283e+01	 373	 115	  99	 114	  97	 109	scram	scram_17.png	
DEV	   1	 178	   8	   0	1.539772e+03	  88	  88	2.968747e-01	2.615284e+01	3789	 115	  99	 114	  97	 109	scram	scram_8.png	
DEV	   1	 179	   8	   0	1.548422e+03	  84	   0	2.991940e-01	2.514031e+01	3759	 115	  99	 114	  97	 109	scram	scram_19.png	
DEV	   1	 180	   8	   0	1.554949e+03	  70	  70	8.020535e-01	5.584092e+01	 356	 115	  99	 114	  97	 109	scram	scram_21.png	
DEV	   1	 181	   8	   0	1.560713e+03	  68	   0	7.820969e-01	5.343084e+01	 432	 115	  99	 114	  97	 109	scram	scram_15.png	
DEV	   1	 182	   8	   0	1.567955e+03	  84	  84	2.970296e-01	2.497704e+01	3787	 115	  99	 114	  97	 109	scram	scram_1.png	
DEV	   1	 183	   8	   0	1.575248e+03	  81	   0	3.054292e-01	2.469196e+01	3678	 115	  99	 114	  97	 109	scram	scram_12.png	
DEV	   1	 184	   8	   0	1.582683e+03	  84	  84	2.995799e-01	2.516938e+01	3754	 115	  99	 114	  97	 109	scram	scram_7.png	
DEV	   1	 185	   8	   0	1.591156e+03	  82	   0	3.076555e-01	2.515915e+01	3649	 115	  99	 114	  97	 109	scram	scram_14.png	
DEV	   1	 186	   8	   0	1.598036e+03	  80	   0	3.243519e-01	2.603416e+01	3432	 115	  99	 114	  97	 109	scram	scram_2.png	
DEV	   1	 187	   8	   0	1.605285e+03	  81	   0	2.973391e-01	2.410840e+01	3783	 115	  99	 114	  97	 109	scram	scram_18.png	
DEV	   1	 188	   8	   0	1.612706e+03	  82	   0	2.851453e-01	2.350240e+01	3939	 115	  99	 114	  97	 109	scram	scram_5.png	
DEV	   1	 189	   8	   0	1.620513e+03	  80	  80	3.205630e-01	2.576783e+01	3481	 115	  99	 114	  97	 109	scram	scram_6.png	
DEV	   1	 190	   8	   0	1.627573e+03	  79	   0	3.413071e-01	2.687138e+01	3217	 115	  99	 114	  97	 109	scram	scram_8.png	
DEV	   1	 191	   8	   0	1.634215e+03	  82	   0	4.211963e-01	3.466618e+01	2373	 115	  99	 114	  97	 109	scram	scram_7.png	
DEV	   1	 192	   8	   0	1.641634e+03	  82	   0	3.355528e-01	2.748612e+01	3289	 115	  99	 114	  97	 109	scram	scram_15.png	
DEV	   1	 193	   8	   0	1.649055e+03	  85	   0	3.160209e-01	2.671110e+01	3540	 115	  99	 114	  97	 109	scram	scram_16.png	
DEV	   1	 194	   8	   0	1.657095e+03	  85	   0	2.977259e-01	2.532734e+01	3778	 115	  99	 114	  97	 109	scram	scram_2.png	
DEV	   1	 195	   8	   0	1.664202e+03	  78	   0	3.855637e-01	3.020913e+01	2712	 115	  99	 114	  97	 109	scram	scram_18.png	
DEV	   1	 196	   8	   0	1.671428e+03	  80	  80	3.468346e-01	2.759267e+01	3149	 115	  99	 114	  97	 109	scram	scram_3.png	
DEV	   1	 197	   8	   0	1.676745e+03	  70	  70	8.084312e-01	5.690753e+01	 332	 115	  99	 114	  97	 109	scram	scram_6.png	
DEV	   1	 198	   8	   0	1.682496e+03	  70	  70	7.941319e-01	5.551185e+01	 386	 115	  99	 114	  97	 109	scram	scram_20.png	
DEV	   1	 199	   8	   0	1.689515e+03	  74	  74	7.556566e-01	5.606085e+01	 535	 115	  99	 114	  97	 109	scram	scram_13.png	
DEV	   1	 200	   8	   0	1.695777e+03	  72	  72	7.849624e-01	5.668980e+01	 421	 115	  99	 114	  97	 109	scram	scram_9.png	
DEV	   1	 201	   8	   0	1.701389e+03	  74	   0	7.673765e-01	5.663905e+01	 489	 115	  99	 114	  97	 109	scram	scram_5.png	
DEV	   1	 202	   8	   0	1.709291e+03	  80	   0	3.507995e-01	2.821487e+01	3101	 115	  99	 114	  97	 109	scram	scram_11.png	
DEV	   1	 203	   8	   0	1.716660e+03	  83	   0	3.566028e-01	2.968611e+01	3032	 115	  99	 114	  97	 109	scram	scram_19.png	
DEV	   1	 204	   8	   0	1.724688e+03	  87	  87	3.478207e-01	3.009499e+01	3137	 115	  99	 114	  97	 109	scram	scram_4.png	
DEV	   1	 205	   8	   0	1.732602e+03	  80	  80	3.496373e-01	2.813425e+01	3115	 115	  99	 114	  97	 109	scram	scram_1.png	
DEV	   1	 206	   8	   0	1.740007e+03	  86	   0	3.512158e-01	3.035102e+01	3096	 115	  99	 114	  97	 109	scram	scram_14.png	
DEV	   1	 207	   8	   0	1.746412e+03	  69	  69	8.161847e-01	5.640449e+01	 303	 115	  99	 114	  97	 109	scram	scram_10.png	
DEV	   1	 208	   8	   0	1.753792e+03	  83	   0	3.383385e-01	2.802283e+01	3254	 115	  99	 114	  97	 109	scram	scram_21.png	
DEV	   1	 209	   8	   0	1.760927e+03	  82	   0	3.625433e-01	2.975044e+01	2963	 115	  99	 114	  97	 109	scram	scram_12.png	
DEV	   1	 210	   8	   0	1.767236e+03	  69	   0	8.167213e-01	5.642527e+01	 301	 115	  99	 114	  97	 109	scram	scram_17.png	
CEVR	   1	 211	   7	   0	1.836731e+03	 159	 159	2.287178e-01	3.631385e+01	 638	 104	  97	 112	 112	 121	happy	happy_21.png	
CEVR	   1	 212	   7	   0	1.842161e+03	 166	 166	2.174643e-01	3.613014e+01	 345	 104	  97	 112	 112	 121	happy	happy_16.png	
CEVR	   1	 213	   7	   0	1.848057e+03	 171	   0	2.151878e-01	3.678481e+01	 282	 104	  97	 112	 112	 121	happy	happy_9.png	
CEVR	   1	 214	   7	   0	1.853490e+03	 163	   0	2.253350e-01	3.677467e+01	 553	 104	  97	 112	 112	 121	happy	happy_10.png	
CEVR	   1	 215	   7	   0	1.860022e+03	 165	   0	2.253742e-01	3.722537e+01	 554	 104	  97	 112	 112	 121	happy	happy_8.png	
CEVR	   1	 216	   7	   0	1.866142e+03	 175	   0	2.168816e-01	3.786753e+01	 329	 104	  97	 112	 112	 121	happy	happy_7.png	
CEVR	   1	 217	   7	   0	1.872622e+03	 153	 153	2.375711e-01	3.628729e+01	 849	 104	  97	 112	 112	 121	happy	happy_13.png	
CEVR	   1	 218	   7	   0	1.878855e+03	 160	 160	2.334595e-01	3.746692e+01	 753	 104	  97	 112	 112	 121	happy	happy_14.png	
CEVR	   1	 219	   7	   0	1.885098e+03	 158	   0	2.343467e-01	3.700000e+01	 774	 104	  97	 112	 112	 121	happy	happy_17.png	
CEVR	   1	 220	   7	   0	1.892246e+03	 162	   0	2.342196e-01	3.793688e+01	 771	 104	  97	 112	 112	 121	happy	happy_20.png	
CEVR	   1	 221	   7	   0	1.897873e+03	 152	   0	2.417398e-01	3.675826e+01	 943	 104	  97	 112	 112	 121	happy	happy_6.png	
CEVR	   1	 222	   7	   0	1.903442e+03	 164	   0	2.281536e-01	3.745631e+01	 624	 104	  97	 112	 112	 121	happy	happy_1.png	
CEVR	   1	 223	   7	   0	1.910340e+03	 154	 154	2.373969e-01	3.652521e+01	 845	 104	  97	 112	 112	 121	happy	happy_19.png	
CEVR	   1	 224	   7	   0	1.915832e+03	 156	   0	2.385338e-01	3.723853e+01	 871	 104	  97	 112	 112	 121	happy	happy_2.png	
CEVR	   1	 225	   7	   0	1.922272e+03	 159	   0	2.254526e-01	3.587274e+01	 556	 104	  97	 112	 112	 121	happy	happy_11.png	
CEVR	   1	 226	   7	   0	1.929402e+03	 157	   0	2.317881e-01	3.630464e+01	 713	 104	  97	 112	 112	 121	happy	happy_3.png	
CEVR	   1	 227	   7	   0	1.935843e+03	 160	   0	2.340926e-01	3.746819e+01	 768	 104	  97	 112	 112	 121	happy	happy_5.png	
CEVR	   1	 228	   7	   0	1.941841e+03	 157	   0	2.390622e-01	3.747812e+01	 883	 104	  97	 112	 112	 121	happy	happy_12.png	
CEVR	   1	 229	   7	   0	1.947251e+03	 150	   0	2.492302e-01	3.749846e+01	1104	 104	  97	 112	 112	 121	happy	happy_18.png	
CEVR	   1	 230	   7	   0	1.953428e+03	 162	 162	2.276323e-01	3.677237e+01	 611	 104	  97	 112	 112	 121	happy	happy_4.png	
CEVR	   1	 231	   7	   0	1.959846e+03	 159	   0	2.305091e-01	3.653898e+01	 682	 104	  97	 112	 112	 121	happy	happy_15.png	
CEVR	   1	 232	   7	   0	1.966601e+03	 155	 155	2.349846e-01	3.653003e+01	 789	 104	  97	 112	 112	 121	happy	happy_20.png	
CEVR	   1	 233	   7	   0	1.973145e+03	 163	   0	2.314153e-01	3.769425e+01	 704	 104	  97	 112	 112	 121	happy	happy_15.png	
CEVR	   1	 234	   7	   0	1.979275e+03	 163	   0	2.330814e-01	3.793233e+01	 744	 104	  97	 112	 112	 121	happy	happy_2.png	
CEVR	   1	 235	   7	   0	1.985559e+03	 159	   0	2.377019e-01	3.771311e+01	 852	 104	  97	 112	 112	 121	happy	happy_8.png	
CEVR	   1	 236	   7	   0	1.992609e+03	 138	   0	2.744807e-01	3.782344e+01	1582	 104	  97	 112	 112	 121	happy	happy_18.png	
CEVR	   1	 237	   7	   0	1.999294e+03	 160	 160	2.292441e-01	3.677076e+01	 651	 104	  97	 112	 112	 121	happy	happy_21.png	
CEVR	   1	 238	   7	   0	2.005090e+03	 164	   0	2.294066e-01	3.768822e+01	 655	 104	  97	 112	 112	 121	happy	happy_12.png	
CEVR	   1	 239	   7	   0	2.011526e+03	 156	   0	2.335859e-01	3.653283e+01	 756	 104	  97	 112	 112	 121	happy	happy_4.png	
CEVR	   1	 240	   7	   0	2.017838e+03	 153	   0	2.399926e-01	3.676001e+01	 904	 104	  97	 112	 112	 121	happy	happy_13.png	
CEVR	   1	 241	   7	   0	2.024248e+03	 163	 163	2.313326e-01	3.769400e+01	 702	 104	  97	 112	 112	 121	happy	happy_19.png	
CEVR	   1	 242	   7	   0	2.030452e+03	 165	   0	2.298545e-01	3.791942e+01	 666	 104	  97	 112	 112	 121	happy	happy_11.png	
CEVR	   1	 243	   7	   0	2.036216e+03	 157	   0	2.356688e-01	  37	 805	 104	  97	 112	 112	 121	happy	happy_16.png	
CEVR	   1	 244	   7	   0	2.042140e+03	 160	 160	2.324538e-01	3.723245e+01	 729	 104	  97	 112	 112	 121	happy	happy_6.png	
CEVR	   1	 245	   7	   0	2.048436e+03	 158	   0	2.300995e-01	3.630970e+01	 672	 104	  97	 112	 112	 121	happy	happy_17.png	
CEVR	   1	 246	   7	   0	2.054178e+03	 160	   0	2.339234e-01	3.746785e+01	 764	 104	  97	 112	 112	 121	happy	happy_14.png	
CEVR	   1	 247	   7	   0	2.061066e+03	 159	   0	2.371361e-01	3.771141e+01	 839	 104	  97	 112	 112	 121	happy	happy_7.png	
CEVR	   1	 248	   7	   0	2.067312e+03	 158	 158	2.341349e-01	  37	 769	 104	  97	 112	 112	 121	happy	happy_9.png	
CEVR	   1	 249	   7	   0	2.072943e+03	 155	 155	2.322870e-01	3.607085e+01	 725	 104	  97	 112	 112	 121	happy	happy_1.png	
CEVR	   1	 250	   7	   0	2.079940e+03	 158	   0	2.370926e-01	3.747419e+01	 838	 104	  97	 112	 112	 121	happy	happy_10.png	
CEVR	   1	 251	   7	   0	2.086339e+03	 152	   0	2.387097e-01	3.628387e+01	 875	 104	  97	 112	 112	 121	happy	happy_3.png	
CEVR	   1	 252	   7	   0	2.092877e+03	 155	 155	2.333333e-01	3.606667e+01	 750	 104	  97	 112	 112	 121	happy	happy_5.png	
#29-Jul-2013
IEV	   2	 253	   6	   0	2.278236e+01	  14	  14	8.944489e-01	1.249026e+01	 433	 115	  99	 114	  97	 109	scram	scram_3.png	
IEV	   2	 254	   6	   0	2.893027e+01	  25	  25	8.701991e-01	2.176954e+01	 973	 115	  99	 114	  97	 109	scram	scram_17.png	
IEV	   2	 255	   6	   0	3.444417e+01	  31	   0	8.450097e-01	2.661514e+01	1294	 115	  99	 114	  97	 109	scram	scram_18.png	
IEV	   2	 256	   6	   0	4.110188e+01	  40	  40	7.891991e-01	3.134692e+01	1793	 115	  99	 114	  97	 109	scram	scram_2.png	
IEV	   2	 257	   6	   0	4.852030e+01	  48	  48	7.442077e-01	3.582654e+01	2107	 115	  99	 114	  97	 109	scram	scram_13.png	
IEV	   2	 258	   6	   0	5.465607e+01	  40	  40	7.386021e-01	2.960534e+01	2143	 115	  99	 114	  97	 109	scram	scram_9.png	
IEV	   2	 259	   6	   0	6.215185e+01	  59	  59	6.844349e-01	4.006462e+01	2467	 115	  99	 114	  97	 109	scram	scram_8.png	
IEV	   2	 260	   6	   0	6.959775e+01	  61	  61	6.663069e-01	4.056492e+01	2568	 115	  99	 114	  97	 109	scram	scram_7.png	
IEV	   2	 261	   6	   0	7.717611e+01	  61	  61	6.545497e-01	3.999828e+01	2632	 115	  99	 114	  97	 109	scram	scram_4.png	
IEV	   2	 262	   6	   0	8.490988e+01	  67	   0	5.948498e-01	4.003268e+01	2943	 115	  99	 114	  97	 109	scram	scram_14.png	
IEV	   2	 263	   6	   0	9.196667e+01	  82	  82	5.503933e-01	4.490328e+01	3164	 115	  99	 114	  97	 109	scram	scram_12.png	
IEV	   2	 264	   6	   0	9.978559e+01	  90	  90	5.197745e-01	4.701111e+01	3313	 115	  99	 114	  97	 109	scram	scram_1.png	
IEV	   2	 265	   6	   0	1.076824e+02	 108	 108	4.497731e-01	4.840500e+01	3649	 115	  99	 114	  97	 109	scram	scram_10.png	
IEV	   2	 266	   6	   0	1.148582e+02	 121	 121	4.132689e-01	5.002078e+01	3824	 115	  99	 114	  97	 109	scram	scram_16.png	
IEV	   2	 267	   6	   0	1.223838e+02	 128	   0	3.939744e-01	5.042795e+01	3917	 115	  99	 114	  97	 109	scram	scram_20.png	
IEV	   2	 268	   6	   0	1.297861e+02	 112	   0	4.439226e-01	4.956068e+01	3677	 115	  99	 114	  97	 109	scram	scram_11.png	
IEV	   2	 269	   6	   0	1.366407e+02	 121	   0	4.293087e-01	5.190286e+01	3747	 115	  99	 114	  97	 109	scram	scram_21.png	
IEV	   2	 270	   6	   0	1.450086e+02	 123	   0	4.176386e-01	5.150484e+01	3803	 115	  99	 114	  97	 109	scram	scram_6.png	
IEV	   2	 271	   6	   0	1.527129e+02	  85	  85	5.263837e-01	4.457792e+01	3281	 115	  99	 114	  97	 109	scram	scram_5.png	
IEV	   2	 272	   6	   0	1.607288e+02	 106	   0	4.806930e-01	5.077816e+01	3501	 115	  99	 114	  97	 109	scram	scram_19.png	
IEV	   2	 273	   6	   0	1.691130e+02	  96	  96	4.938274e-01	4.726552e+01	3438	 115	  99	 114	  97	 109	scram	scram_15.png	
IEV	   2	 274	   6	   0	1.774218e+02	 101	   0	4.865339e-01	4.907629e+01	3473	 115	  99	 114	  97	 109	scram	scram_12.png	
IEV	   2	 275	   6	   0	1.850172e+02	  98	  98	4.892440e-01	4.797608e+01	3460	 115	  99	 114	  97	 109	scram	scram_14.png	
IEV	   2	 276	   6	   0	1.925927e+02	 100	 100	4.981985e-01	5.004162e+01	3417	 115	  99	 114	  97	 109	scram	scram_18.png	
IEV	   2	 277	   6	   0	2.013012e+02	  96	  96	4.865339e-01	4.664362e+01	3473	 115	  99	 114	  97	 109	scram	scram_6.png	
IEV	   2	 278	   6	   0	2.086603e+02	 103	   0	4.669100e-01	4.806775e+01	3567	 115	  99	 114	  97	 109	scram	scram_4.png	
IEV	   2	 279	   6	   0	2.158270e+02	  94	  94	5.090030e-01	4.804426e+01	3365	 115	  99	 114	  97	 109	scram	scram_7.png	
IEV	   2	 280	   6	   0	2.237903e+02	  98	   0	5.058894e-01	4.970806e+01	3380	 115	  99	 114	  97	 109	scram	scram_5.png	
IEV	   2	 281	   6	   0	2.307260e+02	  92	  92	5.199813e-01	4.804089e+01	3312	 115	  99	 114	  97	 109	scram	scram_8.png	
IEV	   2	 282	   6	   0	2.385905e+02	 109	   0	4.700438e-01	5.121094e+01	3552	 115	  99	 114	  97	 109	scram	scram_17.png	
IEV	   2	 283	   6	   0	2.457319e+02	 124	   0	4.299345e-01	5.316884e+01	3744	 115	  99	 114	  97	 109	scram	scram_15.png	
IEV	   2	 284	   6	   0	2.538824e+02	 109	   0	4.669100e-01	5.086921e+01	3567	 115	  99	 114	  97	 109	scram	scram_13.png	
IEV	   2	 285	   6	   0	2.616148e+02	 101	 101	4.746389e-01	4.770313e+01	3530	 115	  99	 114	  97	 109	scram	scram_3.png	
IEV	   2	 286	   6	   0	2.692444e+02	  99	  99	4.756830e-01	4.717773e+01	3525	 115	  99	 114	  97	 109	scram	scram_9.png	
IEV	   2	 287	   6	   0	2.765876e+02	 107	 107	4.758918e-01	5.097470e+01	3524	 115	  99	 114	  97	 109	scram	scram_10.png	
IEV	   2	 288	   6	   0	2.839142e+02	 101	 101	4.773533e-01	4.805100e+01	3517	 115	  99	 114	  97	 109	scram	scram_11.png	
IEV	   2	 289	   6	   0	2.909978e+02	  60	  60	6.543644e-01	3.935583e+01	2633	 115	  99	 114	  97	 109	scram	scram_16.png	
IEV	   2	 290	   6	   0	2.980061e+02	  95	   0	4.856998e-01	4.619940e+01	3477	 115	  99	 114	  97	 109	scram	scram_21.png	
IEV	   2	 291	   6	   0	3.057820e+02	 110	   0	4.568788e-01	5.035952e+01	3615	 115	  99	 114	  97	 109	scram	scram_19.png	
IEV	   2	 292	   6	   0	3.136049e+02	 112	   0	4.435048e-01	4.957884e+01	3679	 115	  99	 114	  97	 109	scram	scram_20.png	
IEV	   2	 293	   6	   0	3.213629e+02	  99	  99	4.748478e-01	4.721835e+01	3529	 115	  99	 114	  97	 109	scram	scram_2.png	
IEV	   2	 294	   6	   0	3.291350e+02	 111	 111	4.581328e-01	5.076518e+01	3609	 115	  99	 114	  97	 109	scram	scram_1.png	
CEV	   2	 295	   5	   0	4.167337e+02	  51	  51	7.872857e-01	4.014914e+01	 789	 104	  97	 112	 112	 121	happy	happy_14.png	
CEV	   2	 296	   5	   0	4.217742e+02	  48	  48	8.532857e-01	4.126643e+01	 327	 104	  97	 112	 112	 121	happy	happy_20.png	
CEV	   2	 297	   5	   0	4.275882e+02	  54	   0	7.160000e-01	3.843200e+01	1288	 104	  97	 112	 112	 121	happy	happy_1.png	
CEV	   2	 298	   5	   0	4.339903e+02	  59	  59	6.052857e-01	3.578943e+01	2063	 104	  97	 112	 112	 121	happy	happy_10.png	
CEV	   2	 299	   5	   0	4.418282e+02	  69	   0	5.374286e-01	3.700000e+01	2538	 104	  97	 112	 112	 121	happy	happy_8.png	
CEV	   2	 300	   5	   0	4.487433e+02	  68	  68	5.727143e-01	3.871814e+01	2291	 104	  97	 112	 112	 121	happy	happy_21.png	
CEV	   2	 301	   5	   0	4.559944e+02	  63	  63	5.622857e-01	3.531314e+01	2364	 104	  97	 112	 112	 121	happy	happy_16.png	
CEV	   2	 302	   5	   0	4.628035e+02	  68	   0	5.174286e-01	3.493029e+01	2678	 104	  97	 112	 112	 121	happy	happy_6.png	
CEV	   2	 303	   5	   0	4.703449e+02	  71	  71	5.081429e-01	3.598371e+01	2743	 104	  97	 112	 112	 121	happy	happy_19.png	
CEV	   2	 304	   5	   0	4.786406e+02	  82	   0	4.377143e-01	3.568686e+01	3236	 104	  97	 112	 112	 121	happy	happy_4.png	
CEV	   2	 305	   5	   0	4.868560e+02	  94	   0	4.015714e-01	3.780314e+01	3489	 104	  97	 112	 112	 121	happy	happy_11.png	
CEV	   2	 306	   5	   0	4.944832e+02	 103	 103	3.720000e-01	3.848800e+01	3696	 104	  97	 112	 112	 121	happy	happy_12.png	
CEV	   2	 307	   5	   0	5.017288e+02	 111	   0	3.387143e-01	3.767743e+01	3929	 104	  97	 112	 112	 121	happy	happy_13.png	
CEV	   2	 308	   5	   0	5.094671e+02	  95	  95	3.950000e-01	3.739500e+01	3535	 104	  97	 112	 112	 121	happy	happy_2.png	
CEV	   2	 309	   5	   0	5.167519e+02	  98	  98	3.817143e-01	3.738171e+01	3628	 104	  97	 112	 112	 121	happy	happy_5.png	
CEV	   2	 310	   5	   0	5.250481e+02	  94	  94	3.784286e-01	3.548629e+01	3651	 104	  97	 112	 112	 121	happy	happy_3.png	
CEV	   2	 311	   5	   0	5.324362e+02	 101	 101	3.817143e-01	3.852686e+01	3628	 104	  97	 112	 112	 121	happy	happy_17.png	
CEV	   2	 312	   5	   0	5.404601e+02	  90	  90	3.994286e-01	3.580171e+01	3504	 104	  97	 112	 112	 121	happy	happy_15.png	
CEV	   2	 313	   5	   0	5.472282e+02	  95	  95	3.868571e-01	3.661314e+01	3592	 104	  97	 112	 112	 121	happy	happy_18.png	
CEV	   2	 314	   5	   0	5.545835e+02	 106	 106	3.618571e-01	3.844743e+01	3767	 104	  97	 112	 112	 121	happy	happy_7.png	
CEV	   2	 315	   5	   0	5.618991e+02	 103	 103	3.447143e-01	3.562114e+01	3887	 104	  97	 112	 112	 121	happy	happy_9.png	
CEV	   2	 316	   5	   0	5.700394e+02	 108	 108	3.427143e-01	  37	3901	 104	  97	 112	 112	 121	happy	happy_21.png	
CEV	   2	 317	   5	   0	5.776665e+02	 112	 112	3.462857e-01	3.873143e+01	3876	 104	  97	 112	 112	 121	happy	happy_10.png	
CEV	   2	 318	   5	   0	5.854833e+02	 105	 105	3.448571e-01	3.631029e+01	3886	 104	  97	 112	 112	 121	happy	happy_16.png	
CEV	   2	 319	   5	   0	5.934178e+02	 107	 107	3.400000e-01	3.632000e+01	3920	 104	  97	 112	 112	 121	happy	happy_14.png	
CEV	   2	 320	   5	   0	6.008656e+02	 100	   0	3.691429e-01	3.700000e+01	3716	 104	  97	 112	 112	 121	happy	happy_1.png	
CEV	   2	 321	   5	   0	6.089113e+02	 111	 111	3.370000e-01	3.733700e+01	3941	 104	  97	 112	 112	 121	happy	happy_5.png	
CEV	   2	 322	   5	   0	6.177596e+02	  97	   0	3.645714e-01	3.554171e+01	3748	 104	  97	 112	 112	 121	happy	happy_4.png	
CEV	   2	 323	   5	   0	6.253896e+02	 112	   0	3.412857e-01	3.836514e+01	3911	 104	  97	 112	 112	 121	happy	happy_2.png	
CEV	   2	 324	   5	   0	6.337134e+02	 102	   0	3.477143e-01	3.560914e+01	3866	 104	  97	 112	 112	 121	happy	happy_6.png	
CEV	   2	 325	   5	   0	6.417397e+02	 106	 106	3.424286e-01	3.631514e+01	3903	 104	  97	 112	 112	 121	happy	happy_17.png	
CEV	   2	 326	   5	   0	6.487541e+02	 108	 108	3.474286e-01	3.769486e+01	3868	 104	  97	 112	 112	 121	happy	happy_9.png	
CEV	   2	 327	   5	   0	6.567962e+02	 104	   0	3.380000e-01	3.531000e+01	3934	 104	  97	 112	 112	 121	happy	happy_20.png	
CEV	   2	 328	   5	   0	6.652584e+02	 104	   0	3.605714e-01	3.736057e+01	3776	 104	  97	 112	 112	 121	happy	happy_3.png	
CEV	   2	 329	   5	   0	6.727585e+02	 107	   0	3.517143e-01	3.770343e+01	3838	 104	  97	 112	 112	 121	happy	happy_7.png	
CEV	   2	 330	   5	   0	6.799814e+02	 110	 110	3.458571e-01	3.803757e+01	3879	 104	  97	 112	 112	 121	happy	happy_12.png	
CEV	   2	 331	   5	   0	6.887849e+02	 107	   0	3.525714e-01	3.770514e+01	3832	 104	  97	 112	 112	 121	happy	happy_11.png	
CEV	   2	 332	   5	   0	6.959775e+02	 103	 103	3.560000e-01	3.664400e+01	3808	 104	  97	 112	 112	 121	happy	happy_8.png	
CEV	   2	 333	   5	   0	7.041721e+02	 108	 108	3.515714e-01	3.805471e+01	3839	 104	  97	 112	 112	 121	happy	happy_13.png	
CEV	   2	 334	   5	   0	7.124706e+02	 106	   0	3.511429e-01	3.735114e+01	3842	 104	  97	 112	 112	 121	happy	happy_18.png	
CEV	   2	 335	   5	   0	7.199496e+02	 100	 100	3.561429e-01	3.557543e+01	3807	 104	  97	 112	 112	 121	happy	happy_15.png	
CEV	   2	 336	   5	   0	7.277618e+02	 107	   0	3.471429e-01	3.700000e+01	3870	 104	  97	 112	 112	 121	happy	happy_19.png	
CEVR	   2	 337	   4	   0	8.239338e+02	 160	   0	2.371795e-01	3.794872e+01	 840	 115	  99	 114	  97	 109	scram	scram_12.png	
CEVR	   2	 338	   4	   0	8.297478e+02	 174	 174	2.147239e-01	3.742945e+01	 269	 115	  99	 114	  97	 109	scram	scram_20.png	
CEVR	   2	 339	   4	   0	8.367485e+02	 169	 169	2.138728e-01	3.614451e+01	 245	 115	  99	 114	  97	 109	scram	scram_6.png	
CEVR	   2	 340	   4	   0	8.424701e+02	 175	   0	2.154025e-01	3.764621e+01	 288	 115	  99	 114	  97	 109	scram	scram_17.png	
CEVR	   2	 341	   4	   0	8.487315e+02	 166	 166	2.260035e-01	3.745201e+01	 570	 115	  99	 114	  97	 109	scram	scram_19.png	
CEVR	   2	 342	   4	   0	8.545267e+02	 164	 164	2.286774e-01	3.745735e+01	 637	 115	  99	 114	  97	 109	scram	scram_14.png	
CEVR	   2	 343	   4	   0	8.612034e+02	 155	   0	2.331233e-01	3.606751e+01	 745	 115	  99	 114	  97	 109	scram	scram_3.png	
CEVR	   2	 344	   4	   0	8.672195e+02	 148	   0	2.466197e-01	3.650676e+01	1049	 115	  99	 114	  97	 109	scram	scram_13.png	
CEVR	   2	 345	   4	   0	8.734534e+02	 145	   0	2.595711e-01	3.751914e+01	1311	 115	  99	 114	  97	 109	scram	scram_7.png	
CEVR	   2	 346	   4	   0	8.793137e+02	 162	   0	2.312913e-01	3.746258e+01	 701	 115	  99	 114	  97	 109	scram	scram_2.png	
CEVR	   2	 347	   4	   0	8.856470e+02	 156	   0	2.401261e-01	3.748025e+01	 907	 115	  99	 114	  97	 109	scram	scram_11.png	
CEVR	   2	 348	   4	   0	8.920947e+02	 174	 174	2.171726e-01	3.786869e+01	 337	 115	  99	 114	  97	 109	scram	scram_18.png	
CEVR	   2	 349	   4	   0	8.977807e+02	 167	   0	2.200136e-01	3.677999e+01	 414	 115	  99	 114	  97	 109	scram	scram_21.png	
CEVR	   2	 350	   4	   0	9.039414e+02	 172	   0	2.181971e-01	3.743639e+01	 365	 115	  99	 114	  97	 109	scram	scram_10.png	
CEVR	   2	 351	   4	   0	9.094128e+02	 173	   0	2.177935e-01	3.765338e+01	 354	 115	  99	 114	  97	 109	scram	scram_9.png	
CEVR	   2	 352	   4	   0	9.148072e+02	 165	 165	2.206509e-01	3.633805e+01	 431	 115	  99	 114	  97	 109	scram	scram_5.png	
CEVR	   2	 353	   4	   0	9.208150e+02	 164	 164	2.294066e-01	3.768822e+01	 655	 115	  99	 114	  97	 109	scram	scram_1.png	
CEVR	   2	 354	   4	   0	9.272864e+02	 168	   0	2.188239e-01	3.678118e+01	 382	 115	  99	 114	  97	 109	scram	scram_4.png	
CEVR	   2	 355	   4	   0	9.331654e+02	 160	   0	2.271531e-01	3.631854e+01	 599	 115	  99	 114	  97	 109	scram	scram_8.png	
CEVR	   2	 356	   4	   0	9.399151e+02	 165	 165	2.245924e-01	3.700000e+01	 534	 115	  99	 114	  97	 109	scram	scram_15.png	
CEVR	   2	 357	   4	   0	9.465090e+02	 171	 171	2.205757e-01	3.766173e+01	 429	 115	  99	 114	  97	 109	scram	scram_16.png	
CEVR	   2	 358	   4	   0	9.531095e+02	 166	   0	2.208014e-01	3.655840e+01	 435	 115	  99	 114	  97	 109	scram	scram_6.png	
CEVR	   2	 359	   4	   0	9.598963e+02	 163	 163	2.275923e-01	3.700000e+01	 610	 115	  99	 114	  97	 109	scram	scram_7.png	
CEVR	   2	 360	   4	   0	9.656236e+02	 159	 159	2.310437e-01	3.676896e+01	 695	 115	  99	 114	  97	 109	scram	scram_1.png	
CEVR	   2	 361	   4	   0	9.722649e+02	 156	   0	2.319541e-01	3.607218e+01	 717	 115	  99	 114	  97	 109	scram	scram_16.png	
CEVR	   2	 362	   4	   0	9.785622e+02	 160	   0	2.284354e-01	3.654313e+01	 631	 115	  99	 114	  97	 109	scram	scram_15.png	
CEVR	   2	 363	   4	   0	9.843147e+02	 170	   0	2.240484e-01	3.812024e+01	 520	 115	  99	 114	  97	 109	scram	scram_10.png	
CEVR	   2	 364	   4	   0	9.905398e+02	 162	   0	2.307966e-01	3.746159e+01	 689	 115	  99	 114	  97	 109	scram	scram_18.png	
CEVR	   2	 365	   4	   0	9.968058e+02	 157	   0	2.340502e-01	3.676595e+01	 767	 115	  99	 114	  97	 109	scram	scram_8.png	
CEVR	   2	 366	   4	   0	1.002736e+03	 162	   0	2.232374e-01	3.610705e+01	 499	 115	  99	 114	  97	 109	scram	scram_13.png	
CEVR	   2	 367	   4	   0	1.009372e+03	 163	   0	2.235457e-01	3.632936e+01	 507	 115	  99	 114	  97	 109	scram	scram_20.png	
CEVR	   2	 368	   4	   0	1.016275e+03	 166	   0	2.276723e-01	3.768302e+01	 612	 115	  99	 114	  97	 109	scram	scram_12.png	
CEVR	   2	 369	   4	   0	1.022765e+03	 161	   0	2.347290e-01	3.770419e+01	 783	 115	  99	 114	  97	 109	scram	scram_17.png	
CEVR	   2	 370	   4	   0	1.030152e+03	  81	  81	4.434932e-01	3.611301e+01	3380	 115	  99	 114	  97	 109	scram	scram_14.png	
CEVR	   2	 371	   4	   0	1.035909e+03	 166	   0	2.251782e-01	3.745036e+01	 549	 115	  99	 114	  97	 109	scram	scram_3.png	
CEVR	   2	 372	   4	   0	1.041955e+03	 160	   0	2.309613e-01	  37	 693	 115	  99	 114	  97	 109	scram	scram_21.png	
CEVR	   2	 373	   4	   0	1.048187e+03	 168	   0	2.156536e-01	3.613739e+01	 295	 115	  99	 114	  97	 109	scram	scram_5.png	
CEVR	   2	 374	   4	   0	1.053598e+03	 166	   0	2.273126e-01	3.768194e+01	 603	 115	  99	 114	  97	 109	scram	scram_19.png	
CEVR	   2	 375	   4	   0	1.059911e+03	 152	 152	2.379203e-01	3.604832e+01	 857	 115	  99	 114	  97	 109	scram	scram_9.png	
CEVR	   2	 376	   4	   0	1.066637e+03	 152	 152	2.376147e-01	3.604954e+01	 850	 115	  99	 114	  97	 109	scram	scram_4.png	
CEVR	   2	 377	   4	   0	1.072650e+03	 155	   0	2.378766e-01	3.676212e+01	 856	 115	  99	 114	  97	 109	scram	scram_2.png	
CEVR	   2	 378	   4	   0	1.078860e+03	 152	   0	2.466197e-01	3.749324e+01	1049	 115	  99	 114	  97	 109	scram	scram_11.png	
IEV	   2	 379	   3	   0	1.172177e+03	  66	   0	6.062703e-01	3.991599e+01	2885	 102	 101	  97	 114	fear	fear_17.png	
IEV	   2	 380	   3	   0	1.178188e+03	  14	  14	8.947270e-01	1.243360e+01	 422	 102	 101	  97	 114	fear	fear_9.png	
IEV	   2	 381	   3	   0	1.186497e+03	 121	 121	4.143089e-01	4.997656e+01	3819	 102	 101	  97	 114	fear	fear_11.png	
IEV	   2	 382	   3	   0	1.193593e+03	 122	 122	4.141009e-01	5.039952e+01	3820	 102	 101	  97	 114	fear	fear_12.png	
IEV	   2	 383	   3	   0	1.201196e+03	 123	 123	4.124371e-01	5.088094e+01	3828	 102	 101	  97	 114	fear	fear_8.png	
IEV	   2	 384	   3	   0	1.209631e+03	 125	 125	4.062034e-01	5.072458e+01	3858	 102	 101	  97	 114	fear	fear_10.png	
IEV	   2	 385	   3	   0	1.217563e+03	 116	   0	4.474745e-01	5.209043e+01	3660	 102	 101	  97	 114	fear	fear_14.png	
IEV	   2	 386	   3	   0	1.225383e+03	 114	 114	4.462208e-01	5.079913e+01	3666	 102	 101	  97	 114	fear	fear_4.png	
IEV	   2	 387	   3	   0	1.232650e+03	 134	 134	3.844726e-01	5.158759e+01	3963	 102	 101	  97	 114	fear	fear_21.png	
IEV	   2	 388	   3	   0	1.241275e+03	 133	   0	4.026754e-01	5.368655e+01	3875	 102	 101	  97	 114	fear	fear_2.png	
IEV	   2	 389	   3	   0	1.248646e+03	  65	  65	6.337007e-01	4.130927e+01	2743	 102	 101	  97	 114	fear	fear_18.png	
IEV	   2	 390	   3	   0	1.256809e+03	 133	   0	3.861228e-01	5.152367e+01	3955	 102	 101	  97	 114	fear	fear_6.png	
IEV	   2	 391	   3	   0	1.263628e+03	 131	 131	4.099425e-01	5.385098e+01	3840	 102	 101	  97	 114	fear	fear_7.png	
IEV	   2	 392	   3	   0	1.271603e+03	 119	 119	4.228455e-01	5.045529e+01	3778	 102	 101	  97	 114	fear	fear_5.png	
IEV	   2	 393	   3	   0	1.280231e+03	 123	   0	4.076571e-01	5.025755e+01	3851	 102	 101	  97	 114	fear	fear_15.png	
IEV	   2	 394	   3	   0	1.288093e+03	 118	   0	4.284744e-01	5.064914e+01	3751	 102	 101	  97	 114	fear	fear_13.png	
IEV	   2	 395	   3	   0	1.295189e+03	 108	   0	4.562518e-01	4.947319e+01	3618	 102	 101	  97	 114	fear	fear_20.png	
IEV	   2	 396	   3	   0	1.303193e+03	 123	 123	4.111896e-01	5.052006e+01	3834	 102	 101	  97	 114	fear	fear_1.png	
IEV	   2	 397	   3	   0	1.310802e+03	 124	   0	4.093191e-01	5.059707e+01	3843	 102	 101	  97	 114	fear	fear_19.png	
IEV	   2	 398	   3	   0	1.319013e+03	 131	 131	4.086957e-01	5.348352e+01	3846	 102	 101	  97	 114	fear	fear_3.png	
IEV	   2	 399	   3	   0	1.327064e+03	 136	 136	3.919062e-01	5.325709e+01	3927	 102	 101	  97	 114	fear	fear_16.png	
IEV	   2	 400	   3	   0	1.334815e+03	 132	   0	3.970793e-01	5.228378e+01	3902	 102	 101	  97	 114	fear	fear_10.png	
IEV	   2	 401	   3	   0	1.343657e+03	 117	 117	4.372392e-01	5.116083e+01	3709	 102	 101	  97	 114	fear	fear_15.png	
IEV	   2	 402	   3	   0	1.351243e+03	 121	   0	4.188878e-01	5.061840e+01	3797	 102	 101	  97	 114	fear	fear_7.png	
IEV	   2	 403	   3	   0	1.358653e+03	 125	 125	4.113975e-01	5.133427e+01	3833	 102	 101	  97	 114	fear	fear_6.png	
IEV	   2	 404	   3	   0	1.366344e+03	 124	   0	4.172222e-01	5.193824e+01	3805	 102	 101	  97	 114	fear	fear_21.png	
IEV	   2	 405	   3	   0	1.373462e+03	 111	 111	4.481013e-01	4.982619e+01	3657	 102	 101	  97	 114	fear	fear_20.png	
IEV	   2	 406	   3	   0	1.380891e+03	 110	 110	4.430870e-01	4.871081e+01	3681	 102	 101	  97	 114	fear	fear_3.png	
IEV	   2	 407	   3	   0	1.389039e+03	 115	 115	4.353603e-01	4.992940e+01	3718	 102	 101	  97	 114	fear	fear_1.png	
IEV	   2	 408	   3	   0	1.397117e+03	 119	   0	4.345253e-01	5.170307e+01	3722	 102	 101	  97	 114	fear	fear_18.png	
IEV	   2	 409	   3	   0	1.404056e+03	 135	   0	3.977006e-01	5.385164e+01	3899	 102	 101	  97	 114	fear	fear_9.png	
IEV	   2	 410	   3	   0	1.411831e+03	 118	   0	4.238875e-01	4.998821e+01	3773	 102	 101	  97	 114	fear	fear_2.png	
IEV	   2	 411	   3	   0	1.419741e+03	 114	   0	4.526988e-01	5.143868e+01	3635	 102	 101	  97	 114	fear	fear_16.png	
IEV	   2	 412	   3	   0	1.427193e+03	 119	 119	4.341078e-01	5.171916e+01	3724	 102	 101	  97	 114	fear	fear_14.png	
IEV	   2	 413	   3	   0	1.435281e+03	 110	   0	4.612677e-01	5.063646e+01	3594	 102	 101	  97	 114	fear	fear_11.png	
IEV	   2	 414	   3	   0	1.442484e+03	 122	 122	4.128530e-01	5.045129e+01	3826	 102	 101	  97	 114	fear	fear_8.png	
IEV	   2	 415	   3	   0	1.450108e+03	 116	 116	4.458029e-01	5.170774e+01	3668	 102	 101	  97	 114	fear	fear_19.png	
IEV	   2	 416	   3	   0	1.457682e+03	 118	   0	4.249297e-01	4.994386e+01	3768	 102	 101	  97	 114	fear	fear_13.png	
IEV	   2	 417	   3	   0	1.465101e+03	 132	   0	4.066187e-01	5.355397e+01	3856	 102	 101	  97	 114	fear	fear_5.png	
IEV	   2	 418	   3	   0	1.472924e+03	 115	 115	4.464297e-01	5.123705e+01	3665	 102	 101	  97	 114	fear	fear_17.png	
IEV	   2	 419	   3	   0	1.480870e+03	 121	   0	4.380744e-01	5.287983e+01	3705	 102	 101	  97	 114	fear	fear_12.png	
IEV	   2	 420	   3	   0	1.488965e+03	 125	 125	4.176386e-01	5.234011e+01	3803	 102	 101	  97	 114	fear	fear_4.png	
DEV	   2	 421	   2	   0	1.565704e+03	  73	  73	7.807971e-01	5.728043e+01	 437	 104	  97	 112	 112	 121	happy	happy_6.png	
DEV	   2	 422	   2	   0	1.572668e+03	  65	  65	8.288576e-01	5.356706e+01	 256	 104	  97	 112	 112	 121	happy	happy_14.png	
DEV	   2	 423	   2	   0	1.578740e+03	  72	  72	6.560000e-01	4.730384e+01	 954	 104	  97	 112	 112	 121	happy	happy_4.png	
DEV	   2	 424	   2	   0	1.585337e+03	  76	  76	5.638642e-01	4.258878e+01	1407	 104	  97	 112	 112	 121	happy	happy_9.png	
DEV	   2	 425	   2	   0	1.591696e+03	  75	  75	5.080570e-01	3.808634e+01	1732	 104	  97	 112	 112	 121	happy	happy_21.png	
DEV	   2	 426	   2	   0	1.598873e+03	  74	   0	4.727061e-01	3.492865e+01	1968	 104	  97	 112	 112	 121	happy	happy_8.png	
DEV	   2	 427	   2	   0	1.606673e+03	  82	   0	4.400115e-01	3.598249e+01	2215	 104	  97	 112	 112	 121	happy	happy_1.png	
DEV	   2	 428	   2	   0	1.614049e+03	  78	   0	4.002898e-01	3.118664e+01	2565	 104	  97	 112	 112	 121	happy	happy_12.png	
DEV	   2	 429	   2	   0	1.621368e+03	  85	   0	3.550763e-01	3.028628e+01	3050	 104	  97	 112	 112	 121	happy	happy_15.png	
DEV	   2	 430	   2	   0	1.629380e+03	  82	  82	3.238094e-01	2.664372e+01	3439	 104	  97	 112	 112	 121	happy	happy_5.png	
DEV	   2	 431	   2	   0	1.637248e+03	  87	  87	3.003512e-01	2.612848e+01	3744	 104	  97	 112	 112	 121	happy	happy_13.png	
DEV	   2	 432	   2	   0	1.644896e+03	  80	   0	3.032003e-01	2.422859e+01	3707	 104	  97	 112	 112	 121	happy	happy_16.png	
DEV	   2	 433	   2	   0	1.653073e+03	  86	   0	2.999656e-01	2.579835e+01	3749	 104	  97	 112	 112	 121	happy	happy_11.png	
DEV	   2	 434	   2	   0	1.660295e+03	  85	   0	2.940819e-01	2.504805e+01	3825	 104	  97	 112	 112	 121	happy	happy_19.png	
DEV	   2	 435	   2	   0	1.667662e+03	  83	   0	3.156367e-01	2.605107e+01	3545	 104	  97	 112	 112	 121	happy	happy_20.png	
DEV	   2	 436	   2	   0	1.675630e+03	  81	   0	3.198689e-01	2.603879e+01	3490	 104	  97	 112	 112	 121	happy	happy_10.png	
DEV	   2	 437	   2	   0	1.683935e+03	  87	   0	2.958675e-01	2.577680e+01	3802	 104	  97	 112	 112	 121	happy	happy_18.png	
DEV	   2	 438	   2	   0	1.691424e+03	  83	   0	3.276163e-01	2.724556e+01	3390	 104	  97	 112	 112	 121	happy	happy_3.png	
DEV	   2	 439	   2	   0	1.697867e+03	  76	  76	7.738062e-01	5.849679e+01	 464	 104	  97	 112	 112	 121	happy	happy_7.png	
DEV	   2	 440	   2	   0	1.703483e+03	  66	   0	7.883590e-01	5.211299e+01	 408	 104	  97	 112	 112	 121	happy	happy_17.png	
DEV	   2	 441	   2	   0	1.709407e+03	  73	  73	7.252907e-01	5.304074e+01	 657	 104	  97	 112	 112	 121	happy	happy_2.png	
DEV	   2	 442	   2	   0	1.715477e+03	  78	  78	7.023947e-01	5.465120e+01	 752	 104	  97	 112	 112	 121	happy	happy_18.png	
DEV	   2	 443	   2	   0	1.722868e+03	  76	  76	6.551136e-01	4.987620e+01	 958	 104	  97	 112	 112	 121	happy	happy_19.png	
DEV	   2	 444	   2	   0	1.728856e+03	  72	  72	6.948348e-01	5.004545e+01	 784	 104	  97	 112	 112	 121	happy	happy_3.png	
DEV	   2	 445	   2	   0	1.734394e+03	  69	  69	6.717171e-01	4.613157e+01	 884	 104	  97	 112	 112	 121	happy	happy_20.png	
DEV	   2	 446	   2	   0	1.740470e+03	  71	   0	6.548922e-01	4.658883e+01	 959	 104	  97	 112	 112	 121	happy	happy_15.png	
DEV	   2	 447	   2	   0	1.747267e+03	  70	   0	7.468371e-01	5.262791e+01	 570	 104	  97	 112	 112	 121	happy	happy_12.png	
DEV	   2	 448	   2	   0	1.754362e+03	  75	  75	6.976606e-01	5.228532e+01	 772	 104	  97	 112	 112	 121	happy	happy_6.png	
DEV	   2	 449	   2	   0	1.759836e+03	  70	   0	7.023947e-01	4.903205e+01	 752	 104	  97	 112	 112	 121	happy	happy_16.png	
DEV	   2	 450	   2	   0	1.765859e+03	  71	   0	6.797201e-01	4.856848e+01	 849	 104	  97	 112	 112	 121	happy	happy_14.png	
DEV	   2	 451	   2	   0	1.773564e+03	  80	   0	3.279282e-01	2.628450e+01	3386	 104	  97	 112	 112	 121	happy	happy_10.png	
DEV	   2	 452	   2	   0	1.780569e+03	  80	   0	3.147918e-01	2.504510e+01	3556	 104	  97	 112	 112	 121	happy	happy_7.png	
DEV	   2	 453	   2	   0	1.787680e+03	  69	  69	7.331526e-01	5.050811e+01	 625	 104	  97	 112	 112	 121	happy	happy_4.png	
DEV	   2	 454	   2	   0	1.793154e+03	  75	  75	7.028697e-01	5.256987e+01	 750	 104	  97	 112	 112	 121	happy	happy_21.png	
DEV	   2	 455	   2	   0	1.799008e+03	  75	  75	7.117128e-01	5.304730e+01	 713	 104	  97	 112	 112	 121	happy	happy_8.png	
DEV	   2	 456	   2	   0	1.804326e+03	  73	  73	7.297038e-01	5.326603e+01	 639	 104	  97	 112	 112	 121	happy	happy_17.png	
DEV	   2	 457	   2	   0	1.810401e+03	  77	   0	7.016826e-01	5.390860e+01	 755	 104	  97	 112	 112	 121	happy	happy_13.png	
DEV	   2	 458	   2	   0	1.816842e+03	  74	   0	7.189579e-01	5.343302e+01	 683	 104	  97	 112	 112	 121	happy	happy_11.png	
DEV	   2	 459	   2	   0	1.822821e+03	  69	  69	8.015236e-01	5.501767e+01	 358	 104	  97	 112	 112	 121	happy	happy_1.png	
DEV	   2	 460	   2	   0	1.828963e+03	  73	  73	7.184728e-01	5.268888e+01	 685	 104	  97	 112	 112	 121	happy	happy_9.png	
DEV	   2	 461	   2	   0	1.835436e+03	  71	  71	7.054880e-01	4.989002e+01	 739	 104	  97	 112	 112	 121	happy	happy_5.png	
DEV	   2	 462	   2	   0	1.841716e+03	  73	  73	7.038208e-01	5.121392e+01	 746	 104	  97	 112	 112	 121	happy	happy_2.png	
CEV	   2	 463	   1	   0	1.911391e+03	  47	   0	8.495714e-01	3.954871e+01	 353	 102	 101	  97	 114	fear	fear_5.png	
CEV	   2	 464	   1	   0	1.918487e+03	  42	  42	7.881429e-01	3.305929e+01	 783	 102	 101	  97	 114	fear	fear_11.png	
CEV	   2	 465	   1	   0	1.925905e+03	  47	   0	7.235714e-01	3.410571e+01	1235	 102	 101	  97	 114	fear	fear_8.png	
CEV	   2	 466	   1	   0	1.932785e+03	  61	  61	6.571429e-01	4.028571e+01	1700	 102	 101	  97	 114	fear	fear_21.png	
CEV	   2	 467	   1	   0	1.939493e+03	  67	  67	5.865714e-01	3.934629e+01	2194	 102	 101	  97	 114	fear	fear_4.png	
CEV	   2	 468	   1	   0	1.946456e+03	  67	   0	5.680000e-01	3.813600e+01	2324	 102	 101	  97	 114	fear	fear_9.png	
CEV	   2	 469	   1	   0	1.954170e+03	  74	   0	4.972857e-01	  37	2819	 102	 101	  97	 114	fear	fear_17.png	
CEV	   2	 470	   1	   0	1.961415e+03	  84	   0	4.611429e-01	3.884457e+01	3072	 102	 101	  97	 114	fear	fear_16.png	
CEV	   2	 471	   1	   0	1.968851e+03	  95	  95	3.755714e-01	3.549771e+01	3671	 102	 101	  97	 114	fear	fear_2.png	
CEV	   2	 472	   1	   0	1.976534e+03	  99	  99	3.644286e-01	3.590671e+01	3749	 102	 101	  97	 114	fear	fear_10.png	
CEV	   2	 473	   1	   0	1.984575e+03	 103	   0	3.465714e-01	3.561371e+01	3874	 102	 101	  97	 114	fear	fear_19.png	
CEV	   2	 474	   1	   0	1.991681e+03	 100	 100	3.842857e-01	3.853714e+01	3610	 102	 101	  97	 114	fear	fear_6.png	
CEV	   2	 475	   1	   0	1.999758e+03	 100	   0	3.658571e-01	3.663414e+01	3739	 102	 101	  97	 114	fear	fear_13.png	
CEV	   2	 476	   1	   0	2.007717e+03	 103	   0	3.724286e-01	3.848971e+01	3693	 102	 101	  97	 114	fear	fear_7.png	
CEV	   2	 477	   1	   0	2.014608e+03	 102	   0	3.818571e-01	3.890929e+01	3627	 102	 101	  97	 114	fear	fear_1.png	
CEV	   2	 478	   1	   0	2.022272e+03	  98	   0	3.688571e-01	3.626229e+01	3718	 102	 101	  97	 114	fear	fear_14.png	
CEV	   2	 479	   1	   0	2.030564e+03	  99	  99	3.624286e-01	3.591271e+01	3763	 102	 101	  97	 114	fear	fear_20.png	
CEV	   2	 480	   1	   0	2.037837e+03	 102	   0	3.715714e-01	3.774314e+01	3699	 102	 101	  97	 114	fear	fear_18.png	
CEV	   2	 481	   1	   0	2.045659e+03	  96	   0	3.805714e-01	3.661943e+01	3636	 102	 101	  97	 114	fear	fear_15.png	
CEV	   2	 482	   1	   0	2.053258e+03	 106	   0	3.607143e-01	3.808214e+01	3775	 102	 101	  97	 114	fear	fear_12.png	
CEV	   2	 483	   1	   0	2.061862e+03	  97	   0	3.860000e-01	3.738600e+01	3598	 102	 101	  97	 114	fear	fear_3.png	
CEV	   2	 484	   1	   0	2.070103e+03	  97	  97	3.804286e-01	  37	3637	 102	 101	  97	 114	fear	fear_2.png	
CEV	   2	 485	   1	   0	2.078207e+03	 105	   0	3.598571e-01	3.771971e+01	3781	 102	 101	  97	 114	fear	fear_3.png	
CEV	   2	 486	   1	   0	2.086503e+03	 102	   0	3.605714e-01	3.663943e+01	3776	 102	 101	  97	 114	fear	fear_19.png	
CEV	   2	 487	   1	   0	2.094028e+03	  95	   0	3.804286e-01	3.623914e+01	3637	 102	 101	  97	 114	fear	fear_20.png	
CEV	   2	 488	   1	   0	2.101442e+03	 102	   0	3.644286e-01	  37	3749	 102	 101	  97	 114	fear	fear_13.png	
CEV	   2	 489	   1	   0	2.108707e+03	  89	  89	4.002857e-01	3.579914e+01	3498	 102	 101	  97	 114	fear	fear_18.png	
CEV	   2	 490	   1	   0	2.115422e+03	  82	   0	4.411429e-01	3.611771e+01	3212	 102	 101	  97	 114	fear	fear_16.png	
CEV	   2	 491	   1	   0	2.123266e+03	  94	   0	4.068571e-01	3.822057e+01	3452	 102	 101	  97	 114	fear	fear_7.png	
CEV	   2	 492	   1	   0	2.131330e+03	  88	   0	3.975714e-01	3.501214e+01	3517	 102	 101	  97	 114	fear	fear_5.png	
CEV	   2	 493	   1	   0	2.138584e+03	  96	   0	4.014286e-01	3.860571e+01	3490	 102	 101	  97	 114	fear	fear_14.png	
CEV	   2	 494	   1	   0	2.145934e+03	  87	  87	4.022857e-01	3.498857e+01	3484	 102	 101	  97	 114	fear	fear_15.png	
CEV	   2	 495	   1	   0	2.153361e+03	  98	   0	3.835714e-01	3.776714e+01	3615	 102	 101	  97	 114	fear	fear_17.png	
CEV	   2	 496	   1	   0	2.161081e+03	  87	  87	4.101429e-01	3.576957e+01	3429	 102	 101	  97	 114	fear	fear_12.png	
CEV	   2	 497	   1	   0	2.168457e+03	  96	   0	3.957143e-01	3.779143e+01	3530	 102	 101	  97	 114	fear	fear_11.png	
CEV	   2	 498	   1	   0	2.175358e+03	  96	  96	3.884286e-01	3.738843e+01	3581	 102	 101	  97	 114	fear	fear_9.png	
CEV	   2	 499	   1	   0	2.183195e+03	  95	   0	3.770000e-01	3.586900e+01	3661	 102	 101	  97	 114	fear	fear_6.png	
CEV	   2	 500	   1	   0	2.190966e+03	  85	   0	4.534286e-01	3.836029e+01	3126	 102	 101	  97	 114	fear	fear_1.png	
CEV	   2	 501	   1	   0	2.198618e+03	  82	  82	4.302857e-01	3.527886e+01	3288	 102	 101	  97	 114	fear	fear_21.png	
CEV	   2	 502	   1	   0	2.206179e+03	  89	   0	3.992857e-01	3.540286e+01	3505	 102	 101	  97	 114	fear	fear_8.png	
CEV	   2	 503	   1	   0	2.213878e+03	  80	   0	4.457143e-01	3.566286e+01	3180	 102	 101	  97	 114	fear	fear_4.png	
CEV	   2	 504	   1	   0	2.221366e+03	  84	  84	4.198571e-01	3.532057e+01	3361	 102	 101	  97	 114	fear	fear_10.png	
