#Subj:	11173
#Run:	1
#Age:	31
#Gender:	female
#11-Jun-2013
Func	Run	Trial	Block	Null	trialStartTime	Mag	ScoreInc	Freq	EV	RT	Emotion	Image
CEV	   1	   1	  12	   0	1.100894e+02	  76	   0	4.985714e-01	3.799714e+01	2810	 115	  99	 114	  97	 109	scram	scram_16.png	
CEV	   1	   2	  12	   0	1.163026e+02	  46	  46	8.338571e-01	3.866771e+01	 463	 115	  99	 114	  97	 109	scram	scram_8.png	
CEV	   1	   3	  12	   0	1.230391e+02	  51	  51	7.565714e-01	3.851314e+01	1004	 115	  99	 114	  97	 109	scram	scram_15.png	
CEV	   1	   4	  12	   0	1.289533e+02	  57	  57	6.774286e-01	3.835486e+01	1558	 115	  99	 114	  97	 109	scram	scram_12.png	
CEV	   1	   5	  12	   0	1.364709e+02	  58	  58	6.162857e-01	3.576743e+01	1986	 115	  99	 114	  97	 109	scram	scram_3.png	
CEV	   1	   6	  12	   0	1.434331e+02	  57	   0	6.097143e-01	3.456114e+01	2032	 115	  99	 114	  97	 109	scram	scram_2.png	
CEV	   1	   7	  12	   0	1.501352e+02	  59	  59	6.465714e-01	3.829314e+01	1774	 115	  99	 114	  97	 109	scram	scram_5.png	
CEV	   1	   8	  12	   0	1.570180e+02	  64	  64	6.322857e-01	4.016143e+01	1874	 115	  99	 114	  97	 109	scram	scram_18.png	
CEV	   1	   9	  12	   0	1.634723e+02	  57	  57	6.360000e-01	3.636400e+01	1848	 115	  99	 114	  97	 109	scram	scram_7.png	
CEV	   1	  10	  12	   0	1.704499e+02	  62	   0	6.251429e-01	3.887543e+01	1924	 115	  99	 114	  97	 109	scram	scram_21.png	
CEV	   1	  11	  12	   0	1.779756e+02	  55	  55	6.402857e-01	3.507914e+01	1818	 115	  99	 114	  97	 109	scram	scram_6.png	
CEV	   1	  12	  12	   0	1.855551e+02	 100	   0	3.677143e-01	3.663229e+01	3726	 115	  99	 114	  97	 109	scram	scram_19.png	
CEV	   1	  13	  12	   0	1.923722e+02	  60	   0	6.427143e-01	3.828543e+01	1801	 115	  99	 114	  97	 109	scram	scram_9.png	
CEV	   1	  14	  12	   0	1.991069e+02	  54	   0	6.662857e-01	3.566743e+01	1636	 115	  99	 114	  97	 109	scram	scram_20.png	
CEV	   1	  15	  12	   0	2.047814e+02	  47	  47	8.278571e-01	3.865571e+01	 505	 115	  99	 114	  97	 109	scram	scram_17.png	
CEV	   1	  16	  12	   0	2.112106e+02	  43	  43	7.834286e-01	3.386629e+01	 816	 115	  99	 114	  97	 109	scram	scram_11.png	
CEV	   1	  17	  12	   0	2.165123e+02	  54	  54	7.615714e-01	4.080786e+01	 969	 115	  99	 114	  97	 109	scram	scram_14.png	
CEV	   1	  18	  12	   0	2.220463e+02	  50	  50	7.524286e-01	3.775243e+01	1033	 115	  99	 114	  97	 109	scram	scram_10.png	
CEV	   1	  19	  12	   0	2.285984e+02	  50	  50	7.808571e-01	3.934257e+01	 834	 115	  99	 114	  97	 109	scram	scram_13.png	
CEV	   1	  20	  12	   0	2.358353e+02	  49	  49	7.515714e-01	  37	1039	 115	  99	 114	  97	 109	scram	scram_1.png	
CEV	   1	  21	  12	   0	2.420906e+02	  50	   0	8.040000e-01	4.021600e+01	 672	 115	  99	 114	  97	 109	scram	scram_4.png	
CEV	   1	  22	  12	   0	2.484196e+02	  49	  49	7.542857e-01	  37	1020	 115	  99	 114	  97	 109	scram	scram_12.png	
CEV	   1	  23	  12	   0	2.547615e+02	  47	  47	7.272857e-01	3.409086e+01	1209	 115	  99	 114	  97	 109	scram	scram_3.png	
CEV	   1	  24	  12	   0	2.623356e+02	  57	  57	6.841429e-01	3.905243e+01	1511	 115	  99	 114	  97	 109	scram	scram_2.png	
CEV	   1	  25	  12	   0	2.694006e+02	  59	  59	6.608571e-01	3.898257e+01	1674	 115	  99	 114	  97	 109	scram	scram_11.png	
CEV	   1	  26	  12	   0	2.753178e+02	  59	  59	6.734286e-01	3.969371e+01	1586	 115	  99	 114	  97	 109	scram	scram_9.png	
CEV	   1	  27	  12	   0	2.816081e+02	  51	  51	6.797143e-01	3.496086e+01	1542	 115	  99	 114	  97	 109	scram	scram_5.png	
CEV	   1	  28	  12	   0	2.886261e+02	  56	  56	6.734286e-01	3.767343e+01	1586	 115	  99	 114	  97	 109	scram	scram_21.png	
CEV	   1	  29	  12	   0	2.950590e+02	  54	   0	6.675714e-01	3.633243e+01	1627	 115	  99	 114	  97	 109	scram	scram_20.png	
CEV	   1	  30	  12	   0	3.016787e+02	  46	  46	8.157143e-01	3.781571e+01	 590	 115	  99	 114	  97	 109	scram	scram_19.png	
CEV	   1	  31	  12	   0	3.082922e+02	  51	  51	7.938571e-01	4.017543e+01	 743	 115	  99	 114	  97	 109	scram	scram_10.png	
CEV	   1	  32	  12	   0	3.139573e+02	  49	  49	8.015714e-01	3.940471e+01	 689	 115	  99	 114	  97	 109	scram	scram_8.png	
CEV	   1	  33	  12	   0	3.190624e+02	  43	  43	8.471429e-01	3.615286e+01	 370	 115	  99	 114	  97	 109	scram	scram_6.png	
CEV	   1	  34	  12	   0	3.247410e+02	  42	  42	7.977143e-01	3.380914e+01	 716	 115	  99	 114	  97	 109	scram	scram_14.png	
CEV	   1	  35	  12	   0	3.307133e+02	  46	  46	7.995714e-01	  37	 703	 115	  99	 114	  97	 109	scram	scram_15.png	
CEV	   1	  36	  12	   0	3.365083e+02	  51	  51	7.931429e-01	4.017257e+01	 748	 115	  99	 114	  97	 109	scram	scram_7.png	
CEV	   1	  37	  12	   0	3.429155e+02	  48	  48	7.921429e-01	3.779214e+01	 755	 115	  99	 114	  97	 109	scram	scram_4.png	
CEV	   1	  38	  12	   0	3.493957e+02	  41	  41	7.974286e-01	3.301286e+01	 718	 115	  99	 114	  97	 109	scram	scram_18.png	
CEV	   1	  39	  12	   0	3.545811e+02	  43	  43	7.971429e-01	3.460857e+01	 720	 115	  99	 114	  97	 109	scram	scram_16.png	
CEV	   1	  40	  12	   0	3.614814e+02	  43	  43	8.202857e-01	3.535943e+01	 558	 115	  99	 114	  97	 109	scram	scram_13.png	
CEV	   1	  41	  12	   0	3.678902e+02	  44	  44	7.894286e-01	3.463171e+01	 774	 115	  99	 114	  97	 109	scram	scram_1.png	
CEV	   1	  42	  12	   0	3.739428e+02	  44	  44	8.068571e-01	3.538629e+01	 652	 115	  99	 114	  97	 109	scram	scram_17.png	
DEV	   1	  43	  11	   0	4.492586e+02	  85	   0	3.174049e-01	2.713197e+01	3522	 102	 101	  97	 114	fear	fear_7.png	
DEV	   1	  44	  11	   0	4.558939e+02	  79	  79	4.647852e-01	3.676555e+01	2025	 102	 101	  97	 114	fear	fear_13.png	
DEV	   1	  45	  11	   0	4.629097e+02	  76	   0	4.779733e-01	3.620705e+01	1931	 102	 101	  97	 114	fear	fear_18.png	
DEV	   1	  46	  11	   0	4.690979e+02	  76	   0	4.506625e-01	3.446840e+01	2131	 102	 101	  97	 114	fear	fear_16.png	
DEV	   1	  47	  11	   0	4.757197e+02	  79	   0	4.685082e-01	3.701339e+01	1998	 102	 101	  97	 114	fear	fear_11.png	
DEV	   1	  48	  11	   0	4.820838e+02	  71	  71	6.282716e-01	4.451613e+01	1082	 102	 101	  97	 114	fear	fear_6.png	
DEV	   1	  49	  11	   0	4.878825e+02	  71	   0	6.140801e-01	4.374057e+01	1150	 102	 101	  97	 114	fear	fear_17.png	
DEV	   1	  50	  11	   0	4.938807e+02	  68	   0	7.052496e-01	4.776231e+01	 740	 102	 101	  97	 114	fear	fear_9.png	
DEV	   1	  51	  11	   0	5.004287e+02	  85	   0	3.727014e-01	3.158429e+01	2849	 102	 101	  97	 114	fear	fear_10.png	
DEV	   1	  52	  11	   0	5.080504e+02	  80	   0	3.117217e-01	2.483000e+01	3596	 102	 101	  97	 114	fear	fear_21.png	
DEV	   1	  53	  11	   0	5.150014e+02	  71	   0	6.785710e-01	4.850824e+01	 854	 102	 101	  97	 114	fear	fear_12.png	
DEV	   1	  54	  11	   0	5.219330e+02	  77	   0	4.954490e-01	3.829440e+01	1813	 102	 101	  97	 114	fear	fear_15.png	
DEV	   1	  55	  11	   0	5.290605e+02	  74	  74	5.288570e-01	3.936196e+01	1605	 102	 101	  97	 114	fear	fear_2.png	
DEV	   1	  56	  11	   0	5.354760e+02	  73	  73	5.377438e-01	3.936294e+01	1553	 102	 101	  97	 114	fear	fear_8.png	
DEV	   1	  57	  11	   0	5.419859e+02	  81	   0	5.349863e-01	4.347884e+01	1569	 102	 101	  97	 114	fear	fear_1.png	
DEV	   1	  58	  11	   0	5.490041e+02	  77	  77	5.408707e-01	4.171193e+01	1535	 102	 101	  97	 114	fear	fear_4.png	
DEV	   1	  59	  11	   0	5.555034e+02	  81	   0	5.419188e-01	4.394586e+01	1529	 102	 101	  97	 114	fear	fear_20.png	
DEV	   1	  60	  11	   0	5.624762e+02	  76	  76	5.479130e-01	4.160817e+01	1495	 102	 101	  97	 114	fear	fear_3.png	
DEV	   1	  61	  11	   0	5.692791e+02	  81	  81	3.660562e-01	2.963246e+01	2923	 102	 101	  97	 114	fear	fear_14.png	
DEV	   1	  62	  11	   0	5.762923e+02	  79	  79	3.795532e-01	2.980764e+01	2775	 102	 101	  97	 114	fear	fear_19.png	
DEV	   1	  63	  11	   0	5.834161e+02	  73	  73	5.724541e-01	4.196631e+01	1361	 102	 101	  97	 114	fear	fear_5.png	
DEV	   1	  64	  11	   0	5.897569e+02	  76	  76	5.600003e-01	4.235247e+01	1428	 102	 101	  97	 114	fear	fear_3.png	
DEV	   1	  65	  11	   0	5.963895e+02	  81	   0	5.629409e-01	4.534709e+01	1412	 102	 101	  97	 114	fear	fear_1.png	
DEV	   1	  66	  11	   0	6.044972e+02	  81	   0	3.808743e-01	3.103864e+01	2761	 102	 101	  97	 114	fear	fear_19.png	
DEV	   1	  67	  11	   0	6.116622e+02	  75	   0	5.513036e-01	4.126642e+01	1476	 102	 101	  97	 114	fear	fear_7.png	
DEV	   1	  68	  11	   0	6.188570e+02	  76	  76	5.408707e-01	4.117106e+01	1535	 102	 101	  97	 114	fear	fear_9.png	
DEV	   1	  69	  11	   0	6.262120e+02	  85	   0	3.722461e-01	3.155094e+01	2854	 102	 101	  97	 114	fear	fear_16.png	
DEV	   1	  70	  11	   0	6.335604e+02	  74	  74	5.600003e-01	4.123247e+01	1428	 102	 101	  97	 114	fear	fear_4.png	
DEV	   1	  71	  11	   0	6.391227e+02	  73	  73	5.570805e-01	4.050214e+01	1444	 102	 101	  97	 114	fear	fear_10.png	
DEV	   1	  72	  11	   0	6.455601e+02	  86	   0	3.755455e-01	3.216790e+01	2818	 102	 101	  97	 114	fear	fear_21.png	
DEV	   1	  73	  11	   0	6.522487e+02	  80	  80	4.568286e-01	3.669084e+01	2084	 102	 101	  97	 114	fear	fear_17.png	
DEV	   1	  74	  11	   0	6.585522e+02	  75	  75	5.052114e-01	3.791027e+01	1750	 102	 101	  97	 114	fear	fear_5.png	
DEV	   1	  75	  11	   0	6.658340e+02	  82	  82	4.814435e-01	3.931446e+01	1907	 102	 101	  97	 114	fear	fear_6.png	
DEV	   1	  76	  11	   0	6.737200e+02	  74	  74	4.804270e-01	3.540092e+01	1914	 102	 101	  97	 114	fear	fear_12.png	
DEV	   1	  77	  11	   0	6.797774e+02	  79	   0	4.889598e-01	3.885372e+01	1856	 102	 101	  97	 114	fear	fear_20.png	
DEV	   1	  78	  11	   0	6.858123e+02	  71	  71	7.873127e-01	5.600876e+01	 412	 102	 101	  97	 114	fear	fear_8.png	
DEV	   1	  79	  11	   0	6.923553e+02	  70	  70	7.852233e-01	5.513119e+01	 420	 102	 101	  97	 114	fear	fear_11.png	
DEV	   1	  80	  11	   0	6.975778e+02	  72	  72	7.938688e-01	5.708851e+01	 387	 102	 101	  97	 114	fear	fear_18.png	
DEV	   1	  81	  11	   0	7.036820e+02	  71	  71	8.127027e-01	5.789392e+01	 316	 102	 101	  97	 114	fear	fear_2.png	
DEV	   1	  82	  11	   0	7.097647e+02	  68	  68	8.156484e-01	5.556803e+01	 305	 102	 101	  97	 114	fear	fear_13.png	
DEV	   1	  83	  11	   0	7.152686e+02	  73	  73	8.049722e-01	5.837475e+01	 345	 102	 101	  97	 114	fear	fear_14.png	
DEV	   1	  84	  11	   0	7.214516e+02	  73	  73	8.299421e-01	6.024189e+01	 252	 102	 101	  97	 114	fear	fear_15.png	
IEV	   1	  85	  10	   0	7.942277e+02	 104	 104	4.727593e-01	4.921063e+01	3539	 104	  97	 112	 112	 121	happy	happy_19.png	
IEV	   1	  86	  10	   0	8.018177e+02	 116	 116	4.355690e-01	5.035607e+01	3717	 104	  97	 112	 112	 121	happy	happy_18.png	
IEV	   1	  87	  10	   0	8.089092e+02	 117	   0	4.347340e-01	5.082555e+01	3721	 104	  97	 112	 112	 121	happy	happy_12.png	
IEV	   1	  88	  10	   0	8.171966e+02	  73	   0	6.060744e-01	4.417086e+01	2886	 104	  97	 112	 112	 121	happy	happy_14.png	
IEV	   1	  89	  10	   0	8.231605e+02	  21	  21	8.866214e-01	1.839328e+01	 666	 104	  97	 112	 112	 121	happy	happy_17.png	
IEV	   1	  90	  10	   0	8.286669e+02	  20	  20	8.963554e-01	1.836934e+01	 350	 104	  97	 112	 112	 121	happy	happy_5.png	
IEV	   1	  91	  10	   0	8.347801e+02	  20	   0	8.821637e-01	1.736106e+01	 764	 104	  97	 112	 112	 121	happy	happy_8.png	
IEV	   1	  92	  10	   0	8.416053e+02	  40	  40	7.925958e-01	3.183503e+01	1767	 104	  97	 112	 112	 121	happy	happy_13.png	
IEV	   1	  93	  10	   0	8.486452e+02	  34	  34	8.147782e-01	2.732755e+01	1586	 104	  97	 112	 112	 121	happy	happy_6.png	
IEV	   1	  94	  10	   0	8.564290e+02	  99	  99	4.802756e-01	4.743341e+01	3503	 104	  97	 112	 112	 121	happy	happy_15.png	
IEV	   1	  95	  10	   0	8.641853e+02	 111	 111	4.512359e-01	5.014245e+01	3642	 104	  97	 112	 112	 121	happy	happy_2.png	
IEV	   1	  96	  10	   0	8.719847e+02	 121	 121	4.322296e-01	5.222356e+01	3733	 104	  97	 112	 112	 121	happy	happy_7.png	
IEV	   1	  97	  10	   0	8.795911e+02	 116	 116	4.291001e-01	4.976529e+01	3748	 104	  97	 112	 112	 121	happy	happy_4.png	
IEV	   1	  98	  10	   0	8.876512e+02	 109	 109	4.485192e-01	4.891121e+01	3655	 104	  97	 112	 112	 121	happy	happy_10.png	
IEV	   1	  99	  10	   0	8.954852e+02	 106	   0	4.621037e-01	4.875355e+01	3590	 104	  97	 112	 112	 121	happy	happy_21.png	
IEV	   1	 100	  10	   0	9.036199e+02	 122	 122	4.176386e-01	5.108720e+01	3803	 104	  97	 112	 112	 121	happy	happy_20.png	
IEV	   1	 101	  10	   0	9.118700e+02	 130	   0	4.113975e-01	5.339126e+01	3833	 104	  97	 112	 112	 121	happy	happy_9.png	
IEV	   1	 102	  10	   0	9.201203e+02	 108	 108	4.566698e-01	4.945491e+01	3616	 104	  97	 112	 112	 121	happy	happy_16.png	
IEV	   1	 103	  10	   0	9.275832e+02	 110	 110	4.481013e-01	4.937808e+01	3657	 104	  97	 112	 112	 121	happy	happy_3.png	
IEV	   1	 104	  10	   0	9.347809e+02	 114	 114	4.453850e-01	5.083313e+01	3670	 104	  97	 112	 112	 121	happy	happy_11.png	
IEV	   1	 105	  10	   0	9.429421e+02	 113	   0	4.487282e-01	5.069673e+01	3654	 104	  97	 112	 112	 121	happy	happy_1.png	
IEV	   1	 106	  10	   0	9.505419e+02	 115	 115	4.326469e-01	4.961208e+01	3731	 104	  97	 112	 112	 121	happy	happy_21.png	
IEV	   1	 107	  10	   0	9.586457e+02	 116	 116	4.311863e-01	5.010652e+01	3738	 104	  97	 112	 112	 121	happy	happy_10.png	
IEV	   1	 108	  10	   0	9.662205e+02	 113	   0	4.432959e-01	5.003121e+01	3680	 104	  97	 112	 112	 121	happy	happy_8.png	
IEV	   1	 109	  10	   0	9.728838e+02	 108	 108	4.481013e-01	4.848188e+01	3657	 104	  97	 112	 112	 121	happy	happy_1.png	
IEV	   1	 110	  10	   0	9.808053e+02	 124	 124	4.238875e-01	5.253153e+01	3773	 104	  97	 112	 112	 121	happy	happy_9.png	
IEV	   1	 111	  10	   0	9.880831e+02	 134	   0	4.018458e-01	5.371425e+01	3879	 104	  97	 112	 112	 121	happy	happy_11.png	
IEV	   1	 112	  10	   0	9.960998e+02	 120	   0	4.261805e-01	5.116902e+01	3762	 104	  97	 112	 112	 121	happy	happy_19.png	
IEV	   1	 113	  10	   0	1.003706e+03	 115	   0	4.305603e-01	4.970237e+01	3741	 104	  97	 112	 112	 121	happy	happy_2.png	
IEV	   1	 114	  10	   0	1.009889e+03	  22	  22	8.973647e-01	1.995590e+01	 296	 104	  97	 112	 112	 121	happy	happy_5.png	
IEV	   1	 115	  10	   0	1.015777e+03	  31	  31	8.240772e-01	2.555332e+01	1503	 104	  97	 112	 112	 121	happy	happy_6.png	
IEV	   1	 116	  10	   0	1.023179e+03	 115	   0	4.395362e-01	5.062955e+01	3698	 104	  97	 112	 112	 121	happy	happy_20.png	
IEV	   1	 117	  10	   0	1.028985e+03	  27	  27	8.583000e-01	2.333234e+01	1138	 104	  97	 112	 112	 121	happy	happy_13.png	
IEV	   1	 118	  10	   0	1.035548e+03	  37	   0	7.810272e-01	2.894101e+01	1854	 104	  97	 112	 112	 121	happy	happy_18.png	
IEV	   1	 119	  10	   0	1.042122e+03	  22	   0	8.475421e-01	1.869908e+01	1266	 104	  97	 112	 112	 121	happy	happy_7.png	
IEV	   1	 120	  10	   0	1.049921e+03	 121	   0	4.343166e-01	5.257975e+01	3723	 104	  97	 112	 112	 121	happy	happy_17.png	
IEV	   1	 121	  10	   0	1.057291e+03	  65	  65	6.101808e-01	3.966870e+01	2865	 104	  97	 112	 112	 121	happy	happy_4.png	
IEV	   1	 122	  10	   0	1.064381e+03	  78	   0	5.621876e-01	4.370207e+01	3106	 104	  97	 112	 112	 121	happy	happy_14.png	
IEV	   1	 123	  10	   0	1.071308e+03	  54	   0	6.663069e-01	3.590078e+01	2568	 104	  97	 112	 112	 121	happy	happy_3.png	
IEV	   1	 124	  10	   0	1.079290e+03	 111	   0	4.414159e-01	4.878654e+01	3689	 104	  97	 112	 112	 121	happy	happy_15.png	
IEV	   1	 125	  10	   0	1.084916e+03	  17	  17	8.968071e-01	1.558616e+01	 327	 104	  97	 112	 112	 121	happy	happy_12.png	
IEV	   1	 126	  10	   0	1.091844e+03	  21	   0	8.909572e-01	1.851912e+01	 551	 104	  97	 112	 112	 121	happy	happy_16.png	
CEVR	   1	 127	   9	   0	1.162994e+03	 138	   0	2.751806e-01	3.810072e+01	1594	 102	 101	  97	 114	fear	fear_10.png	
CEVR	   1	 128	   9	   0	1.168402e+03	 172	 172	2.171726e-01	3.743435e+01	 337	 102	 101	  97	 114	fear	fear_16.png	
CEVR	   1	 129	   9	   0	1.174121e+03	 165	   0	2.180502e-01	3.590975e+01	 361	 102	 101	  97	 114	fear	fear_2.png	
CEVR	   1	 130	   9	   0	1.179801e+03	 172	   0	2.147952e-01	  37	 271	 102	 101	  97	 114	fear	fear_15.png	
CEVR	   1	 131	   9	   0	1.185264e+03	 177	   0	2.139788e-01	3.785592e+01	 248	 102	 101	  97	 114	fear	fear_21.png	
CEVR	   1	 132	   9	   0	1.192888e+03	 102	   0	3.664403e-01	3.736644e+01	2766	 102	 101	  97	 114	fear	fear_5.png	
CEVR	   1	 133	   9	   0	1.199340e+03	 142	   0	2.655865e-01	3.779676e+01	1424	 102	 101	  97	 114	fear	fear_11.png	
CEVR	   1	 134	   9	   0	1.207654e+03	  72	  72	4.914611e-01	3.552562e+01	3665	 102	 101	  97	 114	fear	fear_8.png	
CEVR	   1	 135	   9	   0	1.215723e+03	  74	  74	5.305203e-01	3.912208e+01	3859	 102	 101	  97	 114	fear	fear_6.png	
CEVR	   1	 136	   9	   0	1.221814e+03	 171	 171	2.159413e-01	  37	 303	 102	 101	  97	 114	fear	fear_18.png	
CEVR	   1	 137	   9	   0	1.229823e+03	  78	   0	5.052673e-01	3.952634e+01	3737	 102	 101	  97	 114	fear	fear_13.png	
CEVR	   1	 138	   9	   0	1.235105e+03	 173	   0	2.140850e-01	  37	 251	 102	 101	  97	 114	fear	fear_1.png	
CEVR	   1	 139	   9	   0	1.241564e+03	 164	   0	2.208390e-01	3.611664e+01	 436	 102	 101	  97	 114	fear	fear_3.png	
CEVR	   1	 140	   9	   0	1.247319e+03	 168	 168	2.133092e-01	3.593345e+01	 229	 102	 101	  97	 114	fear	fear_20.png	
CEVR	   1	 141	   9	   0	1.252588e+03	 173	 173	2.142266e-01	  37	 255	 102	 101	  97	 114	fear	fear_17.png	
CEVR	   1	 142	   9	   0	1.259164e+03	 175	   0	2.147239e-01	3.764417e+01	 269	 102	 101	  97	 114	fear	fear_19.png	
CEVR	   1	 143	   9	   0	1.264829e+03	 175	 175	2.139435e-01	3.742789e+01	 247	 102	 101	  97	 114	fear	fear_12.png	
CEVR	   1	 144	   9	   0	1.271196e+03	 175	   0	2.140850e-01	3.742817e+01	 251	 102	 101	  97	 114	fear	fear_7.png	
CEVR	   1	 145	   9	   0	1.276579e+03	 177	   0	2.151878e-01	3.807594e+01	 282	 102	 101	  97	 114	fear	fear_9.png	
CEVR	   1	 146	   9	   0	1.282431e+03	 177	   0	2.129934e-01	3.763898e+01	 220	 102	 101	  97	 114	fear	fear_4.png	
CEVR	   1	 147	   9	   0	1.289733e+03	  73	   0	5.019380e-01	3.649806e+01	3720	 102	 101	  97	 114	fear	fear_14.png	
CEVR	   1	 148	   9	   0	1.297237e+03	 121	 121	2.957972e-01	3.581681e+01	1922	 102	 101	  97	 114	fear	fear_21.png	
CEVR	   1	 149	   9	   0	1.304139e+03	 124	   0	2.922591e-01	3.612322e+01	1869	 102	 101	  97	 114	fear	fear_7.png	
CEVR	   1	 150	   9	   0	1.310291e+03	 177	   0	2.129234e-01	3.763877e+01	 218	 102	 101	  97	 114	fear	fear_18.png	
CEVR	   1	 151	   9	   0	1.316921e+03	 125	   0	2.862511e-01	3.585500e+01	1776	 102	 101	  97	 114	fear	fear_3.png	
CEVR	   1	 152	   9	   0	1.324301e+03	 104	   0	3.549890e-01	3.700000e+01	2652	 102	 101	  97	 114	fear	fear_19.png	
CEVR	   1	 153	   9	   0	1.331532e+03	  70	   0	5.413880e-01	3.808278e+01	3908	 102	 101	  97	 114	fear	fear_12.png	
CEVR	   1	 154	   9	   0	1.338224e+03	 124	   0	2.939841e-01	3.641203e+01	1895	 102	 101	  97	 114	fear	fear_16.png	
CEVR	   1	 155	   9	   0	1.343484e+03	 168	   0	2.134850e-01	3.593258e+01	 234	 102	 101	  97	 114	fear	fear_2.png	
CEVR	   1	 156	   9	   0	1.348988e+03	 163	 163	2.227765e-01	3.633167e+01	 487	 102	 101	  97	 114	fear	fear_15.png	
CEVR	   1	 157	   9	   0	1.355158e+03	 172	 172	2.140850e-01	3.678592e+01	 251	 102	 101	  97	 114	fear	fear_1.png	
CEVR	   1	 158	   9	   0	1.361735e+03	 173	   0	2.141912e-01	  37	 254	 102	 101	  97	 114	fear	fear_13.png	
CEVR	   1	 159	   9	   0	1.368134e+03	 154	   0	2.478943e-01	3.823947e+01	1076	 102	 101	  97	 114	fear	fear_6.png	
CEVR	   1	 160	   9	   0	1.374614e+03	 169	   0	2.135554e-01	3.614578e+01	 236	 102	 101	  97	 114	fear	fear_11.png	
CEVR	   1	 161	   9	   0	1.381870e+03	  64	  64	5.577089e-01	3.588458e+01	3978	 102	 101	  97	 114	fear	fear_17.png	
CEVR	   1	 162	   9	   0	1.389898e+03	  67	   0	5.546039e-01	3.700000e+01	3965	 102	 101	  97	 114	fear	fear_9.png	
CEVR	   1	 163	   9	   0	1.395866e+03	 172	   0	2.138728e-01	3.678613e+01	 245	 102	 101	  97	 114	fear	fear_8.png	
CEVR	   1	 164	   9	   0	1.402660e+03	 170	   0	2.146172e-01	3.657077e+01	 266	 102	 101	  97	 114	fear	fear_10.png	
CEVR	   1	 165	   9	   0	1.409414e+03	 130	   0	2.888046e-01	3.757761e+01	1816	 102	 101	  97	 114	fear	fear_20.png	
CEVR	   1	 166	   9	   0	1.416867e+03	  73	   0	5.211268e-01	3.804225e+01	3815	 102	 101	  97	 114	fear	fear_14.png	
CEVR	   1	 167	   9	   0	1.422346e+03	 169	 169	2.146883e-01	3.635594e+01	 268	 102	 101	  97	 114	fear	fear_4.png	
CEVR	   1	 168	   9	   0	1.429342e+03	 178	 178	2.140496e-01	3.807025e+01	 250	 102	 101	  97	 114	fear	fear_5.png	
DEV	   1	 169	   8	   0	1.498851e+03	  65	  65	7.938688e-01	5.153143e+01	 387	 115	  99	 114	  97	 109	scram	scram_13.png	
DEV	   1	 170	   8	   0	1.504080e+03	  75	  75	7.483429e-01	5.644030e+01	 564	 115	  99	 114	  97	 109	scram	scram_11.png	
DEV	   1	 171	   8	   0	1.510711e+03	  67	  67	7.988780e-01	5.331347e+01	 368	 115	  99	 114	  97	 109	scram	scram_9.png	
DEV	   1	 172	   8	   0	1.517154e+03	  73	   0	7.002606e-01	5.102712e+01	 761	 115	  99	 114	  97	 109	scram	scram_16.png	
DEV	   1	 173	   8	   0	1.523362e+03	  66	   0	8.105650e-01	5.375239e+01	 324	 115	  99	 114	  97	 109	scram	scram_3.png	
DEV	   1	 174	   8	   0	1.529786e+03	  79	  79	5.047396e-01	3.990001e+01	1753	 115	  99	 114	  97	 109	scram	scram_10.png	
DEV	   1	 175	   8	   0	1.536335e+03	  75	  75	4.969782e-01	3.739883e+01	1803	 115	  99	 114	  97	 109	scram	scram_20.png	
DEV	   1	 176	   8	   0	1.542963e+03	  78	  78	5.090111e-01	3.967232e+01	1726	 115	  99	 114	  97	 109	scram	scram_4.png	
DEV	   1	 177	   8	   0	1.550272e+03	  79	  79	5.096488e-01	4.022326e+01	1722	 115	  99	 114	  97	 109	scram	scram_17.png	
DEV	   1	 178	   8	   0	1.557006e+03	  77	   0	5.016120e-01	3.869027e+01	1773	 115	  99	 114	  97	 109	scram	scram_8.png	
DEV	   1	 179	   8	   0	1.563957e+03	  68	  68	7.915040e-01	5.381770e+01	 396	 115	  99	 114	  97	 109	scram	scram_19.png	
DEV	   1	 180	   8	   0	1.570551e+03	  72	  72	7.673765e-01	5.510429e+01	 489	 115	  99	 114	  97	 109	scram	scram_21.png	
DEV	   1	 181	   8	   0	1.576325e+03	  73	   0	7.857453e-01	5.751103e+01	 418	 115	  99	 114	  97	 109	scram	scram_15.png	
DEV	   1	 182	   8	   0	1.581843e+03	  71	  71	8.065674e-01	5.763742e+01	 339	 115	  99	 114	  97	 109	scram	scram_1.png	
DEV	   1	 183	   8	   0	1.587494e+03	  71	  71	7.891444e-01	5.608923e+01	 405	 115	  99	 114	  97	 109	scram	scram_12.png	
DEV	   1	 184	   8	   0	1.593236e+03	  74	   0	7.941319e-01	5.868838e+01	 386	 115	  99	 114	  97	 109	scram	scram_7.png	
DEV	   1	 185	   8	   0	1.600757e+03	  81	  81	5.063151e-01	4.101649e+01	1743	 115	  99	 114	  97	 109	scram	scram_14.png	
DEV	   1	 186	   8	   0	1.607852e+03	  85	  85	2.890061e-01	2.465695e+01	3890	 115	  99	 114	  97	 109	scram	scram_2.png	
DEV	   1	 187	   8	   0	1.613335e+03	  68	  68	8.261503e-01	5.595652e+01	 266	 115	  99	 114	  97	 109	scram	scram_18.png	
DEV	   1	 188	   8	   0	1.618909e+03	  66	  66	8.310275e-01	5.446849e+01	 248	 115	  99	 114	  97	 109	scram	scram_5.png	
DEV	   1	 189	   8	   0	1.625097e+03	  67	  67	8.323856e-01	5.617826e+01	 243	 115	  99	 114	  97	 109	scram	scram_6.png	
DEV	   1	 190	   8	   0	1.632494e+03	  85	   0	2.915109e-01	2.485025e+01	3858	 115	  99	 114	  97	 109	scram	scram_8.png	
DEV	   1	 191	   8	   0	1.638862e+03	  80	   0	4.937756e-01	3.966796e+01	1824	 115	  99	 114	  97	 109	scram	scram_7.png	
DEV	   1	 192	   8	   0	1.644772e+03	  70	  70	8.119006e-01	5.704882e+01	 319	 115	  99	 114	  97	 109	scram	scram_15.png	
DEV	   1	 193	   8	   0	1.650547e+03	  65	  65	8.310275e-01	5.363746e+01	 248	 115	  99	 114	  97	 109	scram	scram_16.png	
DEV	   1	 194	   8	   0	1.656845e+03	  69	  69	8.275032e-01	5.683271e+01	 261	 115	  99	 114	  97	 109	scram	scram_2.png	
DEV	   1	 195	   8	   0	1.662760e+03	  68	   0	8.094976e-01	5.533216e+01	 328	 115	  99	 114	  97	 109	scram	scram_18.png	
DEV	   1	 196	   8	   0	1.668553e+03	  71	   0	8.253393e-01	5.840319e+01	 269	 115	  99	 114	  97	 109	scram	scram_3.png	
DEV	   1	 197	   8	   0	1.673991e+03	  71	  71	7.473387e-01	5.339882e+01	 568	 115	  99	 114	  97	 109	scram	scram_6.png	
DEV	   1	 198	   8	   0	1.679936e+03	  69	  69	6.941300e-01	4.792632e+01	 787	 115	  99	 114	  97	 109	scram	scram_20.png	
DEV	   1	 199	   8	   0	1.687094e+03	  76	  76	6.880511e-01	5.244222e+01	 813	 115	  99	 114	  97	 109	scram	scram_13.png	
DEV	   1	 200	   8	   0	1.693583e+03	  70	  70	6.742220e-01	4.693084e+01	 873	 115	  99	 114	  97	 109	scram	scram_9.png	
DEV	   1	 201	   8	   0	1.699347e+03	  70	  70	6.857269e-01	4.819589e+01	 823	 115	  99	 114	  97	 109	scram	scram_5.png	
DEV	   1	 202	   8	   0	1.706107e+03	  72	  72	6.878184e-01	4.967775e+01	 814	 115	  99	 114	  97	 109	scram	scram_11.png	
DEV	   1	 203	   8	   0	1.712397e+03	  74	   0	6.739939e-01	4.961522e+01	 874	 115	  99	 114	  97	 109	scram	scram_19.png	
DEV	   1	 204	   8	   0	1.718994e+03	  69	   0	8.293997e-01	5.690233e+01	 254	 115	  99	 114	  97	 109	scram	scram_4.png	
DEV	   1	 205	   8	   0	1.725785e+03	  75	   0	6.735379e-01	5.026375e+01	 876	 115	  99	 114	  97	 109	scram	scram_1.png	
DEV	   1	 206	   8	   0	1.732522e+03	  75	   0	5.025470e-01	3.774509e+01	1767	 115	  99	 114	  97	 109	scram	scram_14.png	
DEV	   1	 207	   8	   0	1.739444e+03	  74	   0	5.800647e-01	4.299061e+01	1321	 115	  99	 114	  97	 109	scram	scram_10.png	
DEV	   1	 208	   8	   0	1.745404e+03	  72	  72	7.873127e-01	5.679607e+01	 412	 115	  99	 114	  97	 109	scram	scram_21.png	
DEV	   1	 209	   8	   0	1.751177e+03	  66	  66	8.334731e-01	5.538275e+01	 239	 115	  99	 114	  97	 109	scram	scram_12.png	
DEV	   1	 210	   8	   0	1.757473e+03	  71	   0	8.212921e-01	5.824296e+01	 284	 115	  99	 114	  97	 109	scram	scram_17.png	
CEVR	   1	 211	   7	   0	1.827383e+03	 135	   0	2.693988e-01	3.646120e+01	1493	 104	  97	 112	 112	 121	happy	happy_21.png	
CEVR	   1	 212	   7	   0	1.832782e+03	 174	 174	2.154384e-01	3.743088e+01	 289	 104	  97	 112	 112	 121	happy	happy_16.png	
CEVR	   1	 213	   7	   0	1.838693e+03	 173	   0	2.156895e-01	3.721569e+01	 296	 104	  97	 112	 112	 121	happy	happy_9.png	
CEVR	   1	 214	   7	   0	1.845722e+03	  77	  77	5.074451e-01	3.902978e+01	3748	 104	  97	 112	 112	 121	happy	happy_10.png	
CEVR	   1	 215	   7	   0	1.852167e+03	 169	   0	2.187131e-01	3.700000e+01	 379	 104	  97	 112	 112	 121	happy	happy_8.png	
CEVR	   1	 216	   7	   0	1.859858e+03	  81	   0	4.579208e-01	3.700000e+01	3472	 104	  97	 112	 112	 121	happy	happy_7.png	
CEVR	   1	 217	   7	   0	1.867820e+03	  69	   0	5.204984e-01	3.595900e+01	3812	 104	  97	 112	 112	 121	happy	happy_13.png	
CEVR	   1	 218	   7	   0	1.873828e+03	 171	 171	2.160133e-01	  37	 305	 104	  97	 112	 112	 121	happy	happy_14.png	
CEVR	   1	 219	   7	   0	1.879868e+03	 167	   0	2.182707e-01	3.634519e+01	 367	 104	  97	 112	 112	 121	happy	happy_17.png	
CEVR	   1	 220	   7	   0	1.886771e+03	 172	 172	2.153309e-01	  37	 286	 104	  97	 112	 112	 121	happy	happy_20.png	
CEVR	   1	 221	   7	   0	1.892101e+03	 168	   0	2.175739e-01	3.656485e+01	 348	 104	  97	 112	 112	 121	happy	happy_6.png	
CEVR	   1	 222	   7	   0	1.897574e+03	 165	   0	2.206885e-01	3.633793e+01	 432	 104	  97	 112	 112	 121	happy	happy_1.png	
CEVR	   1	 223	   7	   0	1.904183e+03	 169	   0	2.151878e-01	3.635444e+01	 282	 104	  97	 112	 112	 121	happy	happy_19.png	
CEVR	   1	 224	   7	   0	1.910020e+03	 133	   0	2.733221e-01	3.645336e+01	1562	 104	  97	 112	 112	 121	happy	happy_2.png	
CEVR	   1	 225	   7	   0	1.916304e+03	 170	   0	2.141558e-01	3.635753e+01	 253	 104	  97	 112	 112	 121	happy	happy_11.png	
CEVR	   1	 226	   7	   0	1.923225e+03	 167	   0	2.167001e-01	3.613320e+01	 324	 104	  97	 112	 112	 121	happy	happy_3.png	
CEVR	   1	 227	   7	   0	1.929469e+03	 171	   0	2.184548e-01	3.743691e+01	 372	 104	  97	 112	 112	 121	happy	happy_5.png	
CEVR	   1	 228	   7	   0	1.936802e+03	  78	   0	4.710804e-01	3.652892e+01	3551	 104	  97	 112	 112	 121	happy	happy_12.png	
CEVR	   1	 229	   7	   0	1.942224e+03	 149	   0	2.497589e-01	3.724976e+01	1115	 104	  97	 112	 112	 121	happy	happy_18.png	
CEVR	   1	 230	   7	   0	1.948233e+03	 172	   0	2.159413e-01	3.721594e+01	 303	 104	  97	 112	 112	 121	happy	happy_4.png	
CEVR	   1	 231	   7	   0	1.955554e+03	 105	   0	3.430464e-01	3.597086e+01	2525	 104	  97	 112	 112	 121	happy	happy_15.png	
CEVR	   1	 232	   7	   0	1.962043e+03	 170	 170	2.139082e-01	3.635828e+01	 246	 104	  97	 112	 112	 121	happy	happy_20.png	
CEVR	   1	 233	   7	   0	1.968329e+03	 174	   0	2.141558e-01	3.721416e+01	 253	 104	  97	 112	 112	 121	happy	happy_15.png	
CEVR	   1	 234	   7	   0	1.974311e+03	 168	   0	2.202756e-01	  37	 421	 104	  97	 112	 112	 121	happy	happy_2.png	
CEVR	   1	 235	   7	   0	1.980373e+03	 171	   0	2.196404e-01	3.765892e+01	 404	 104	  97	 112	 112	 121	happy	happy_8.png	
CEVR	   1	 236	   7	   0	1.986780e+03	 174	   0	2.156895e-01	3.743138e+01	 296	 104	  97	 112	 112	 121	happy	happy_18.png	
CEVR	   1	 237	   7	   0	1.993814e+03	 145	   0	2.611940e-01	3.778358e+01	1342	 104	  97	 112	 112	 121	happy	happy_21.png	
CEVR	   1	 238	   7	   0	2.001245e+03	  66	   0	5.457227e-01	3.590855e+01	3927	 104	  97	 112	 112	 121	happy	happy_12.png	
CEVR	   1	 239	   7	   0	2.008717e+03	 101	   0	3.696831e-01	3.736968e+01	2797	 104	  97	 112	 112	 121	happy	happy_4.png	
CEVR	   1	 240	   7	   0	2.014751e+03	 174	   0	2.175739e-01	3.787030e+01	 348	 104	  97	 112	 112	 121	happy	happy_13.png	
CEVR	   1	 241	   7	   0	2.022303e+03	  93	  93	3.905308e-01	3.621894e+01	2984	 104	  97	 112	 112	 121	happy	happy_19.png	
CEVR	   1	 242	   7	   0	2.029790e+03	  91	   0	4.252874e-01	3.870115e+01	3255	 104	  97	 112	 112	 121	happy	happy_11.png	
CEVR	   1	 243	   7	   0	2.035284e+03	 172	   0	2.145816e-01	  37	 265	 104	  97	 112	 112	 121	happy	happy_16.png	
CEVR	   1	 244	   7	   0	2.041230e+03	 158	   0	2.342619e-01	  37	 772	 104	  97	 112	 112	 121	happy	happy_6.png	
CEVR	   1	 245	   7	   0	2.048149e+03	 125	   0	2.955272e-01	  37	1918	 104	  97	 112	 112	 121	happy	happy_17.png	
CEVR	   1	 246	   7	   0	2.055301e+03	  78	   0	4.764533e-01	3.700000e+01	3582	 104	  97	 112	 112	 121	happy	happy_14.png	
CEVR	   1	 247	   7	   0	2.062911e+03	 111	 111	3.235882e-01	3.602924e+01	2298	 104	  97	 112	 112	 121	happy	happy_7.png	
CEVR	   1	 248	   7	   0	2.069913e+03	 111	 111	3.223799e-01	3.571048e+01	2283	 104	  97	 112	 112	 121	happy	happy_9.png	
CEVR	   1	 249	   7	   0	2.076336e+03	 113	   0	3.254587e-01	3.667454e+01	2321	 104	  97	 112	 112	 121	happy	happy_1.png	
CEVR	   1	 250	   7	   0	2.083044e+03	 171	   0	2.145461e-01	3.678545e+01	 264	 104	  97	 112	 112	 121	happy	happy_10.png	
CEVR	   1	 251	   7	   0	2.090222e+03	 111	   0	3.348849e-01	3.733488e+01	2433	 104	  97	 112	 112	 121	happy	happy_3.png	
CEVR	   1	 252	   7	   0	2.097866e+03	 100	   0	3.859911e-01	3.854396e+01	2945	 104	  97	 112	 112	 121	happy	happy_5.png	
#11-Jun-2013
IEV	   2	 253	   6	   0	1.530085e+01	  22	  22	8.850670e-01	1.953918e+01	 702	 115	  99	 114	  97	 109	scram	scram_3.png	
IEV	   2	 254	   6	   0	2.116262e+01	  17	  17	8.956947e-01	1.492081e+01	 381	 115	  99	 114	  97	 109	scram	scram_17.png	
IEV	   2	 255	   6	   0	2.657401e+01	  22	  22	8.637632e-01	1.917862e+01	1066	 115	  99	 114	  97	 109	scram	scram_18.png	
IEV	   2	 256	   6	   0	3.299928e+01	  26	  26	8.421309e-01	2.188475e+01	1325	 115	  99	 114	  97	 109	scram	scram_2.png	
IEV	   2	 257	   6	   0	4.029124e+01	  41	  41	7.819793e-01	3.198245e+01	1847	 115	  99	 114	  97	 109	scram	scram_13.png	
IEV	   2	 258	   6	   0	4.634317e+01	  45	  45	7.658751e-01	3.411326e+01	1962	 115	  99	 114	  97	 109	scram	scram_9.png	
IEV	   2	 259	   6	   0	5.384856e+01	  58	  58	6.842581e-01	3.939198e+01	2468	 115	  99	 114	  97	 109	scram	scram_8.png	
IEV	   2	 260	   6	   0	6.140405e+01	  67	   0	6.352217e-01	4.248606e+01	2735	 115	  99	 114	  97	 109	scram	scram_7.png	
IEV	   2	 261	   6	   0	6.955507e+01	 120	 120	4.232623e-01	5.086129e+01	3776	 115	  99	 114	  97	 109	scram	scram_4.png	
IEV	   2	 262	   6	   0	7.770329e+01	 124	   0	4.245128e-01	5.250869e+01	3770	 115	  99	 114	  97	 109	scram	scram_14.png	
IEV	   2	 263	   6	   0	8.410600e+01	  37	  37	7.777349e-01	2.846033e+01	1878	 115	  99	 114	  97	 109	scram	scram_12.png	
IEV	   2	 264	   6	   0	9.120227e+01	  37	   0	7.799346e-01	2.903993e+01	1862	 115	  99	 114	  97	 109	scram	scram_1.png	
IEV	   2	 265	   6	   0	9.749174e+01	  21	  21	8.939767e-01	1.884349e+01	 451	 115	  99	 114	  97	 109	scram	scram_10.png	
IEV	   2	 266	   6	   0	1.029127e+02	  21	   0	8.970841e-01	1.911642e+01	 312	 115	  99	 114	  97	 109	scram	scram_16.png	
IEV	   2	 267	   6	   0	1.104329e+02	 133	   0	3.950090e-01	5.235993e+01	3912	 115	  99	 114	  97	 109	scram	scram_20.png	
IEV	   2	 268	   6	   0	1.178153e+02	 112	 112	4.522808e-01	5.055056e+01	3637	 115	  99	 114	  97	 109	scram	scram_11.png	
IEV	   2	 269	   6	   0	1.245325e+02	  99	  99	4.798582e-01	4.745349e+01	3505	 115	  99	 114	  97	 109	scram	scram_21.png	
IEV	   2	 270	   6	   0	1.328241e+02	 113	   0	4.501910e-01	5.108689e+01	3647	 115	  99	 114	  97	 109	scram	scram_6.png	
IEV	   2	 271	   6	   0	1.406738e+02	 107	 107	4.729682e-01	5.062027e+01	3538	 115	  99	 114	  97	 109	scram	scram_5.png	
IEV	   2	 272	   6	   0	1.487585e+02	 111	 111	4.520719e-01	5.010712e+01	3638	 115	  99	 114	  97	 109	scram	scram_19.png	
IEV	   2	 273	   6	   0	1.572421e+02	 107	 107	4.526988e-01	4.826979e+01	3635	 115	  99	 114	  97	 109	scram	scram_15.png	
IEV	   2	 274	   6	   0	1.656023e+02	 108	   0	4.652383e-01	5.047201e+01	3575	 115	  99	 114	  97	 109	scram	scram_12.png	
IEV	   2	 275	   6	   0	1.732470e+02	 102	   0	4.689993e-01	4.796978e+01	3557	 115	  99	 114	  97	 109	scram	scram_14.png	
IEV	   2	 276	   6	   0	1.801110e+02	  37	  37	7.609283e-01	2.842669e+01	1996	 115	  99	 114	  97	 109	scram	scram_18.png	
IEV	   2	 277	   6	   0	1.873965e+02	  23	  23	8.880808e-01	2.080656e+01	 630	 115	  99	 114	  97	 109	scram	scram_6.png	
IEV	   2	 278	   6	   0	1.942702e+02	  64	   0	6.576923e-01	4.176856e+01	2615	 115	  99	 114	  97	 109	scram	scram_4.png	
IEV	   2	 279	   6	   0	2.011698e+02	  69	   0	6.131040e-01	4.254813e+01	2850	 115	  99	 114	  97	 109	scram	scram_7.png	
IEV	   2	 280	   6	   0	2.075733e+02	  21	   0	8.977569e-01	1.897747e+01	 272	 115	  99	 114	  97	 109	scram	scram_5.png	
IEV	   2	 281	   6	   0	2.147638e+02	 122	   0	4.086957e-01	4.980526e+01	3846	 115	  99	 114	  97	 109	scram	scram_8.png	
IEV	   2	 282	   6	   0	2.212122e+02	  21	   0	8.837915e-01	1.886356e+01	 730	 115	  99	 114	  97	 109	scram	scram_17.png	
IEV	   2	 283	   6	   0	2.274090e+02	  38	  38	7.806180e-01	2.975871e+01	1857	 115	  99	 114	  97	 109	scram	scram_15.png	
IEV	   2	 284	   6	   0	2.347428e+02	  43	  43	7.703124e-01	3.297816e+01	1931	 115	  99	 114	  97	 109	scram	scram_13.png	
IEV	   2	 285	   6	   0	2.415825e+02	  36	   0	7.955571e-01	2.838732e+01	1744	 115	  99	 114	  97	 109	scram	scram_3.png	
IEV	   2	 286	   6	   0	2.476009e+02	  18	  18	8.972960e-01	1.638084e+01	 300	 115	  99	 114	  97	 109	scram	scram_9.png	
IEV	   2	 287	   6	   0	2.532931e+02	  19	  19	8.981153e-01	1.710730e+01	 248	 115	  99	 114	  97	 109	scram	scram_10.png	
IEV	   2	 288	   6	   0	2.590972e+02	  15	  15	8.933987e-01	1.359448e+01	 472	 115	  99	 114	  97	 109	scram	scram_11.png	
IEV	   2	 289	   6	   0	2.666685e+02	 105	   0	4.587598e-01	4.798696e+01	3606	 115	  99	 114	  97	 109	scram	scram_16.png	
IEV	   2	 290	   6	   0	2.723261e+02	  23	  23	8.817181e-01	2.007775e+01	 773	 115	  99	 114	  97	 109	scram	scram_21.png	
IEV	   2	 291	   6	   0	2.790250e+02	  34	   0	8.316916e-01	2.806450e+01	1431	 115	  99	 114	  97	 109	scram	scram_19.png	
IEV	   2	 292	   6	   0	2.853255e+02	  23	  23	8.873628e-01	2.004127e+01	 648	 115	  99	 114	  97	 109	scram	scram_20.png	
IEV	   2	 293	   6	   0	2.916184e+02	  24	  24	8.874033e-01	2.092178e+01	 647	 115	  99	 114	  97	 109	scram	scram_2.png	
IEV	   2	 294	   6	   0	2.978871e+02	  14	  14	8.902006e-01	1.242492e+01	 573	 115	  99	 114	  97	 109	scram	scram_1.png	
CEV	   2	 295	   5	   0	3.671617e+02	  49	  49	8.280000e-01	4.031200e+01	 504	 104	  97	 112	 112	 121	happy	happy_14.png	
CEV	   2	 296	   5	   0	3.722658e+02	  47	  47	8.354286e-01	3.950629e+01	 452	 104	  97	 112	 112	 121	happy	happy_20.png	
CEV	   2	 297	   5	   0	3.777277e+02	  46	  46	8.167143e-01	3.781671e+01	 583	 104	  97	 112	 112	 121	happy	happy_1.png	
CEV	   2	 298	   5	   0	3.832386e+02	  38	  38	8.598571e-01	3.270071e+01	 281	 104	  97	 112	 112	 121	happy	happy_10.png	
CEV	   2	 299	   5	   0	3.899444e+02	  42	  42	8.612857e-01	3.613871e+01	 271	 104	  97	 112	 112	 121	happy	happy_8.png	
CEV	   2	 300	   5	   0	3.960079e+02	  45	  45	8.255714e-01	  37	 521	 104	  97	 112	 112	 121	happy	happy_21.png	
CEV	   2	 301	   5	   0	4.023182e+02	  40	  40	8.315714e-01	3.367371e+01	 479	 104	  97	 112	 112	 121	happy	happy_16.png	
CEV	   2	 302	   5	   0	4.079673e+02	  40	  40	8.491429e-01	3.360343e+01	 356	 104	  97	 112	 112	 121	happy	happy_6.png	
CEV	   2	 303	   5	   0	4.143868e+02	  40	  40	8.307143e-01	3.284643e+01	 485	 104	  97	 112	 112	 121	happy	happy_19.png	
CEV	   2	 304	   5	   0	4.212892e+02	  42	  42	8.341429e-01	3.533171e+01	 461	 104	  97	 112	 112	 121	happy	happy_4.png	
CEV	   2	 305	   5	   0	4.279274e+02	  45	  45	8.525714e-01	3.870514e+01	 332	 104	  97	 112	 112	 121	happy	happy_11.png	
CEV	   2	 306	   5	   0	4.339659e+02	  45	  45	8.240000e-01	  37	 532	 104	  97	 112	 112	 121	happy	happy_12.png	
CEV	   2	 307	   5	   0	4.395161e+02	  41	  41	8.205714e-01	3.371771e+01	 556	 104	  97	 112	 112	 121	happy	happy_13.png	
CEV	   2	 308	   5	   0	4.457908e+02	  49	   0	8.210000e-01	4.028400e+01	 553	 104	  97	 112	 112	 121	happy	happy_2.png	
CEV	   2	 309	   5	   0	4.513904e+02	  41	  41	8.637143e-01	3.527257e+01	 254	 104	  97	 112	 112	 121	happy	happy_5.png	
CEV	   2	 310	   5	   0	4.580157e+02	  44	  44	8.562857e-01	3.785629e+01	 306	 104	  97	 112	 112	 121	happy	happy_3.png	
CEV	   2	 311	   5	   0	4.638053e+02	  43	  43	8.380000e-01	3.616200e+01	 434	 104	  97	 112	 112	 121	happy	happy_17.png	
CEV	   2	 312	   5	   0	4.702672e+02	  48	  48	8.460000e-01	4.038400e+01	 378	 104	  97	 112	 112	 121	happy	happy_15.png	
CEV	   2	 313	   5	   0	4.754832e+02	  41	  41	8.307143e-01	3.367714e+01	 485	 104	  97	 112	 112	 121	happy	happy_18.png	
CEV	   2	 314	   5	   0	4.811572e+02	  41	  41	8.474286e-01	3.445771e+01	 368	 104	  97	 112	 112	 121	happy	happy_7.png	
CEV	   2	 315	   5	   0	4.867166e+02	  45	  45	8.468571e-01	3.784686e+01	 372	 104	  97	 112	 112	 121	happy	happy_9.png	
CEV	   2	 316	   5	   0	4.931253e+02	  48	  48	8.328571e-01	4.033143e+01	 470	 104	  97	 112	 112	 121	happy	happy_21.png	
CEV	   2	 317	   5	   0	4.989990e+02	  46	  46	8.431429e-01	3.868629e+01	 398	 104	  97	 112	 112	 121	happy	happy_10.png	
CEV	   2	 318	   5	   0	5.051025e+02	  48	   0	8.392857e-01	4.035714e+01	 425	 104	  97	 112	 112	 121	happy	happy_16.png	
CEV	   2	 319	   5	   0	5.112953e+02	  49	   0	8.375714e-01	4.118786e+01	 437	 104	  97	 112	 112	 121	happy	happy_14.png	
CEV	   2	 320	   5	   0	5.170533e+02	  47	  47	8.474286e-01	3.954229e+01	 368	 104	  97	 112	 112	 121	happy	happy_1.png	
CEV	   2	 321	   5	   0	5.233294e+02	  41	  41	8.424286e-01	3.447271e+01	 403	 104	  97	 112	 112	 121	happy	happy_5.png	
CEV	   2	 322	   5	   0	5.305659e+02	  41	  41	8.251429e-01	3.369943e+01	 524	 104	  97	 112	 112	 121	happy	happy_4.png	
CEV	   2	 323	   5	   0	5.364768e+02	  48	  48	8.324286e-01	4.032971e+01	 473	 104	  97	 112	 112	 121	happy	happy_2.png	
CEV	   2	 324	   5	   0	5.431028e+02	  43	  43	8.282857e-01	3.534343e+01	 502	 104	  97	 112	 112	 121	happy	happy_6.png	
CEV	   2	 325	   5	   0	5.494731e+02	  45	  45	8.192857e-01	  37	 565	 104	  97	 112	 112	 121	happy	happy_17.png	
CEV	   2	 326	   5	   0	5.548154e+02	  40	   0	8.255714e-01	3.287214e+01	 521	 104	  97	 112	 112	 121	happy	happy_9.png	
CEV	   2	 327	   5	   0	5.610924e+02	  45	   0	8.482857e-01	3.784829e+01	 362	 104	  97	 112	 112	 121	happy	happy_20.png	
CEV	   2	 328	   5	   0	5.678551e+02	  42	  42	8.498571e-01	3.530029e+01	 351	 104	  97	 112	 112	 121	happy	happy_3.png	
CEV	   2	 329	   5	   0	5.736528e+02	  40	  40	8.384286e-01	3.364629e+01	 431	 104	  97	 112	 112	 121	happy	happy_7.png	
CEV	   2	 330	   5	   0	5.791653e+02	  46	  46	8.341429e-01	3.866829e+01	 461	 104	  97	 112	 112	 121	happy	happy_12.png	
CEV	   2	 331	   5	   0	5.863402e+02	  49	  49	8.145714e-01	4.025829e+01	 598	 104	  97	 112	 112	 121	happy	happy_11.png	
CEV	   2	 332	   5	   0	5.918332e+02	  49	  49	8.407143e-01	4.120357e+01	 415	 104	  97	 112	 112	 121	happy	happy_8.png	
CEV	   2	 333	   5	   0	5.982867e+02	  45	   0	8.518571e-01	3.870371e+01	 337	 104	  97	 112	 112	 121	happy	happy_13.png	
CEV	   2	 334	   5	   0	6.048061e+02	  41	  41	8.592857e-01	3.528143e+01	 285	 104	  97	 112	 112	 121	happy	happy_18.png	
CEV	   2	 335	   5	   0	6.105081e+02	  43	  43	8.642857e-01	  37	 250	 104	  97	 112	 112	 121	happy	happy_15.png	
CEV	   2	 336	   5	   0	6.165341e+02	  46	  46	8.574286e-01	3.957229e+01	 298	 104	  97	 112	 112	 121	happy	happy_19.png	
CEVR	   2	 337	   4	   0	6.900561e+02	 166	   0	2.190090e-01	3.634297e+01	 387	 115	  99	 114	  97	 109	scram	scram_12.png	
CEVR	   2	 338	   4	   0	6.962117e+02	 149	   0	2.422372e-01	3.603105e+01	 954	 115	  99	 114	  97	 109	scram	scram_20.png	
CEVR	   2	 339	   4	   0	7.032160e+02	 171	 171	2.141204e-01	3.657176e+01	 252	 115	  99	 114	  97	 109	scram	scram_6.png	
CEVR	   2	 340	   4	   0	7.089370e+02	 169	   0	2.153309e-01	3.635401e+01	 286	 115	  99	 114	  97	 109	scram	scram_17.png	
CEVR	   2	 341	   4	   0	7.150647e+02	 173	   0	2.157974e-01	3.743159e+01	 299	 115	  99	 114	  97	 109	scram	scram_19.png	
CEVR	   2	 342	   4	   0	7.207452e+02	 172	 172	2.196404e-01	3.787856e+01	 404	 115	  99	 114	  97	 109	scram	scram_14.png	
CEVR	   2	 343	   4	   0	7.271783e+02	 173	   0	2.158693e-01	3.743174e+01	 301	 115	  99	 114	  97	 109	scram	scram_3.png	
CEVR	   2	 344	   4	   0	7.327970e+02	 173	 173	2.150806e-01	3.721508e+01	 279	 115	  99	 114	  97	 109	scram	scram_13.png	
CEVR	   2	 345	   4	   0	7.385224e+02	 173	   0	2.155818e-01	3.721558e+01	 293	 115	  99	 114	  97	 109	scram	scram_7.png	
CEVR	   2	 346	   4	   0	7.441607e+02	 167	 167	2.164828e-01	3.613407e+01	 318	 115	  99	 114	  97	 109	scram	scram_2.png	
CEVR	   2	 347	   4	   0	7.501718e+02	 176	 176	2.145461e-01	3.785818e+01	 264	 115	  99	 114	  97	 109	scram	scram_11.png	
CEVR	   2	 348	   4	   0	7.565792e+02	 170	 170	2.141912e-01	3.635743e+01	 254	 115	  99	 114	  97	 109	scram	scram_18.png	
CEVR	   2	 349	   4	   0	7.622006e+02	 171	 171	2.151878e-01	3.678481e+01	 282	 115	  99	 114	  97	 109	scram	scram_21.png	
CEVR	   2	 350	   4	   0	7.683041e+02	 177	 177	2.139435e-01	3.785577e+01	 247	 115	  99	 114	  97	 109	scram	scram_10.png	
CEVR	   2	 351	   4	   0	7.737875e+02	 164	   0	2.196777e-01	3.612129e+01	 405	 115	  99	 114	  97	 109	scram	scram_9.png	
CEVR	   2	 352	   4	   0	7.791526e+02	 170	 170	2.175739e-01	  37	 348	 115	  99	 114	  97	 109	scram	scram_5.png	
CEVR	   2	 353	   4	   0	7.849809e+02	 178	   0	2.144040e-01	3.807202e+01	 260	 115	  99	 114	  97	 109	scram	scram_1.png	
CEVR	   2	 354	   4	   0	7.914042e+02	 170	 170	2.153309e-01	3.656934e+01	 286	 115	  99	 114	  97	 109	scram	scram_4.png	
CEVR	   2	 355	   4	   0	7.971254e+02	 170	 170	2.151520e-01	3.656970e+01	 281	 115	  99	 114	  97	 109	scram	scram_8.png	
CEVR	   2	 356	   4	   0	8.037528e+02	 172	   0	2.155818e-01	  37	 293	 115	  99	 114	  97	 109	scram	scram_15.png	
CEVR	   2	 357	   4	   0	8.102603e+02	 174	 174	2.141204e-01	3.721412e+01	 252	 115	  99	 114	  97	 109	scram	scram_16.png	
CEVR	   2	 358	   4	   0	8.167761e+02	 168	   0	2.146883e-01	3.614125e+01	 268	 115	  99	 114	  97	 109	scram	scram_6.png	
CEVR	   2	 359	   4	   0	8.234286e+02	 175	   0	2.161937e-01	3.786477e+01	 310	 115	  99	 114	  97	 109	scram	scram_7.png	
CEVR	   2	 360	   4	   0	8.289452e+02	 168	   0	2.147595e-01	3.614096e+01	 270	 115	  99	 114	  97	 109	scram	scram_1.png	
CEVR	   2	 361	   4	   0	8.353628e+02	 170	   0	2.148308e-01	3.657034e+01	 272	 115	  99	 114	  97	 109	scram	scram_16.png	
CEVR	   2	 362	   4	   0	8.415007e+02	 173	 173	2.160854e-01	3.743217e+01	 307	 115	  99	 114	  97	 109	scram	scram_15.png	
CEVR	   2	 363	   4	   0	8.471535e+02	 165	   0	2.172090e-01	3.591396e+01	 338	 115	  99	 114	  97	 109	scram	scram_10.png	
CEVR	   2	 364	   4	   0	8.531714e+02	 173	   0	2.147952e-01	3.721480e+01	 271	 115	  99	 114	  97	 109	scram	scram_18.png	
CEVR	   2	 365	   4	   0	8.592077e+02	 173	   0	2.160494e-01	3.743210e+01	 306	 115	  99	 114	  97	 109	scram	scram_8.png	
CEVR	   2	 366	   4	   0	8.650424e+02	 174	   0	2.159773e-01	3.764793e+01	 304	 115	  99	 114	  97	 109	scram	scram_13.png	
CEVR	   2	 367	   4	   0	8.715605e+02	 174	   0	2.147595e-01	3.742952e+01	 270	 115	  99	 114	  97	 109	scram	scram_20.png	
CEVR	   2	 368	   4	   0	8.783075e+02	 170	 170	2.162659e-01	3.678373e+01	 312	 115	  99	 114	  97	 109	scram	scram_12.png	
CEVR	   2	 369	   4	   0	8.845616e+02	 173	   0	2.170270e-01	3.765108e+01	 333	 115	  99	 114	  97	 109	scram	scram_17.png	
CEVR	   2	 370	   4	   0	8.907643e+02	 152	   0	2.447090e-01	3.724471e+01	1008	 115	  99	 114	  97	 109	scram	scram_14.png	
CEVR	   2	 371	   4	   0	8.972112e+02	 121	 121	2.961354e-01	3.581546e+01	1927	 115	  99	 114	  97	 109	scram	scram_3.png	
CEVR	   2	 372	   4	   0	9.038156e+02	 128	   0	2.893855e-01	  37	1825	 115	  99	 114	  97	 109	scram	scram_21.png	
CEVR	   2	 373	   4	   0	9.118556e+02	  72	   0	5.425220e-01	3.917009e+01	3913	 115	  99	 114	  97	 109	scram	scram_5.png	
CEVR	   2	 374	   4	   0	9.170872e+02	 174	 174	2.146527e-01	3.742931e+01	 267	 115	  99	 114	  97	 109	scram	scram_19.png	
CEVR	   2	 375	   4	   0	9.234623e+02	 148	 148	2.435126e-01	3.602595e+01	 982	 115	  99	 114	  97	 109	scram	scram_9.png	
CEVR	   2	 376	   4	   0	9.307540e+02	 126	   0	3.009528e-01	3.790286e+01	1997	 115	  99	 114	  97	 109	scram	scram_4.png	
CEVR	   2	 377	   4	   0	9.378526e+02	  96	  96	3.956615e-01	3.779132e+01	3027	 115	  99	 114	  97	 109	scram	scram_2.png	
CEVR	   2	 378	   4	   0	9.454492e+02	  73	  73	5.228099e-01	3.804562e+01	3823	 115	  99	 114	  97	 109	scram	scram_11.png	
IEV	   2	 379	   3	   0	1.017429e+03	  15	  15	8.883923e-01	1.364597e+01	 622	 102	 101	  97	 114	fear	fear_17.png	
IEV	   2	 380	   3	   0	1.023365e+03	  15	  15	8.975323e-01	1.363872e+01	 286	 102	 101	  97	 114	fear	fear_9.png	
IEV	   2	 381	   3	   0	1.030719e+03	  42	  42	7.701704e-01	3.221989e+01	1932	 102	 101	  97	 114	fear	fear_11.png	
IEV	   2	 382	   3	   0	1.037263e+03	  65	  65	6.416549e-01	4.145772e+01	2701	 102	 101	  97	 114	fear	fear_12.png	
IEV	   2	 383	   3	   0	1.044610e+03	  91	   0	5.249393e-01	4.780533e+01	3288	 102	 101	  97	 114	fear	fear_8.png	
IEV	   2	 384	   3	   0	1.051108e+03	  21	  21	8.999513e-01	1.861885e+01	  24	 102	 101	  97	 114	fear	fear_10.png	
IEV	   2	 385	   3	   0	1.058208e+03	  41	  41	7.563457e-01	3.109846e+01	2027	 102	 101	  97	 114	fear	fear_14.png	
IEV	   2	 386	   3	   0	1.066136e+03	 128	   0	4.101503e-01	5.261364e+01	3839	 102	 101	  97	 114	fear	fear_4.png	
IEV	   2	 387	   3	   0	1.072418e+03	  44	  44	7.644288e-01	3.346665e+01	1972	 102	 101	  97	 114	fear	fear_21.png	
IEV	   2	 388	   3	   0	1.080084e+03	  37	  37	7.664516e-01	2.870098e+01	1958	 102	 101	  97	 114	fear	fear_2.png	
IEV	   2	 389	   3	   0	1.087070e+03	  44	  44	7.622458e-01	3.364569e+01	1987	 102	 101	  97	 114	fear	fear_18.png	
IEV	   2	 390	   3	   0	1.094252e+03	  40	  40	7.620997e-01	3.060924e+01	1988	 102	 101	  97	 114	fear	fear_6.png	
IEV	   2	 391	   3	   0	1.100124e+03	  37	  37	7.668832e-01	2.866264e+01	1955	 102	 101	  97	 114	fear	fear_7.png	
IEV	   2	 392	   3	   0	1.107186e+03	  40	  40	7.686031e-01	3.081518e+01	1943	 102	 101	  97	 114	fear	fear_5.png	
IEV	   2	 393	   3	   0	1.114854e+03	  43	  43	7.663076e-01	3.331161e+01	1959	 102	 101	  97	 114	fear	fear_15.png	
IEV	   2	 394	   3	   0	1.121825e+03	  39	  39	7.655865e-01	2.954330e+01	1964	 102	 101	  97	 114	fear	fear_13.png	
IEV	   2	 395	   3	   0	1.128091e+03	  40	  40	7.678878e-01	3.087687e+01	1948	 102	 101	  97	 114	fear	fear_20.png	
IEV	   2	 396	   3	   0	1.135158e+03	  39	  39	7.668832e-01	3.019640e+01	1955	 102	 101	  97	 114	fear	fear_1.png	
IEV	   2	 397	   3	   0	1.141786e+03	  35	   0	7.777349e-01	2.690486e+01	1878	 102	 101	  97	 114	fear	fear_19.png	
IEV	   2	 398	   3	   0	1.148217e+03	  15	  15	8.975487e-01	1.363522e+01	 285	 102	 101	  97	 114	fear	fear_3.png	
IEV	   2	 399	   3	   0	1.154509e+03	  23	  23	8.951175e-01	2.040951e+01	 406	 102	 101	  97	 114	fear	fear_16.png	
IEV	   2	 400	   3	   0	1.160601e+03	  21	  21	8.890391e-01	1.886309e+01	 605	 102	 101	  97	 114	fear	fear_10.png	
IEV	   2	 401	   3	   0	1.167722e+03	  16	  16	8.978649e-01	1.446583e+01	 265	 102	 101	  97	 114	fear	fear_15.png	
IEV	   2	 402	   3	   0	1.174423e+03	  38	   0	7.570894e-01	2.876440e+01	2022	 102	 101	  97	 114	fear	fear_7.png	
IEV	   2	 403	   3	   0	1.180856e+03	  35	  35	7.789746e-01	2.756862e+01	1869	 102	 101	  97	 114	fear	fear_6.png	
IEV	   2	 404	   3	   0	1.187476e+03	  37	  37	8.078318e-01	2.962948e+01	1645	 102	 101	  97	 114	fear	fear_21.png	
IEV	   2	 405	   3	   0	1.193521e+03	  34	  34	8.230958e-01	2.812569e+01	1512	 102	 101	  97	 114	fear	fear_20.png	
IEV	   2	 406	   3	   0	1.199947e+03	  32	  32	8.045606e-01	2.591692e+01	1672	 102	 101	  97	 114	fear	fear_3.png	
IEV	   2	 407	   3	   0	1.207117e+03	  37	  37	8.023479e-01	2.934502e+01	1690	 102	 101	  97	 114	fear	fear_1.png	
IEV	   2	 408	   3	   0	1.214171e+03	  35	  35	7.977195e-01	2.818299e+01	1727	 102	 101	  97	 114	fear	fear_18.png	
IEV	   2	 409	   3	   0	1.219925e+03	  27	  27	8.216666e-01	2.251905e+01	1525	 102	 101	  97	 114	fear	fear_9.png	
IEV	   2	 410	   3	   0	1.226554e+03	  33	  33	8.303480e-01	2.737481e+01	1444	 102	 101	  97	 114	fear	fear_2.png	
IEV	   2	 411	   3	   0	1.233442e+03	  28	  28	8.154690e-01	2.318089e+01	1580	 102	 101	  97	 114	fear	fear_16.png	
IEV	   2	 412	   3	   0	1.239749e+03	  25	  25	8.342366e-01	2.112156e+01	1406	 102	 101	  97	 114	fear	fear_14.png	
IEV	   2	 413	   3	   0	1.246192e+03	  16	  16	8.976939e-01	1.450202e+01	 276	 102	 101	  97	 114	fear	fear_11.png	
IEV	   2	 414	   3	   0	1.252163e+03	  31	  31	8.388827e-01	2.561723e+01	1359	 102	 101	  97	 114	fear	fear_8.png	
IEV	   2	 415	   3	   0	1.258626e+03	  24	  24	8.404231e-01	2.040290e+01	1343	 102	 101	  97	 114	fear	fear_19.png	
IEV	   2	 416	   3	   0	1.265075e+03	  27	  27	8.227672e-01	2.239974e+01	1515	 102	 101	  97	 114	fear	fear_13.png	
IEV	   2	 417	   3	   0	1.271277e+03	  26	  26	8.328177e-01	2.128335e+01	1420	 102	 101	  97	 114	fear	fear_5.png	
IEV	   2	 418	   3	   0	1.278040e+03	  29	  29	8.201122e-01	2.350673e+01	1539	 102	 101	  97	 114	fear	fear_17.png	
IEV	   2	 419	   3	   0	1.284893e+03	  29	  29	8.223279e-01	2.409208e+01	1519	 102	 101	  97	 114	fear	fear_12.png	
IEV	   2	 420	   3	   0	1.291762e+03	  25	  25	8.394628e-01	2.135539e+01	1353	 102	 101	  97	 114	fear	fear_4.png	
DEV	   2	 421	   2	   0	1.361791e+03	  74	  74	7.894063e-01	5.846892e+01	 404	 104	  97	 112	 112	 121	happy	happy_6.png	
DEV	   2	 422	   2	   0	1.368727e+03	  70	  70	8.207534e-01	5.740068e+01	 286	 104	  97	 112	 112	 121	happy	happy_14.png	
DEV	   2	 423	   2	   0	1.374614e+03	  69	  69	7.445831e-01	5.103249e+01	 579	 104	  97	 112	 112	 121	happy	happy_4.png	
DEV	   2	 424	   2	   0	1.380632e+03	  73	  73	8.307561e-01	6.027475e+01	 249	 104	  97	 112	 112	 121	happy	happy_9.png	
DEV	   2	 425	   2	   0	1.386301e+03	  70	  70	8.119006e-01	5.704882e+01	 319	 104	  97	 112	 112	 121	happy	happy_21.png	
DEV	   2	 426	   2	   0	1.392721e+03	  67	  67	7.769073e-01	5.243545e+01	 452	 104	  97	 112	 112	 121	happy	happy_8.png	
DEV	   2	 427	   2	   0	1.399625e+03	  75	  75	7.849624e-01	5.904469e+01	 421	 104	  97	 112	 112	 121	happy	happy_1.png	
DEV	   2	 428	   2	   0	1.405935e+03	  68	  68	7.867900e-01	5.362534e+01	 414	 104	  97	 112	 112	 121	happy	happy_12.png	
DEV	   2	 429	   2	   0	1.411962e+03	  67	  67	7.738062e-01	5.153253e+01	 464	 104	  97	 112	 112	 121	happy	happy_15.png	
DEV	   2	 430	   2	   0	1.418560e+03	  71	   0	7.373593e-01	5.217742e+01	 608	 104	  97	 112	 112	 121	happy	happy_5.png	
DEV	   2	 431	   2	   0	1.424685e+03	  68	  68	8.291286e-01	5.606328e+01	 255	 104	  97	 112	 112	 121	happy	happy_13.png	
DEV	   2	 432	   2	   0	1.430623e+03	  66	  66	8.210227e-01	5.412709e+01	 285	 104	  97	 112	 112	 121	happy	happy_16.png	
DEV	   2	 433	   2	   0	1.437063e+03	  66	  66	8.202151e-01	5.409878e+01	 288	 104	  97	 112	 112	 121	happy	happy_11.png	
DEV	   2	 434	   2	   0	1.442591e+03	  75	  75	7.730324e-01	5.768516e+01	 467	 104	  97	 112	 112	 121	happy	happy_19.png	
DEV	   2	 435	   2	   0	1.450150e+03	  86	   0	2.860938e-01	2.471755e+01	3927	 104	  97	 112	 112	 121	happy	happy_20.png	
DEV	   2	 436	   2	   0	1.456525e+03	  69	   0	8.089643e-01	5.612039e+01	 330	 104	  97	 112	 112	 121	happy	happy_10.png	
DEV	   2	 437	   2	   0	1.463079e+03	  70	  70	8.159165e-01	5.721000e+01	 304	 104	  97	 112	 112	 121	happy	happy_18.png	
DEV	   2	 438	   2	   0	1.469075e+03	  68	  68	7.986138e-01	5.410192e+01	 369	 104	  97	 112	 112	 121	happy	happy_3.png	
DEV	   2	 439	   2	   0	1.475408e+03	  68	  68	8.245288e-01	5.589774e+01	 272	 104	  97	 112	 112	 121	happy	happy_7.png	
DEV	   2	 440	   2	   0	1.480978e+03	  71	  71	8.041754e-01	5.673167e+01	 348	 104	  97	 112	 112	 121	happy	happy_17.png	
DEV	   2	 441	   2	   0	1.486811e+03	  69	  69	7.787207e-01	5.406782e+01	 445	 104	  97	 112	 112	 121	happy	happy_2.png	
DEV	   2	 442	   2	   0	1.492685e+03	  66	  66	8.025836e-01	5.265227e+01	 354	 104	  97	 112	 112	 121	happy	happy_18.png	
DEV	   2	 443	   2	   0	1.499737e+03	  67	  67	8.245288e-01	5.507321e+01	 272	 104	  97	 112	 112	 121	happy	happy_19.png	
DEV	   2	 444	   2	   0	1.505482e+03	  71	   0	8.186013e-01	5.813491e+01	 294	 104	  97	 112	 112	 121	happy	happy_3.png	
DEV	   2	 445	   2	   0	1.510828e+03	  75	  75	7.735482e-01	5.771038e+01	 465	 104	  97	 112	 112	 121	happy	happy_20.png	
DEV	   2	 446	   2	   0	1.516635e+03	  67	  67	7.857453e-01	5.279655e+01	 418	 104	  97	 112	 112	 121	happy	happy_15.png	
DEV	   2	 447	   2	   0	1.523373e+03	  74	  74	7.691726e-01	5.672619e+01	 482	 104	  97	 112	 112	 121	happy	happy_12.png	
DEV	   2	 448	   2	   0	1.530346e+03	  73	  73	7.521185e-01	5.513103e+01	 549	 104	  97	 112	 112	 121	happy	happy_6.png	
DEV	   2	 449	   2	   0	1.535734e+03	  74	  74	7.445831e-01	5.475540e+01	 579	 104	  97	 112	 112	 121	happy	happy_16.png	
DEV	   2	 450	   2	   0	1.541643e+03	  69	  69	7.415867e-01	5.089637e+01	 591	 104	  97	 112	 112	 121	happy	happy_14.png	
DEV	   2	 451	   2	   0	1.547843e+03	  73	  73	7.894063e-01	5.767951e+01	 404	 104	  97	 112	 112	 121	happy	happy_10.png	
DEV	   2	 452	   2	   0	1.553337e+03	  69	  69	7.445831e-01	5.103249e+01	 579	 104	  97	 112	 112	 121	happy	happy_7.png	
DEV	   2	 453	   2	   0	1.560409e+03	  75	  75	7.574307e-01	5.690684e+01	 528	 104	  97	 112	 112	 121	happy	happy_4.png	
DEV	   2	 454	   2	   0	1.565769e+03	  73	  73	7.592082e-01	5.547857e+01	 521	 104	  97	 112	 112	 121	happy	happy_21.png	
DEV	   2	 455	   2	   0	1.571694e+03	  78	  78	6.790304e-01	5.328555e+01	 852	 104	  97	 112	 112	 121	happy	happy_8.png	
DEV	   2	 456	   2	   0	1.577013e+03	  74	  74	7.294580e-01	5.398299e+01	 640	 104	  97	 112	 112	 121	happy	happy_17.png	
DEV	   2	 457	   2	   0	1.583023e+03	  75	   0	7.343877e-01	5.497176e+01	 620	 104	  97	 112	 112	 121	happy	happy_13.png	
DEV	   2	 458	   2	   0	1.589463e+03	  68	  68	7.192005e-01	4.913065e+01	 682	 104	  97	 112	 112	 121	happy	happy_11.png	
DEV	   2	 459	   2	   0	1.595583e+03	  70	  70	7.294580e-01	5.106516e+01	 640	 104	  97	 112	 112	 121	happy	happy_1.png	
DEV	   2	 460	   2	   0	1.601669e+03	  70	  70	7.460851e-01	5.259252e+01	 573	 104	  97	 112	 112	 121	happy	happy_9.png	
DEV	   2	 461	   2	   0	1.608082e+03	  69	  69	7.336464e-01	5.053105e+01	 623	 104	  97	 112	 112	 121	happy	happy_5.png	
DEV	   2	 462	   2	   0	1.614292e+03	  67	   0	7.348822e-01	4.911858e+01	 618	 104	  97	 112	 112	 121	happy	happy_2.png	
CEV	   2	 463	   1	   0	1.683476e+03	  46	   0	8.447143e-01	3.868943e+01	 387	 102	 101	  97	 114	fear	fear_5.png	
CEV	   2	 464	   1	   0	1.690471e+03	  42	   0	8.217143e-01	3.453486e+01	 548	 102	 101	  97	 114	fear	fear_11.png	
CEV	   2	 465	   1	   0	1.697537e+03	  48	  48	8.241429e-01	3.947243e+01	 531	 102	 101	  97	 114	fear	fear_8.png	
CEV	   2	 466	   1	   0	1.703783e+03	  44	  44	8.302857e-01	3.616971e+01	 488	 102	 101	  97	 114	fear	fear_21.png	
CEV	   2	 467	   1	   0	1.709663e+03	  48	  48	8.201429e-01	3.946043e+01	 559	 102	 101	  97	 114	fear	fear_4.png	
CEV	   2	 468	   1	   0	1.715739e+03	  41	  41	8.212857e-01	3.371486e+01	 551	 102	 101	  97	 114	fear	fear_9.png	
CEV	   2	 469	   1	   0	1.722344e+03	  47	  47	8.132857e-01	3.862657e+01	 607	 102	 101	  97	 114	fear	fear_17.png	
CEV	   2	 470	   1	   0	1.728340e+03	  46	  46	8.155714e-01	3.781557e+01	 591	 102	 101	  97	 114	fear	fear_16.png	
CEV	   2	 471	   1	   0	1.734249e+03	  45	   0	8.120000e-01	3.618800e+01	 616	 102	 101	  97	 114	fear	fear_2.png	
CEV	   2	 472	   1	   0	1.740228e+03	  42	  42	8.494286e-01	3.530114e+01	 354	 102	 101	  97	 114	fear	fear_10.png	
CEV	   2	 473	   1	   0	1.746596e+03	  48	   0	8.240000e-01	3.947200e+01	 532	 102	 101	  97	 114	fear	fear_19.png	
CEV	   2	 474	   1	   0	1.752163e+03	  45	  45	8.242857e-01	  37	 530	 102	 101	  97	 114	fear	fear_6.png	
CEV	   2	 475	   1	   0	1.758598e+03	  49	  49	8.337143e-01	4.116857e+01	 464	 102	 101	  97	 114	fear	fear_13.png	
CEV	   2	 476	   1	   0	1.765010e+03	  42	   0	8.112857e-01	3.375486e+01	 621	 102	 101	  97	 114	fear	fear_7.png	
CEV	   2	 477	   1	   0	1.770291e+03	  46	  46	8.204286e-01	3.782043e+01	 557	 102	 101	  97	 114	fear	fear_1.png	
CEV	   2	 478	   1	   0	1.776415e+03	  51	  51	8.081429e-01	4.104071e+01	 643	 102	 101	  97	 114	fear	fear_14.png	
CEV	   2	 479	   1	   0	1.783112e+03	  47	  47	8.157143e-01	3.863143e+01	 590	 102	 101	  97	 114	fear	fear_20.png	
CEV	   2	 480	   1	   0	1.788777e+03	  44	  44	8.251429e-01	3.617486e+01	 524	 102	 101	  97	 114	fear	fear_18.png	
CEV	   2	 481	   1	   0	1.795137e+03	  41	  41	7.981429e-01	3.300929e+01	 713	 102	 101	  97	 114	fear	fear_15.png	
CEV	   2	 482	   1	   0	1.801064e+03	  41	  41	8.432857e-01	3.447014e+01	 397	 102	 101	  97	 114	fear	fear_12.png	
CEV	   2	 483	   1	   0	1.808034e+03	  42	  42	8.521429e-01	3.614786e+01	 335	 102	 101	  97	 114	fear	fear_3.png	
CEV	   2	 484	   1	   0	1.814548e+03	  45	  45	8.688571e-01	3.873771e+01	 218	 102	 101	  97	 114	fear	fear_2.png	
CEV	   2	 485	   1	   0	1.820983e+03	  41	   0	8.387143e-01	3.448386e+01	 429	 102	 101	  97	 114	fear	fear_3.png	
CEV	   2	 486	   1	   0	1.827586e+03	  42	   0	8.432857e-01	3.531343e+01	 397	 102	 101	  97	 114	fear	fear_19.png	
CEV	   2	 487	   1	   0	1.833337e+03	  39	  39	8.865714e-01	3.434029e+01	  94	 102	 101	  97	 114	fear	fear_20.png	
CEV	   2	 488	   1	   0	1.839108e+03	  41	  41	8.241429e-01	3.370343e+01	 531	 102	 101	  97	 114	fear	fear_13.png	
CEV	   2	 489	   1	   0	1.844834e+03	  41	  41	8.390000e-01	3.448300e+01	 427	 102	 101	  97	 114	fear	fear_18.png	
CEV	   2	 490	   1	   0	1.850198e+03	  47	  47	8.287143e-01	3.865743e+01	 499	 102	 101	  97	 114	fear	fear_16.png	
CEV	   2	 491	   1	   0	1.856589e+03	  47	  47	8.182857e-01	3.863657e+01	 572	 102	 101	  97	 114	fear	fear_7.png	
CEV	   2	 492	   1	   0	1.863179e+03	  46	  46	8.190000e-01	3.781900e+01	 567	 102	 101	  97	 114	fear	fear_5.png	
CEV	   2	 493	   1	   0	1.868949e+03	  49	  49	8.245714e-01	4.029829e+01	 528	 102	 101	  97	 114	fear	fear_14.png	
CEV	   2	 494	   1	   0	1.874809e+03	  47	  47	8.275714e-01	3.865514e+01	 507	 102	 101	  97	 114	fear	fear_15.png	
CEV	   2	 495	   1	   0	1.880708e+03	  44	  44	8.165714e-01	3.618343e+01	 584	 102	 101	  97	 114	fear	fear_17.png	
CEV	   2	 496	   1	   0	1.887015e+03	  46	  46	8.141429e-01	3.781414e+01	 601	 102	 101	  97	 114	fear	fear_12.png	
CEV	   2	 497	   1	   0	1.892896e+03	  43	  43	8.214286e-01	3.535714e+01	 550	 102	 101	  97	 114	fear	fear_11.png	
CEV	   2	 498	   1	   0	1.898269e+03	  45	  45	8.235714e-01	3.700000e+01	 535	 102	 101	  97	 114	fear	fear_9.png	
CEV	   2	 499	   1	   0	1.904532e+03	  48	   0	8.268571e-01	3.948057e+01	 512	 102	 101	  97	 114	fear	fear_6.png	
CEV	   2	 500	   1	   0	1.911006e+03	  40	  40	8.235714e-01	3.288214e+01	 535	 102	 101	  97	 114	fear	fear_1.png	
CEV	   2	 501	   1	   0	1.917270e+03	  41	  41	8.265714e-01	3.369371e+01	 514	 102	 101	  97	 114	fear	fear_21.png	
CEV	   2	 502	   1	   0	1.923370e+03	  50	  50	8.162857e-01	4.108143e+01	 586	 102	 101	  97	 114	fear	fear_8.png	
CEV	   2	 503	   1	   0	1.929814e+03	  50	  50	8.037143e-01	4.021486e+01	 674	 102	 101	  97	 114	fear	fear_4.png	
CEV	   2	 504	   1	   0	1.935871e+03	  47	  47	8.288571e-01	3.865771e+01	 498	 102	 101	  97	 114	fear	fear_10.png	
