#Subj:	11184
#Run:	1
#Age:	24
#Gender:	female
#21-Jun-2013
Func	Run	Trial	Block	Null	trialStartTime	Mag	ScoreInc	Freq	EV	RT	Emotion	Image
CEV	1	1	1	0	6.397897e+01	59	0	6.471429e-01	3.829429e+01	1770	fear	fear_10.png
CEV	1	2	1	0	7.080524e+01	54	54	7.158571e-01	3.843171e+01	1289	fear	fear_4.png
CEV	1	3	1	0	7.753385e+01	80	80	4.725714e-01	3.794514e+01	2992	fear	fear_8.png
CEV	1	4	1	0	8.511816e+01	84	84	4.515714e-01	3.790314e+01	3139	fear	fear_21.png
CEV	1	5	1	0	9.305053e+01	83	83	4.378571e-01	3.612429e+01	3235	fear	fear_1.png
CEV	1	6	1	0	1.001890e+02	81	0	4.362857e-01	3.525486e+01	3246	fear	fear_6.png
CEV	1	7	1	0	1.058643e+02	48	48	7.972857e-01	3.859457e+01	719	fear	fear_9.png
CEV	1	8	1	0	1.132344e+02	86	86	4.557143e-01	3.927857e+01	3110	fear	fear_11.png
CEV	1	9	1	0	1.197962e+02	67	67	5.438571e-01	3.645614e+01	2493	fear	fear_12.png
CEV	1	10	1	0	1.263895e+02	72	0	5.350000e-01	3.860500e+01	2555	fear	fear_17.png
CEV	1	11	1	0	1.321761e+02	44	44	7.942857e-01	3.461714e+01	740	fear	fear_15.png
CEV	1	12	1	0	1.384879e+02	52	52	7.014286e-01	3.629857e+01	1390	fear	fear_14.png
CEV	1	13	1	0	1.459178e+02	81	0	4.675714e-01	3.793514e+01	3027	fear	fear_5.png
CEV	1	14	1	0	1.515635e+02	46	46	7.772857e-01	3.544543e+01	859	fear	fear_7.png
CEV	1	15	1	0	1.579905e+02	53	53	7.260000e-01	3.845200e+01	1218	fear	fear_16.png
CEV	1	16	1	0	1.643869e+02	41	41	8.201429e-01	3.371943e+01	559	fear	fear_18.png
CEV	1	17	1	0	1.698192e+02	52	52	7.814286e-01	4.090714e+01	830	fear	fear_13.png
CEV	1	18	1	0	1.761527e+02	50	50	7.527143e-01	3.775271e+01	1031	fear	fear_20.png
CEV	1	19	1	0	1.830910e+02	59	59	6.658571e-01	3.899757e+01	1639	fear	fear_19.png
CEV	1	20	1	0	1.892698e+02	54	0	6.825714e-01	37	1522	fear	fear_3.png
CEV	1	21	1	0	1.973609e+02	92	0	4.221429e-01	3.868857e+01	3345	fear	fear_2.png
CEV	1	22	1	0	2.043326e+02	48	48	7.715714e-01	37	899	fear	fear_3.png
CEV	1	23	1	0	2.113783e+02	49	49	6.957143e-01	3.421714e+01	1430	fear	fear_12.png
CEV	1	24	1	0	2.195492e+02	75	75	5.160000e-01	3.854800e+01	2688	fear	fear_15.png
CEV	1	25	1	0	2.256633e+02	63	63	6.187143e-01	3.885614e+01	1969	fear	fear_18.png
CEV	1	26	1	0	2.322573e+02	61	61	6.500000e-01	3.960000e+01	1750	fear	fear_20.png
CEV	1	27	1	0	2.391542e+02	70	70	5.075714e-01	3.547729e+01	2747	fear	fear_14.png
CEV	1	28	1	0	2.449673e+02	45	45	8.457143e-01	3.784571e+01	380	fear	fear_1.png
CEV	1	29	1	0	2.509692e+02	47	0	7.661429e-01	3.623386e+01	937	fear	fear_7.png
CEV	1	30	1	0	2.580479e+02	81	0	4.607143e-01	3.746071e+01	3075	fear	fear_13.png
CEV	1	31	1	0	2.645911e+02	53	53	7.532857e-01	4.001314e+01	1027	fear	fear_6.png
CEV	1	32	1	0	2.708551e+02	53	0	7.458571e-01	3.923757e+01	1079	fear	fear_19.png
CEV	1	33	1	0	2.767438e+02	58	58	6.268571e-01	3.637314e+01	1912	fear	fear_10.png
CEV	1	34	1	0	2.839467e+02	69	69	5.057143e-01	3.497714e+01	2760	fear	fear_2.png
CEV	1	35	1	0	2.901562e+02	49	0	7.611429e-01	37	972	fear	fear_16.png
CEV	1	36	1	0	2.968710e+02	59	59	6.735714e-01	3.969429e+01	1585	fear	fear_17.png
CEV	1	37	1	0	3.035158e+02	59	59	6.362857e-01	3.763629e+01	1846	fear	fear_9.png
CEV	1	38	1	0	3.108983e+02	53	53	6.340000e-01	3.383000e+01	1862	fear	fear_4.png
CEV	1	39	1	0	3.177777e+02	55	0	6.350000e-01	3.509500e+01	1855	fear	fear_21.png
CEV	1	40	1	0	3.252340e+02	83	0	4.338571e-01	3.613229e+01	3263	fear	fear_8.png
CEV	1	41	1	0	3.325640e+02	51	51	6.790000e-01	3.496300e+01	1547	fear	fear_11.png
CEV	1	42	1	0	3.398758e+02	49	49	7.325714e-01	3.553486e+01	1172	fear	fear_5.png
DEV	1	43	2	0	4.171404e+02	75	0	6.936606e-01	5.206519e+01	789	happy	happy_2.png
DEV	1	44	2	0	4.240069e+02	78	78	4.898569e-01	3.842363e+01	1850	happy	happy_5.png
DEV	1	45	2	0	4.312295e+02	78	0	3.814430e-01	2.993404e+01	2755	happy	happy_9.png
DEV	1	46	2	0	4.389780e+02	80	0	3.402611e-01	2.714057e+01	3230	happy	happy_1.png
DEV	1	47	2	0	4.452569e+02	74	0	6.703548e-01	4.941513e+01	890	happy	happy_11.png
DEV	1	48	2	0	4.518656e+02	74	74	5.048968e-01	3.738589e+01	1752	happy	happy_13.png
DEV	1	49	2	0	4.582855e+02	73	0	5.355017e-01	3.922963e+01	1566	happy	happy_17.png
DEV	1	50	2	0	4.643966e+02	74	0	4.751137e-01	3.507619e+01	1951	happy	happy_8.png
DEV	1	51	2	0	4.701127e+02	79	0	5.775768e-01	4.573114e+01	1334	happy	happy_21.png
DEV	1	52	2	0	4.779966e+02	78	0	3.693542e-01	2.875346e+01	2886	happy	happy_4.png
DEV	1	53	2	0	4.846508e+02	81	0	3.388182e-01	2.737978e+01	3248	happy	happy_7.png
DEV	1	54	2	0	4.906466e+02	70	0	7.622631e-01	5.333973e+01	509	happy	happy_10.png
DEV	1	55	2	0	4.967197e+02	71	71	6.689953e-01	4.733313e+01	896	happy	happy_14.png
DEV	1	56	2	0	5.034412e+02	71	71	6.110004e-01	4.357054e+01	1165	happy	happy_16.png
DEV	1	57	2	0	5.094881e+02	76	76	7.301956e-01	5.548161e+01	637	happy	happy_6.png
DEV	1	58	2	0	5.154284e+02	73	73	6.841046e-01	5.016554e+01	830	happy	happy_12.png
DEV	1	59	2	0	5.216184e+02	75	75	7.576844e-01	5.691973e+01	527	happy	happy_15.png
DEV	1	60	2	0	5.276396e+02	71	71	7.415867e-01	5.237955e+01	591	happy	happy_20.png
DEV	1	61	2	0	5.333753e+02	71	71	7.346349e-01	5.204616e+01	619	happy	happy_3.png
DEV	1	62	2	0	5.395671e+02	68	68	7.564165e-01	5.156033e+01	532	happy	happy_19.png
DEV	1	63	2	0	5.459672e+02	66	66	8.060354e-01	5.358473e+01	341	happy	happy_18.png
DEV	1	64	2	0	5.527949e+02	71	71	7.388489e-01	5.224886e+01	602	happy	happy_2.png
DEV	1	65	2	0	5.578921e+02	75	0	7.541386e-01	5.673892e+01	541	happy	happy_17.png
DEV	1	66	2	0	5.641165e+02	74	74	6.476307e-01	4.814271e+01	992	happy	happy_7.png
DEV	1	67	2	0	5.709983e+02	74	0	5.821806e-01	4.311565e+01	1310	happy	happy_3.png
DEV	1	68	2	0	5.774319e+02	69	69	7.870513e-01	5.442314e+01	413	happy	happy_18.png
DEV	1	69	2	0	5.828123e+02	74	74	7.671202e-01	5.662658e+01	490	happy	happy_10.png
DEV	1	70	2	0	5.886329e+02	69	69	7.428339e-01	5.095315e+01	586	happy	happy_20.png
DEV	1	71	2	0	5.950619e+02	68	68	7.388489e-01	5.003231e+01	602	happy	happy_19.png
DEV	1	72	2	0	6.013443e+02	77	0	7.126750e-01	5.452416e+01	709	happy	happy_11.png
DEV	1	73	2	0	6.068855e+02	71	71	7.839195e-01	5.585848e+01	425	happy	happy_16.png
DEV	1	74	2	0	6.135665e+02	68	68	7.632836e-01	5.185928e+01	505	happy	happy_13.png
DEV	1	75	2	0	6.201259e+02	75	75	7.243132e-01	5.443920e+01	661	happy	happy_5.png
DEV	1	76	2	0	6.261325e+02	66	66	7.503546e-01	4.979119e+01	556	happy	happy_15.png
DEV	1	77	2	0	6.322380e+02	74	0	7.021572e-01	5.182893e+01	753	happy	happy_12.png
DEV	1	78	2	0	6.397224e+02	82	0	3.856605e-01	3.175822e+01	2711	happy	happy_1.png
DEV	1	79	2	0	6.475561e+02	83	83	3.420331e-01	2.828881e+01	3208	happy	happy_8.png
DEV	1	80	2	0	6.552047e+02	85	85	3.396191e-01	2.879436e+01	3238	happy	happy_21.png
DEV	1	81	2	0	6.633096e+02	85	85	3.307433e-01	2.813458e+01	3350	happy	happy_9.png
DEV	1	82	2	0	6.707439e+02	83	0	3.107244e-01	2.569212e+01	3609	happy	happy_4.png
DEV	1	83	2	0	6.775862e+02	82	82	4.649221e-01	3.816944e+01	2024	happy	happy_14.png
DEV	1	84	2	0	6.842262e+02	81	0	5.618357e-01	4.527400e+01	1418	happy	happy_6.png
IEV	1	85	3	0	7.541427e+02	23	23	8.701336e-01	2.003832e+01	974	fear	fear_4.png
IEV	1	86	3	0	7.596275e+02	21	21	8.742866e-01	1.857053e+01	908	fear	fear_12.png
IEV	1	87	3	0	7.670017e+02	70	70	6.060744e-01	4.235263e+01	2886	fear	fear_17.png
IEV	1	88	3	0	7.744550e+02	56	0	6.902384e-01	3.899016e+01	2434	fear	fear_5.png
IEV	1	89	3	0	7.822527e+02	92	92	5.162571e-01	4.769987e+01	3330	fear	fear_13.png
IEV	1	90	3	0	7.892832e+02	111	0	4.612677e-01	5.109773e+01	3594	fear	fear_19.png
IEV	1	91	3	0	7.958234e+02	66	0	6.193117e-01	4.094183e+01	2818	fear	fear_8.png
IEV	1	92	3	0	8.024829e+02	22	22	8.938417e-01	1.976347e+01	456	fear	fear_11.png
IEV	1	93	3	0	8.093376e+02	69	69	6.138821e-01	4.250231e+01	2846	fear	fear_14.png
IEV	1	94	3	0	8.166040e+02	75	75	5.700713e-01	4.268829e+01	3067	fear	fear_16.png
IEV	1	95	3	0	8.233409e+02	75	75	5.819188e-01	4.374206e+01	3008	fear	fear_2.png
IEV	1	96	3	0	8.306392e+02	75	75	5.974196e-01	4.465073e+01	2930	fear	fear_9.png
IEV	1	97	3	0	8.384010e+02	66	66	6.113511e-01	4.020568e+01	2859	fear	fear_18.png
IEV	1	98	3	0	8.448346e+02	56	56	6.600860e-01	3.699972e+01	2602	fear	fear_1.png
IEV	1	99	3	0	8.519631e+02	35	0	7.901188e-01	2.731424e+01	1786	fear	fear_3.png
IEV	1	100	3	0	8.596268e+02	77	77	5.710791e-01	4.377221e+01	3062	fear	fear_20.png
IEV	1	101	3	0	8.666027e+02	74	0	6.062703e-01	4.476616e+01	2885	fear	fear_21.png
IEV	1	102	3	0	8.723719e+02	19	19	8.863689e-01	1.666334e+01	672	fear	fear_6.png
IEV	1	103	3	0	8.794881e+02	63	63	6.295040e-01	3.967762e+01	2765	fear	fear_7.png
IEV	1	104	3	0	8.867246e+02	54	54	6.952880e-01	3.725584e+01	2405	fear	fear_15.png
IEV	1	105	3	0	8.929058e+02	56	0	6.796419e-01	3.833901e+01	2494	fear	fear_10.png
IEV	1	106	3	0	9.010351e+02	63	63	6.247105e-01	3.935787e+01	2790	fear	fear_16.png
IEV	1	107	3	0	9.088067e+02	67	67	6.084229e-01	4.099695e+01	2874	fear	fear_3.png
IEV	1	108	3	0	9.156220e+02	64	64	6.302685e-01	4.025897e+01	2761	fear	fear_19.png
IEV	1	109	3	0	9.233012e+02	66	66	6.054865e-01	3.996534e+01	2889	fear	fear_1.png
IEV	1	110	3	0	9.302545e+02	63	63	6.541791e-01	4.133047e+01	2634	fear	fear_20.png
IEV	1	111	3	0	9.381350e+02	74	0	6.050943e-01	4.483075e+01	2891	fear	fear_13.png
IEV	1	112	3	0	9.444326e+02	20	20	8.840236e-01	1.794173e+01	725	fear	fear_15.png
IEV	1	113	3	0	9.508232e+02	46	46	7.128250e-01	3.314240e+01	2302	fear	fear_5.png
IEV	1	114	3	0	9.578636e+02	64	64	6.587981e-01	4.235898e+01	2609	fear	fear_7.png
IEV	1	115	3	0	9.655451e+02	49	49	7.146601e-01	3.514387e+01	2291	fear	fear_6.png
IEV	1	116	3	0	9.726914e+02	60	60	6.575078e-01	3.914992e+01	2616	fear	fear_18.png
IEV	1	117	3	0	9.801862e+02	65	65	6.386338e-01	4.164302e+01	2717	fear	fear_2.png
IEV	1	118	3	0	9.863772e+02	38	0	7.734187e-01	2.962298e+01	1909	fear	fear_21.png
IEV	1	119	3	0	9.937704e+02	51	0	6.762455e-01	3.451160e+01	2513	fear	fear_4.png
IEV	1	120	3	0	1.000103e+03	63	0	6.621050e-01	4.149466e+01	2591	fear	fear_14.png
IEV	1	121	3	0	1.008217e+03	89	89	5.110773e-01	4.539096e+01	3355	fear	fear_10.png
IEV	1	122	3	0	1.016641e+03	92	0	5.075503e-01	4.658991e+01	3372	fear	fear_8.png
IEV	1	123	3	0	1.023798e+03	72	0	5.801180e-01	4.152241e+01	3017	fear	fear_12.png
IEV	1	124	3	0	1.029799e+03	15	15	8.917761e-01	1.301760e+01	526	fear	fear_11.png
IEV	1	125	3	0	1.035994e+03	20	20	8.860711e-01	1.760028e+01	679	fear	fear_9.png
IEV	1	126	3	0	1.042896e+03	24	0	8.731882e-01	2.135054e+01	926	fear	fear_17.png
CEVR	1	127	4	0	1.111072e+03	157	0	2.416045e-01	3.796642e+01	940	scram	scram_11.png
CEVR	1	128	4	0	1.117615e+03	130	130	2.882261e-01	3.757645e+01	1807	scram	scram_2.png
CEVR	1	129	4	0	1.124775e+03	88	0	3.972393e-01	3.501380e+01	3040	scram	scram_4.png
CEVR	1	130	4	0	1.132361e+03	80	0	4.615110e-01	37	3494	scram	scram_9.png
CEVR	1	131	4	0	1.138889e+03	133	0	2.863777e-01	3.814551e+01	1778	scram	scram_19.png
CEVR	1	132	4	0	1.146181e+03	115	0	3.242364e-01	3.732424e+01	2306	scram	scram_5.png
CEVR	1	133	4	0	1.151835e+03	171	0	2.204631e-01	3.766139e+01	426	scram	scram_21.png
CEVR	1	134	4	0	1.157613e+03	152	0	2.387977e-01	3.628361e+01	877	scram	scram_3.png
CEVR	1	135	4	0	1.163613e+03	141	141	2.709205e-01	3.808368e+01	1520	scram	scram_14.png
CEVR	1	136	4	0	1.170005e+03	137	137	2.701293e-01	37	1506	scram	scram_17.png
CEVR	1	137	4	0	1.177330e+03	140	0	2.737265e-01	3.836863e+01	1569	scram	scram_12.png
CEVR	1	138	4	0	1.184658e+03	124	0	2.992144e-01	37	1972	scram	scram_20.png
CEVR	1	139	4	0	1.192161e+03	104	0	3.429555e-01	3.562818e+01	2524	scram	scram_13.png
CEVR	1	140	4	0	1.199227e+03	94	94	3.754712e-01	3.512264e+01	2851	scram	scram_8.png
CEVR	1	141	4	0	1.205788e+03	99	99	3.740612e-01	37	2838	scram	scram_18.png
CEVR	1	142	4	0	1.213389e+03	105	0	3.619340e-01	3.808580e+01	2722	scram	scram_10.png
CEVR	1	143	4	0	1.221255e+03	95	95	3.982165e-01	3.779643e+01	3048	scram	scram_15.png
CEVR	1	144	4	0	1.228642e+03	94	0	4.036783e-01	3.780736e+01	3092	scram	scram_16.png
CEVR	1	145	4	0	1.235909e+03	92	0	4.245902e-01	3.912295e+01	3250	scram	scram_1.png
CEVR	1	146	4	0	1.243765e+03	85	0	4.509053e-01	3.835272e+01	3428	scram	scram_7.png
CEVR	1	147	4	0	1.251298e+03	77	0	4.764533e-01	3.652355e+01	3582	scram	scram_6.png
CEVR	1	148	4	0	1.259448e+03	68	68	5.147059e-01	3.494118e+01	3784	scram	scram_16.png
CEVR	1	149	4	0	1.266212e+03	164	0	2.211407e-01	3.633658e+01	444	scram	scram_15.png
CEVR	1	150	4	0	1.273917e+03	77	0	5.021326e-01	3.850640e+01	3721	scram	scram_8.png
CEVR	1	151	4	0	1.280283e+03	146	0	2.463382e-01	3.601465e+01	1043	scram	scram_4.png
CEVR	1	152	4	0	1.286778e+03	131	0	2.817055e-01	37	1703	scram	scram_1.png
CEVR	1	153	4	0	1.293621e+03	131	0	2.877138e-01	3.757543e+01	1799	scram	scram_5.png
CEVR	1	154	4	0	1.300520e+03	118	0	3.093645e-01	3.638127e+01	2114	scram	scram_9.png
CEVR	1	155	4	0	1.306981e+03	117	0	3.035631e-01	3.548218e+01	2034	scram	scram_10.png
CEVR	1	156	4	0	1.313363e+03	118	118	3.066540e-01	3.608004e+01	2077	scram	scram_21.png
CEVR	1	157	4	0	1.320692e+03	123	123	2.989381e-01	3.670106e+01	1968	scram	scram_18.png
CEVR	1	158	4	0	1.327260e+03	122	0	3.043478e-01	37	2045	scram	scram_11.png
CEVR	1	159	4	0	1.333989e+03	129	0	2.990072e-01	3.849504e+01	1969	scram	scram_2.png
CEVR	1	160	4	0	1.340775e+03	122	0	2.925892e-01	3.582964e+01	1874	scram	scram_7.png
CEVR	1	161	4	0	1.347277e+03	118	0	3.095124e-01	3.638098e+01	2116	scram	scram_13.png
CEVR	1	162	4	0	1.354331e+03	122	0	3.022170e-01	37	2015	scram	scram_3.png
CEVR	1	163	4	0	1.361581e+03	93	0	3.937367e-01	3.660626e+01	3011	scram	scram_14.png
CEVR	1	164	4	0	1.368828e+03	92	0	3.927813e-01	3.621444e+01	3003	scram	scram_19.png
CEVR	1	165	4	0	1.375481e+03	90	0	4.196371e-01	3.783927e+01	3214	scram	scram_17.png
CEVR	1	166	4	0	1.383529e+03	85	0	4.473230e-01	3.789465e+01	3405	scram	scram_6.png
CEVR	1	167	4	0	1.390884e+03	91	91	3.945765e-01	3.581627e+01	3018	scram	scram_20.png
CEVR	1	168	4	0	1.399202e+03	95	95	4.101996e-01	3.905100e+01	3143	scram	scram_12.png
CEV	1	169	5	0	1.469426e+03	48	48	6.938571e-01	3.353071e+01	1443	happy	happy_19.png
CEV	1	170	5	0	1.476031e+03	63	0	6.261429e-01	3.950457e+01	1917	happy	happy_15.png
CEV	1	171	5	0	1.482921e+03	65	65	5.448571e-01	3.536543e+01	2486	happy	happy_18.png
CEV	1	172	5	0	1.490187e+03	71	0	5.230000e-01	37	2639	happy	happy_13.png
CEV	1	173	5	0	1.497452e+03	76	0	4.660000e-01	3.560200e+01	3038	happy	happy_8.png
CEV	1	174	5	0	1.505373e+03	83	83	4.505714e-01	3.745057e+01	3146	happy	happy_11.png
CEV	1	175	5	0	1.512283e+03	84	0	4.260000e-01	3.572200e+01	3318	happy	happy_12.png
CEV	1	176	5	0	1.520235e+03	96	96	3.845714e-01	37	3608	happy	happy_7.png
CEV	1	177	5	0	1.528200e+03	106	106	3.527143e-01	3.735271e+01	3831	happy	happy_3.png
CEV	1	178	5	0	1.534595e+03	42	42	8.578571e-01	3.614214e+01	295	happy	happy_20.png
CEV	1	179	5	0	1.540471e+03	41	41	8.635714e-01	3.527286e+01	255	happy	happy_9.png
CEV	1	180	5	0	1.546633e+03	44	44	8.677143e-01	3.786771e+01	226	happy	happy_17.png
CEV	1	181	5	0	1.552399e+03	47	0	8.378571e-01	3.951357e+01	435	happy	happy_6.png
CEV	1	182	5	0	1.558042e+03	49	49	7.872857e-01	3.857457e+01	789	happy	happy_2.png
CEV	1	183	5	0	1.565366e+03	51	51	7.354286e-01	3.773543e+01	1152	happy	happy_4.png
CEV	1	184	5	0	1.572484e+03	56	0	7.091429e-01	3.983657e+01	1336	happy	happy_5.png
CEV	1	185	5	0	1.579149e+03	56	56	6.957143e-01	3.908714e+01	1430	happy	happy_1.png
CEV	1	186	5	0	1.585365e+03	55	55	6.811429e-01	3.768114e+01	1532	happy	happy_14.png
CEV	1	187	5	0	1.592160e+03	55	55	6.584286e-01	3.634157e+01	1691	happy	happy_16.png
CEV	1	188	5	0	1.598569e+03	54	54	6.544286e-01	3.503671e+01	1719	happy	happy_10.png
CEV	1	189	5	0	1.605434e+03	57	57	6.385714e-01	3.636143e+01	1830	happy	happy_21.png
CEV	1	190	5	0	1.612522e+03	62	62	6.037143e-01	3.760371e+01	2074	happy	happy_9.png
CEV	1	191	5	0	1.618782e+03	48	48	8.114286e-01	3.862286e+01	620	happy	happy_7.png
CEV	1	192	5	0	1.624397e+03	51	51	7.387143e-01	3.773871e+01	1129	happy	happy_18.png
CEV	1	193	5	0	1.631339e+03	51	51	6.737143e-01	3.430514e+01	1584	happy	happy_15.png
CEV	1	194	5	0	1.637765e+03	66	0	5.640000e-01	3.700000e+01	2352	happy	happy_17.png
CEV	1	195	5	0	1.644278e+03	47	0	7.680000e-01	3.623200e+01	924	happy	happy_3.png
CEV	1	196	5	0	1.650130e+03	55	0	6.998571e-01	3.839971e+01	1401	happy	happy_5.png
CEV	1	197	5	0	1.656246e+03	43	43	8.527143e-01	37	331	happy	happy_2.png
CEV	1	198	5	0	1.661946e+03	39	39	8.572857e-01	3.357086e+01	299	happy	happy_13.png
CEV	1	199	5	0	1.667999e+03	48	48	8.142857e-01	3.944286e+01	600	happy	happy_12.png
CEV	1	200	5	0	1.674094e+03	44	44	7.745714e-01	3.390171e+01	878	happy	happy_11.png
CEV	1	201	5	0	1.680657e+03	40	40	8.682857e-01	3.439514e+01	222	happy	happy_4.png
CEV	1	202	5	0	1.689110e+03	88	0	4.141429e-01	3.658586e+01	3401	happy	happy_19.png
CEV	1	203	5	0	1.695176e+03	43	0	8.672857e-01	37	229	happy	happy_6.png
CEV	1	204	5	0	1.702590e+03	65	0	5.680000e-01	37	2324	happy	happy_16.png
CEV	1	205	5	0	1.708881e+03	45	0	8.321429e-01	3.783214e+01	475	happy	happy_21.png
CEV	1	206	5	0	1.715629e+03	48	48	7.297143e-01	3.481086e+01	1192	happy	happy_8.png
CEV	1	207	5	0	1.721558e+03	53	53	6.785714e-01	3.564286e+01	1550	happy	happy_10.png
CEV	1	208	5	0	1.727497e+03	49	49	7.897143e-01	3.857943e+01	772	happy	happy_1.png
CEV	1	209	5	0	1.733687e+03	56	56	6.327143e-01	3.573457e+01	1871	happy	happy_20.png
CEV	1	210	5	0	1.741001e+03	67	0	5.685714e-01	3.813714e+01	2320	happy	happy_14.png
IEV	1	211	6	0	1.814553e+03	17	17	8.913885e-01	1.487444e+01	538	scram	scram_1.png
IEV	1	212	6	0	1.820742e+03	24	24	8.765790e-01	2.085946e+01	869	scram	scram_2.png
IEV	1	213	6	0	1.826806e+03	27	27	8.517337e-01	2.328469e+01	1218	scram	scram_20.png
IEV	1	214	6	0	1.832898e+03	35	35	8.269821e-01	2.855348e+01	1476	scram	scram_19.png
IEV	1	215	6	0	1.839339e+03	36	36	7.918166e-01	2.873716e+01	1773	scram	scram_21.png
IEV	1	216	6	0	1.846672e+03	40	0	7.668832e-01	3.096329e+01	1955	scram	scram_16.png
IEV	1	217	6	0	1.853218e+03	44	0	7.330687e-01	3.226869e+01	2178	scram	scram_11.png
IEV	1	218	6	0	1.860120e+03	55	55	6.807104e-01	3.758555e+01	2488	scram	scram_10.png
IEV	1	219	6	0	1.867325e+03	67	0	6.033280e-01	4.070415e+01	2900	scram	scram_9.png
IEV	1	220	6	0	1.874064e+03	73	73	5.896934e-01	4.330243e+01	2969	scram	scram_3.png
IEV	1	221	6	0	1.881706e+03	81	0	5.489646e-01	4.443068e+01	3171	scram	scram_13.png
IEV	1	222	6	0	1.889342e+03	79	0	5.512092e-01	4.375715e+01	3160	scram	scram_15.png
IEV	1	223	6	0	1.897817e+03	95	0	4.940356e-01	4.676138e+01	3437	scram	scram_17.png
IEV	1	224	6	0	1.904685e+03	108	0	4.547888e-01	4.908225e+01	3625	scram	scram_8.png
IEV	1	225	6	0	1.910663e+03	14	14	8.981718e-01	1.260471e+01	244	scram	scram_5.png
IEV	1	226	6	0	1.916536e+03	15	15	8.888888e-01	1.355620e+01	609	scram	scram_7.png
IEV	1	227	6	0	1.922575e+03	20	20	8.960219e-01	1.754131e+01	366	scram	scram_4.png
IEV	1	228	6	0	1.929189e+03	24	24	8.601679e-01	2.051622e+01	1114	scram	scram_6.png
IEV	1	229	6	0	1.935332e+03	24	24	8.702645e-01	2.089023e+01	972	scram	scram_18.png
IEV	1	230	6	0	1.942167e+03	33	0	8.182034e-01	2.698195e+01	1556	scram	scram_14.png
IEV	1	231	6	0	1.948912e+03	26	26	8.376158e-01	2.156939e+01	1372	scram	scram_12.png
IEV	1	232	6	0	1.956497e+03	31	31	8.066270e-01	2.490445e+01	1655	scram	scram_15.png
IEV	1	233	6	0	1.963836e+03	30	30	8.384944e-01	2.482183e+01	1363	scram	scram_19.png
IEV	1	234	6	0	1.970784e+03	23	23	8.697388e-01	2.009352e+01	980	scram	scram_5.png
IEV	1	235	6	0	1.977454e+03	27	27	8.670335e-01	2.306766e+01	1020	scram	scram_6.png
IEV	1	236	6	0	1.983240e+03	24	24	8.773729e-01	2.074183e+01	855	scram	scram_21.png
IEV	1	237	6	0	1.989435e+03	25	25	8.763494e-01	2.176964e+01	873	scram	scram_11.png
IEV	1	238	6	0	1.995434e+03	29	29	8.268755e-01	2.360316e+01	1477	scram	scram_20.png
IEV	1	239	6	0	2.001744e+03	26	26	8.613116e-01	2.208951e+01	1099	scram	scram_16.png
IEV	1	240	6	0	2.008091e+03	27	27	8.701336e-01	2.351886e+01	974	scram	scram_10.png
IEV	1	241	6	0	2.014440e+03	19	19	8.814177e-01	1.659918e+01	779	scram	scram_1.png
IEV	1	242	6	0	2.020928e+03	34	34	8.292004e-01	2.832456e+01	1455	scram	scram_12.png
IEV	1	243	6	0	2.027933e+03	31	31	8.256983e-01	2.538206e+01	1488	scram	scram_14.png
IEV	1	244	6	0	2.034767e+03	51	51	7.054109e-01	3.582833e+01	2346	scram	scram_4.png
IEV	1	245	6	0	2.041804e+03	57	0	6.690329e-01	3.838282e+01	2553	scram	scram_7.png
IEV	1	246	6	0	2.049477e+03	47	0	7.256737e-01	3.430862e+01	2224	scram	scram_8.png
IEV	1	247	6	0	2.056932e+03	81	81	5.458995e-01	4.405091e+01	3186	scram	scram_9.png
IEV	1	248	6	0	2.064408e+03	87	87	5.160501e-01	4.512952e+01	3331	scram	scram_13.png
IEV	1	249	6	0	2.070997e+03	88	88	5.261774e-01	4.616757e+01	3282	scram	scram_2.png
IEV	1	250	6	0	2.078778e+03	93	0	5.054741e-01	4.719886e+01	3382	scram	scram_18.png
IEV	1	251	6	0	2.086857e+03	88	0	5.329761e-01	4.688496e+01	3249	scram	scram_17.png
IEV	1	252	6	0	2.094301e+03	97	0	5.094180e-01	4.955296e+01	3363	scram	scram_3.png
#21-Jun-2013
#21-Jun-2013
#21-Jun-2013
#21-Jun-2013
CEVR	2	253	7	0	1.429314e+01	159	0	2.351553e-01	3.747031e+01	793	happy	happy_5.png
CEVR	2	254	7	0	2.065297e+01	134	0	2.801211e-01	3.756024e+01	1677	happy	happy_3.png
CEVR	2	255	7	0	2.802635e+01	125	125	3.001854e-01	3.760037e+01	1986	happy	happy_10.png
CEVR	2	256	7	0	3.472843e+01	114	114	3.302729e-01	3.766055e+01	2379	happy	happy_1.png
CEVR	2	257	7	0	4.278716e+01	107	107	3.389165e-01	3.632217e+01	2479	happy	happy_9.png
CEVR	2	258	7	0	5.002552e+01	103	0	3.448735e-01	3.562051e+01	2545	happy	happy_7.png
CEVR	2	259	7	0	5.597096e+01	149	0	2.516518e-01	3.750330e+01	1154	happy	happy_14.png
CEVR	2	260	7	0	6.288113e+01	133	133	2.890625e-01	3.844531e+01	1820	happy	happy_17.png
CEVR	2	261	7	0	6.949759e+01	126	0	2.905542e-01	3.670945e+01	1843	happy	happy_6.png
CEVR	2	262	7	0	7.702260e+01	84	0	4.540673e-01	3.836220e+01	3448	happy	happy_16.png
CEVR	2	263	7	0	8.302615e+01	159	0	2.279127e-01	3.631626e+01	618	happy	happy_11.png
CEVR	2	264	7	0	8.930804e+01	162	0	2.271133e-01	3.677289e+01	598	happy	happy_19.png
CEVR	2	265	7	0	9.582984e+01	146	0	2.573018e-01	3.751460e+01	1267	happy	happy_13.png
CEVR	2	266	7	0	1.025845e+02	128	0	2.835559e-01	3.643289e+01	1733	happy	happy_4.png
CEVR	2	267	7	0	1.094003e+02	106	106	3.562586e-01	3.771252e+01	2665	happy	happy_12.png
CEVR	2	268	7	0	1.170353e+02	99	0	3.579326e-01	3.556827e+01	2682	happy	happy_21.png
CEVR	2	269	7	0	1.243546e+02	91	91	4.316667e-01	3.915833e+01	3300	happy	happy_18.png
CEVR	2	270	7	0	1.322870e+02	80	80	4.676779e-01	3.746768e+01	3531	happy	happy_8.png
CEVR	2	271	7	0	1.404942e+02	79	79	4.877589e-01	3.846328e+01	3645	happy	happy_2.png
CEVR	2	272	7	0	1.480298e+02	74	0	4.980769e-01	37	3700	happy	happy_15.png
CEVR	2	273	7	0	1.553198e+02	92	0	4.222367e-01	3.868895e+01	3233	happy	happy_20.png
CEVR	2	274	7	0	1.629731e+02	130	130	2.838667e-01	3.700000e+01	1738	happy	happy_15.png
CEVR	2	275	7	0	1.698446e+02	154	0	2.342619e-01	3.606295e+01	772	happy	happy_4.png
CEVR	2	276	7	0	1.757604e+02	140	140	2.691748e-01	3.780752e+01	1489	happy	happy_18.png
CEVR	2	277	7	0	1.820660e+02	159	0	2.371795e-01	3.771154e+01	840	happy	happy_12.png
CEVR	2	278	7	0	1.889105e+02	101	101	3.816681e-01	3.852667e+01	2907	happy	happy_5.png
CEVR	2	279	7	0	1.960244e+02	95	95	3.770015e-01	3.586900e+01	2865	happy	happy_3.png
CEVR	2	280	7	0	2.037233e+02	100	0	3.726619e-01	3.737266e+01	2825	happy	happy_11.png
CEVR	2	281	7	0	2.099982e+02	163	0	2.256884e-01	3.677431e+01	562	happy	happy_2.png
CEVR	2	282	7	0	2.180798e+02	89	0	4.193653e-01	3.741937e+01	3212	happy	happy_19.png
CEVR	2	283	7	0	2.239417e+02	157	0	2.421919e-01	3.796877e+01	953	happy	happy_1.png
CEVR	2	284	7	0	2.303869e+02	133	0	2.843030e-01	3.785291e+01	1745	happy	happy_6.png
CEVR	2	285	7	0	2.367176e+02	159	0	2.315808e-01	3.676842e+01	708	happy	happy_20.png
CEVR	2	286	7	0	2.428169e+02	141	141	2.551221e-01	3.597951e+01	1224	happy	happy_17.png
CEVR	2	287	7	0	2.500235e+02	99	0	3.746023e-01	37	2843	happy	happy_14.png
CEVR	2	288	7	0	2.560109e+02	160	160	2.365729e-01	3.794629e+01	826	happy	happy_13.png
CEVR	2	289	7	0	2.623950e+02	164	0	2.276723e-01	3.722767e+01	612	happy	happy_7.png
CEVR	2	290	7	0	2.690047e+02	157	0	2.280331e-01	3.585983e+01	621	happy	happy_8.png
CEVR	2	291	7	0	2.752799e+02	155	0	2.346440e-01	3.629607e+01	781	happy	happy_10.png
CEVR	2	292	7	0	2.822698e+02	155	0	2.349419e-01	3.653012e+01	788	happy	happy_9.png
CEVR	2	293	7	0	2.876913e+02	157	0	2.314153e-01	3.630575e+01	704	happy	happy_16.png
CEVR	2	294	7	0	2.938780e+02	150	0	2.434668e-01	3.651307e+01	981	happy	happy_21.png
DEV	2	295	8	0	3.624028e+02	74	0	7.255352e-01	5.377881e+01	656	scram	scram_17.png
DEV	2	296	8	0	3.685867e+02	76	76	5.651602e-01	4.323302e+01	1400	scram	scram_12.png
DEV	2	297	8	0	3.757835e+02	73	0	5.653457e-01	4.154847e+01	1399	scram	scram_21.png
DEV	2	298	8	0	3.827617e+02	75	0	5.003695e-01	3.760986e+01	1781	scram	scram_10.png
DEV	2	299	8	0	3.894967e+02	79	0	4.604395e-01	3.647555e+01	2057	scram	scram_14.png
DEV	2	300	8	0	3.975374e+02	77	0	4.105991e-01	3.145540e+01	2468	scram	scram_1.png
DEV	2	301	8	0	4.042270e+02	72	0	5.655312e-01	4.099389e+01	1398	scram	scram_4.png
DEV	2	302	8	0	4.111752e+02	73	0	5.050541e-01	3.689042e+01	1751	scram	scram_19.png
DEV	2	303	8	0	4.176248e+02	72	0	8.159165e-01	5.884184e+01	304	scram	scram_11.png
DEV	2	304	8	0	4.245240e+02	77	0	3.964854e-01	3.053843e+01	2602	scram	scram_5.png
DEV	2	305	8	0	4.325561e+02	80	0	3.509659e-01	2.822641e+01	3099	scram	scram_9.png
DEV	2	306	8	0	4.400816e+02	82	0	3.399400e-01	2.779829e+01	3234	scram	scram_13.png
DEV	2	307	8	0	4.459794e+02	67	67	7.875742e-01	5.286998e+01	411	scram	scram_20.png
DEV	2	308	8	0	4.525504e+02	70	70	6.482873e-01	4.558686e+01	989	scram	scram_6.png
DEV	2	309	8	0	4.589004e+02	77	77	7.012083e-01	5.388179e+01	757	scram	scram_3.png
DEV	2	310	8	0	4.649800e+02	73	73	6.906166e-01	5.051552e+01	802	scram	scram_18.png
DEV	2	311	8	0	4.705593e+02	76	76	7.443330e-01	5.623150e+01	580	scram	scram_2.png
DEV	2	312	8	0	4.761910e+02	71	71	7.199289e-01	5.132455e+01	679	scram	scram_16.png
DEV	2	313	8	0	4.829418e+02	70	70	7.503546e-01	5.279260e+01	556	scram	scram_15.png
DEV	2	314	8	0	4.889878e+02	71	71	6.669614e-01	4.722673e+01	905	scram	scram_7.png
DEV	2	315	8	0	4.947612e+02	70	70	6.920199e-01	4.851440e+01	796	scram	scram_8.png
DEV	2	316	8	0	5.013322e+02	73	73	6.562218e-01	4.797209e+01	953	scram	scram_6.png
DEV	2	317	8	0	5.076948e+02	78	0	6.582215e-01	5.137345e+01	944	scram	scram_5.png
DEV	2	318	8	0	5.136265e+02	69	69	8.266913e-01	5.680272e+01	264	scram	scram_18.png
DEV	2	319	8	0	5.189698e+02	67	0	8.280448e-01	5.519656e+01	259	scram	scram_2.png
DEV	2	320	8	0	5.250876e+02	69	69	7.894063e-01	5.452189e+01	404	scram	scram_14.png
DEV	2	321	8	0	5.307181e+02	72	72	8.223700e-01	5.910828e+01	280	scram	scram_7.png
DEV	2	322	8	0	5.369658e+02	66	66	8.169897e-01	5.398468e+01	300	scram	scram_12.png
DEV	2	323	8	0	5.425984e+02	65	65	8.143085e-01	5.307423e+01	310	scram	scram_1.png
DEV	2	324	8	0	5.483109e+02	73	0	8.299421e-01	6.024189e+01	252	scram	scram_15.png
DEV	2	325	8	0	5.540536e+02	70	70	8.223700e-01	5.746354e+01	280	scram	scram_21.png
DEV	2	326	8	0	5.601754e+02	65	65	8.329293e-01	5.453141e+01	241	scram	scram_19.png
DEV	2	327	8	0	5.663299e+02	72	72	8.097644e-01	5.858157e+01	327	scram	scram_8.png
DEV	2	328	8	0	5.732516e+02	64	64	8.188701e-01	5.241367e+01	293	scram	scram_17.png
DEV	2	329	8	0	5.793741e+02	69	69	8.326574e-01	5.785308e+01	242	scram	scram_4.png
DEV	2	330	8	0	5.855948e+02	70	70	8.318422e-01	5.782289e+01	245	scram	scram_20.png
DEV	2	331	8	0	5.920406e+02	71	71	7.648164e-01	5.421969e+01	499	scram	scram_10.png
DEV	2	332	8	0	5.977791e+02	71	71	8.172582e-01	5.808053e+01	299	scram	scram_3.png
DEV	2	333	8	0	6.038330e+02	71	71	8.161847e-01	5.803686e+01	303	scram	scram_16.png
DEV	2	334	8	0	6.107386e+02	67	67	8.424797e-01	5.652230e+01	206	scram	scram_9.png
DEV	2	335	8	0	6.161451e+02	74	74	7.766485e-01	5.708462e+01	453	scram	scram_11.png
DEV	2	336	8	0	6.224555e+02	75	0	7.732903e-01	5.769777e+01	466	scram	scram_13.png
CEVR	2	337	9	0	6.906771e+02	165	0	2.240872e-01	3.700000e+01	521	fear	fear_5.png
CEVR	2	338	9	0	6.970179e+02	170	0	2.165914e-01	3.678341e+01	321	fear	fear_4.png
CEVR	2	339	9	0	7.037209e+02	151	0	2.457306e-01	37	1030	fear	fear_14.png
CEVR	2	340	9	0	7.105163e+02	138	0	2.745971e-01	3.782379e+01	1584	fear	fear_20.png
CEVR	2	341	9	0	7.181336e+02	106	0	3.523810e-01	3.735238e+01	2625	fear	fear_10.png
CEVR	2	342	9	0	7.257194e+02	80	0	4.801631e-01	3.844049e+01	3603	fear	fear_8.png
CEVR	2	343	9	0	7.324580e+02	159	0	2.307144e-01	3.676929e+01	687	fear	fear_9.png
CEVR	2	344	9	0	7.385170e+02	140	0	2.728039e-01	3.809122e+01	1553	fear	fear_17.png
CEVR	2	345	9	0	7.445684e+02	167	0	2.230067e-01	3.722301e+01	493	fear	fear_11.png
CEVR	2	346	9	0	7.509198e+02	169	0	2.155459e-01	3.635336e+01	292	fear	fear_6.png
CEVR	2	347	9	0	7.579037e+02	157	157	2.353262e-01	37	797	fear	fear_13.png
CEVR	2	348	9	0	7.636334e+02	165	165	2.287178e-01	3.768615e+01	638	fear	fear_1.png
CEVR	2	349	9	0	7.701393e+02	165	165	2.196032e-01	3.634119e+01	403	fear	fear_15.png
CEVR	2	350	9	0	7.760239e+02	161	0	2.254919e-01	3.632352e+01	557	fear	fear_2.png
CEVR	2	351	9	0	7.816477e+02	170	0	2.152593e-01	3.656948e+01	284	fear	fear_16.png
CEVR	2	352	9	0	7.878383e+02	140	140	2.625710e-01	3.673743e+01	1368	fear	fear_12.png
CEVR	2	353	9	0	7.939926e+02	146	0	2.598315e-01	3.803933e+01	1316	fear	fear_19.png
CEVR	2	354	9	0	8.002965e+02	133	133	2.764141e-01	3.672359e+01	1615	fear	fear_3.png
CEVR	2	355	9	0	8.072865e+02	133	0	2.743644e-01	3.645127e+01	1580	fear	fear_18.png
CEVR	2	356	9	0	8.136196e+02	139	139	2.675620e-01	3.726756e+01	1460	fear	fear_7.png
CEVR	2	357	9	0	8.208211e+02	130	0	2.871397e-01	3.728714e+01	1790	fear	fear_21.png
CEVR	2	358	9	0	8.280777e+02	111	111	3.238310e-01	3.602851e+01	2301	fear	fear_14.png
CEVR	2	359	9	0	8.355451e+02	110	110	3.296843e-01	3.634063e+01	2372	fear	fear_4.png
CEVR	2	360	9	0	8.420036e+02	108	0	3.393606e-01	3.666064e+01	2484	fear	fear_9.png
CEVR	2	361	9	0	8.494725e+02	110	110	3.257042e-01	3.569718e+01	2324	fear	fear_7.png
CEVR	2	362	9	0	8.567312e+02	94	94	4.050673e-01	3.821520e+01	3103	fear	fear_12.png
CEVR	2	363	9	0	8.644497e+02	92	0	4.223744e-01	3.868950e+01	3234	fear	fear_19.png
CEVR	2	364	9	0	8.711493e+02	106	0	3.480247e-01	37	2579	fear	fear_17.png
CEVR	2	365	9	0	8.777261e+02	161	0	2.256098e-01	3.632317e+01	560	fear	fear_20.png
CEVR	2	366	9	0	8.838707e+02	162	0	2.362708e-01	3.818135e+01	819	fear	fear_3.png
CEVR	2	367	9	0	8.900892e+02	138	138	2.671756e-01	3.700000e+01	1453	fear	fear_1.png
CEVR	2	368	9	0	8.966636e+02	142	0	2.605110e-01	3.700000e+01	1329	fear	fear_13.png
CEVR	2	369	9	0	9.029117e+02	144	0	2.600924e-01	3.752018e+01	1321	fear	fear_18.png
CEVR	2	370	9	0	9.107340e+02	110	0	3.338489e-01	3.666615e+01	2421	fear	fear_6.png
CEVR	2	371	9	0	9.173104e+02	137	0	2.604062e-01	3.569797e+01	1327	fear	fear_8.png
CEVR	2	372	9	0	9.237754e+02	175	0	2.167727e-01	3.786709e+01	326	fear	fear_11.png
CEVR	2	373	9	0	9.303875e+02	164	0	2.196777e-01	3.612129e+01	405	fear	fear_5.png
CEVR	2	374	9	0	9.354971e+02	167	0	2.195287e-01	3.656094e+01	401	fear	fear_21.png
CEVR	2	375	9	0	9.425936e+02	143	0	2.525351e-01	3.598986e+01	1172	fear	fear_15.png
CEVR	2	376	9	0	9.504180e+02	77	0	4.587318e-01	3.516507e+01	3477	fear	fear_2.png
CEVR	2	377	9	0	9.575108e+02	83	0	4.482520e-01	37	3411	fear	fear_16.png
CEVR	2	378	9	0	9.647979e+02	80	0	4.717668e-01	3.794353e+01	3555	fear	fear_10.png
IEV	2	379	10	0	1.033719e+03	23	23	8.902708e-01	2.042422e+01	571	happy	happy_16.png
IEV	2	380	10	0	1.039514e+03	20	20	8.960006e-01	1.754567e+01	367	happy	happy_12.png
IEV	2	381	10	0	1.046325e+03	13	13	8.942678e-01	1.163270e+01	440	happy	happy_15.png
IEV	2	382	10	0	1.051638e+03	18	18	8.951889e-01	1.591949e+01	403	happy	happy_3.png
IEV	2	383	10	0	1.057844e+03	22	22	8.950936e-01	1.951914e+01	407	happy	happy_14.png
IEV	2	384	10	0	1.064457e+03	19	19	8.939229e-01	1.706608e+01	453	happy	happy_4.png
IEV	2	385	10	0	1.070532e+03	20	20	8.968448e-01	1.826880e+01	325	happy	happy_17.png
IEV	2	386	10	0	1.076604e+03	14	14	8.966147e-01	1.293649e+01	337	happy	happy_7.png
IEV	2	387	10	0	1.082846e+03	22	22	8.927912e-01	1.996319e+01	493	happy	happy_18.png
IEV	2	388	10	0	1.088848e+03	19	19	8.899527e-01	1.692093e+01	580	happy	happy_13.png
IEV	2	389	10	0	1.094292e+03	25	25	8.846634e-01	2.225947e+01	711	happy	happy_20.png
IEV	2	390	10	0	1.099696e+03	19	19	8.898813e-01	1.693386e+01	582	happy	happy_6.png
IEV	2	391	10	0	1.106156e+03	16	16	8.859423e-01	1.407830e+01	682	happy	happy_5.png
IEV	2	392	10	0	1.112587e+03	16	16	8.789149e-01	1.435782e+01	827	happy	happy_2.png
IEV	2	393	10	0	1.119458e+03	20	20	8.838381e-01	1.797215e+01	729	happy	happy_19.png
IEV	2	394	10	0	1.124788e+03	23	23	8.876048e-01	2.000006e+01	642	happy	happy_11.png
IEV	2	395	10	0	1.130969e+03	20	20	8.957833e-01	1.758990e+01	377	happy	happy_9.png
IEV	2	396	10	0	1.136645e+03	23	23	8.820652e-01	2.002310e+01	766	happy	happy_1.png
IEV	2	397	10	0	1.142298e+03	25	25	8.857263e-01	2.208716e+01	687	happy	happy_8.png
IEV	2	398	10	0	1.147949e+03	23	23	8.859853e-01	2.027275e+01	681	happy	happy_10.png
IEV	2	399	10	0	1.154752e+03	18	18	8.894832e-01	1.611612e+01	593	happy	happy_21.png
IEV	2	400	10	0	1.161862e+03	17	17	8.813673e-01	1.484452e+01	780	happy	happy_1.png
IEV	2	401	10	0	1.167606e+03	17	17	8.876848e-01	1.466028e+01	640	happy	happy_11.png
IEV	2	402	10	0	1.173760e+03	23	23	8.869951e-01	2.010359e+01	657	happy	happy_3.png
IEV	2	403	10	0	1.180383e+03	34	34	7.827924e-01	2.643209e+01	1841	happy	happy_16.png
IEV	2	404	10	0	1.187633e+03	35	35	7.984773e-01	2.811101e+01	1721	happy	happy_9.png
IEV	2	405	10	0	1.195389e+03	41	41	7.770436e-01	3.163119e+01	1883	happy	happy_20.png
IEV	2	406	10	0	1.202648e+03	38	38	7.696015e-01	2.918965e+01	1936	happy	happy_21.png
IEV	2	407	10	0	1.209591e+03	33	0	7.803449e-01	2.588145e+01	1859	happy	happy_10.png
IEV	2	408	10	0	1.215702e+03	15	15	8.952597e-01	1.321936e+01	400	happy	happy_4.png
IEV	2	409	10	0	1.222635e+03	17	17	8.929970e-01	1.545945e+01	486	happy	happy_7.png
IEV	2	410	10	0	1.228850e+03	18	18	8.954915e-01	1.585801e+01	390	happy	happy_2.png
IEV	2	411	10	0	1.234282e+03	23	0	8.943199e-01	2.056531e+01	438	happy	happy_15.png
IEV	2	412	10	0	1.240775e+03	15	15	8.911245e-01	1.314176e+01	546	happy	happy_6.png
IEV	2	413	10	0	1.247171e+03	17	17	8.903058e-01	1.507615e+01	570	happy	happy_13.png
IEV	2	414	10	0	1.252899e+03	18	0	8.947020e-01	1.601751e+01	423	happy	happy_8.png
IEV	2	415	10	0	1.259092e+03	18	0	8.916158e-01	1.572314e+01	531	happy	happy_5.png
IEV	2	416	10	0	1.266300e+03	65	0	6.179571e-01	4.040722e+01	2825	happy	happy_17.png
IEV	2	417	10	0	1.274023e+03	69	69	6.181507e-01	4.286773e+01	2824	happy	happy_14.png
IEV	2	418	10	0	1.281017e+03	74	0	5.964319e-01	4.410849e+01	2935	happy	happy_12.png
IEV	2	419	10	0	1.288386e+03	47	47	7.079516e-01	3.351796e+01	2331	happy	happy_18.png
IEV	2	420	10	0	1.295372e+03	56	56	7.062593e-01	3.929747e+01	2341	happy	happy_19.png
DEV	2	421	11	0	1.364179e+03	68	68	6.976606e-01	4.740169e+01	772	fear	fear_15.png
DEV	2	422	11	0	1.369933e+03	76	76	7.274943e-01	5.533596e+01	648	fear	fear_14.png
DEV	2	423	11	0	1.377059e+03	67	67	7.854842e-01	5.278604e+01	419	fear	fear_13.png
DEV	2	424	11	0	1.382842e+03	73	0	7.073979e-01	5.140045e+01	731	fear	fear_2.png
DEV	2	425	11	0	1.388372e+03	69	0	7.319192e-01	5.045071e+01	630	fear	fear_18.png
DEV	2	426	11	0	1.395577e+03	75	75	6.597814e-01	4.948770e+01	937	fear	fear_11.png
DEV	2	427	11	0	1.401723e+03	75	75	4.940792e-01	3.721803e+01	1822	fear	fear_8.png
DEV	2	428	11	0	1.408062e+03	78	78	5.195283e-01	4.035093e+01	1661	fear	fear_20.png
DEV	2	429	11	0	1.416021e+03	82	82	3.899636e-01	3.206194e+01	2667	fear	fear_12.png
DEV	2	430	11	0	1.422106e+03	73	73	6.613451e-01	4.825395e+01	930	fear	fear_6.png
DEV	2	431	11	0	1.428978e+03	70	70	7.155685e-01	5.039093e+01	697	fear	fear_5.png
DEV	2	432	11	0	1.435854e+03	73	73	7.162936e-01	5.257547e+01	694	fear	fear_17.png
DEV	2	433	11	0	1.441298e+03	75	0	7.213877e-01	5.428264e+01	673	fear	fear_21.png
DEV	2	434	11	0	1.446938e+03	77	77	6.393772e-01	4.894993e+01	1030	fear	fear_10.png
DEV	2	435	11	0	1.453135e+03	74	74	6.993141e-01	5.167659e+01	765	fear	fear_4.png
DEV	2	436	11	0	1.458575e+03	77	0	6.817935e-01	5.276766e+01	840	fear	fear_16.png
DEV	2	437	11	0	1.467038e+03	86	86	3.346023e-01	2.875672e+01	3301	fear	fear_9.png
DEV	2	438	11	0	1.475213e+03	84	84	3.305864e-01	2.779229e+01	3352	fear	fear_7.png
DEV	2	439	11	0	1.483277e+03	82	82	3.346814e-01	2.742396e+01	3300	fear	fear_19.png
DEV	2	440	11	0	1.491144e+03	80	80	3.334962e-01	2.667233e+01	3315	fear	fear_1.png
DEV	2	441	11	0	1.499520e+03	82	82	3.303513e-01	2.711426e+01	3355	fear	fear_3.png
DEV	2	442	11	0	1.507619e+03	84	0	3.305864e-01	2.779229e+01	3352	fear	fear_5.png
DEV	2	443	11	0	1.514945e+03	85	0	3.276943e-01	2.790663e+01	3389	fear	fear_19.png
DEV	2	444	11	0	1.522700e+03	84	84	3.369033e-01	2.825616e+01	3272	fear	fear_14.png
DEV	2	445	11	0	1.530202e+03	79	79	3.306648e-01	2.614474e+01	3351	fear	fear_3.png
DEV	2	446	11	0	1.537375e+03	83	0	3.325504e-01	2.760427e+01	3327	fear	fear_20.png
DEV	2	447	11	0	1.545594e+03	82	0	3.445466e-01	2.812471e+01	3177	fear	fear_4.png
DEV	2	448	11	0	1.551780e+03	71	0	8.081648e-01	5.770476e+01	333	fear	fear_1.png
DEV	2	449	11	0	1.558249e+03	74	74	6.680905e-01	4.929011e+01	900	fear	fear_8.png
DEV	2	450	11	0	1.564944e+03	70	70	6.624644e-01	4.632788e+01	925	fear	fear_2.png
DEV	2	451	11	0	1.570520e+03	77	77	6.719445e-01	5.151850e+01	883	fear	fear_15.png
DEV	2	452	11	0	1.577281e+03	68	68	7.243132e-01	4.936900e+01	661	fear	fear_12.png
DEV	2	453	11	0	1.584260e+03	71	71	6.662848e-01	4.719126e+01	908	fear	fear_21.png
DEV	2	454	11	0	1.590465e+03	72	72	7.014454e-01	5.038797e+01	756	fear	fear_10.png
DEV	2	455	11	0	1.597114e+03	73	0	6.838731e-01	5.015304e+01	831	fear	fear_9.png
DEV	2	456	11	0	1.602753e+03	73	0	6.850311e-01	5.021556e+01	826	fear	fear_17.png
DEV	2	457	11	0	1.608076e+03	74	0	6.960109e-01	5.149869e+01	779	fear	fear_6.png
DEV	2	458	11	0	1.614266e+03	68	68	7.490968e-01	5.123567e+01	561	fear	fear_11.png
DEV	2	459	11	0	1.620636e+03	70	70	7.136383e-01	5.029575e+01	705	fear	fear_16.png
DEV	2	460	11	0	1.626578e+03	78	78	5.925147e-01	4.609271e+01	1257	fear	fear_18.png
DEV	2	461	11	0	1.632244e+03	72	72	6.703548e-01	4.807442e+01	890	fear	fear_13.png
DEV	2	462	11	0	1.638776e+03	74	0	7.398435e-01	5.451596e+01	598	fear	fear_7.png
CEV	2	463	12	0	1.708601e+03	46	0	7.752857e-01	3.544943e+01	873	scram	scram_17.png
CEV	2	464	12	0	1.714863e+03	45	45	8.598571e-01	3.871971e+01	281	scram	scram_1.png
CEV	2	465	12	0	1.721119e+03	44	44	8.652857e-01	3.786529e+01	243	scram	scram_13.png
CEV	2	466	12	0	1.726635e+03	47	47	8.521429e-01	4.040857e+01	335	scram	scram_16.png
CEV	2	467	12	0	1.733842e+03	43	43	8.510000e-01	37	343	scram	scram_18.png
CEV	2	468	12	0	1.739616e+03	43	43	8.522857e-01	37	334	scram	scram_4.png
CEV	2	469	12	0	1.745549e+03	44	44	8.081429e-01	3.538371e+01	643	scram	scram_7.png
CEV	2	470	12	0	1.751553e+03	43	43	8.530000e-01	37	329	scram	scram_15.png
CEV	2	471	12	0	1.756832e+03	40	40	8.507143e-01	3.444786e+01	345	scram	scram_14.png
CEV	2	472	12	0	1.762486e+03	44	44	8.335714e-01	37	465	scram	scram_6.png
CEV	2	473	12	0	1.768097e+03	42	42	8.504286e-01	3.529914e+01	347	scram	scram_8.png
CEV	2	474	12	0	1.774159e+03	42	42	8.282857e-01	3.451514e+01	502	scram	scram_10.png
CEV	2	475	12	0	1.780126e+03	40	0	8.630000e-01	3.441100e+01	259	scram	scram_19.png
CEV	2	476	12	0	1.786496e+03	41	41	8.537143e-01	3.529257e+01	324	scram	scram_20.png
CEV	2	477	12	0	1.793305e+03	41	41	8.447143e-01	3.446586e+01	387	scram	scram_21.png
CEV	2	478	12	0	1.798685e+03	39	39	8.532857e-01	3.358686e+01	327	scram	scram_5.png
CEV	2	479	12	0	1.804663e+03	45	45	8.602857e-01	3.872057e+01	278	scram	scram_9.png
CEV	2	480	12	0	1.811136e+03	42	42	8.577143e-01	3.614229e+01	296	scram	scram_11.png
CEV	2	481	12	0	1.817399e+03	44	44	8.555714e-01	3.785557e+01	311	scram	scram_2.png
CEV	2	482	12	0	1.823276e+03	44	0	8.524286e-01	3.785243e+01	333	scram	scram_3.png
CEV	2	483	12	0	1.830191e+03	41	41	8.410000e-01	3.447700e+01	413	scram	scram_12.png
CEV	2	484	12	0	1.836252e+03	40	40	8.572857e-01	3.442814e+01	299	scram	scram_4.png
CEV	2	485	12	0	1.842549e+03	45	45	8.468571e-01	3.784686e+01	372	scram	scram_1.png
CEV	2	486	12	0	1.848676e+03	44	44	8.382857e-01	37	432	scram	scram_13.png
CEV	2	487	12	0	1.854705e+03	47	47	8.454286e-01	3.953629e+01	382	scram	scram_10.png
CEV	2	488	12	0	1.860746e+03	46	46	8.420000e-01	3.868400e+01	406	scram	scram_14.png
CEV	2	489	12	0	1.866958e+03	47	47	8.414286e-01	3.952429e+01	410	scram	scram_11.png
CEV	2	490	12	0	1.872075e+03	42	42	8.410000e-01	3.531800e+01	413	scram	scram_17.png
CEV	2	491	12	0	1.878245e+03	44	44	8.567143e-01	3.785671e+01	303	scram	scram_20.png
CEV	2	492	12	0	1.884170e+03	48	48	8.387143e-01	4.035486e+01	429	scram	scram_9.png
CEV	2	493	12	0	1.890418e+03	42	42	8.392857e-01	3.532143e+01	425	scram	scram_19.png
CEV	2	494	12	0	1.897143e+03	47	47	8.672857e-01	4.046914e+01	229	scram	scram_6.png
CEV	2	495	12	0	1.902432e+03	44	44	8.492857e-01	37	355	scram	scram_21.png
CEV	2	496	12	0	1.909217e+03	43	43	8.585714e-01	37	290	scram	scram_7.png
CEV	2	497	12	0	1.915639e+03	44	44	8.482857e-01	37	362	scram	scram_18.png
CEV	2	498	12	0	1.921323e+03	44	0	8.494286e-01	37	354	scram	scram_5.png
CEV	2	499	12	0	1.928135e+03	40	40	8.511429e-01	3.444657e+01	342	scram	scram_2.png
CEV	2	500	12	0	1.934611e+03	39	39	8.527143e-01	3.358914e+01	331	scram	scram_3.png
CEV	2	501	12	0	1.940290e+03	42	42	8.550000e-01	3.614500e+01	315	scram	scram_12.png
CEV	2	502	12	0	1.946476e+03	43	43	8.504286e-01	3.614957e+01	347	scram	scram_15.png
CEV	2	503	12	0	1.951960e+03	47	47	8.027143e-01	3.780271e+01	681	scram	scram_8.png
CEV	2	504	12	0	1.958513e+03	47	0	8.602857e-01	4.044114e+01	278	scram	scram_16.png
