#Subj:	11189
#Run:	1
#Age:	27
#Gender:	female
#27-Jun-2013
Func	Run	Trial	Block	Null	trialStartTime	Mag	ScoreInc	Freq	EV	RT	Emotion	Image
CEV	   1	   1	  12	   0	1.417843e+02	  61	   0	6.304286e-01	3.826086e+01	1887	 115	  99	 114	  97	 109	scram	scram_16.png	
CEV	   1	   2	  12	   0	1.496610e+02	 103	   0	3.667143e-01	3.773343e+01	3733	 115	  99	 114	  97	 109	scram	scram_8.png	
CEV	   1	   3	  12	   0	1.579429e+02	 115	   0	3.260000e-01	3.765200e+01	4018	 115	  99	 114	  97	 109	scram	scram_15.png	
CEV	   1	   4	  12	   0	1.632844e+02	  46	  46	8.438571e-01	3.868771e+01	 393	 115	  99	 114	  97	 109	scram	scram_12.png	
CEV	   1	   5	  12	   0	1.700246e+02	  42	  42	8.357143e-01	3.532857e+01	 450	 115	  99	 114	  97	 109	scram	scram_3.png	
CEV	   1	   6	  12	   0	1.761132e+02	  39	  39	8.525714e-01	3.358971e+01	 332	 115	  99	 114	  97	 109	scram	scram_2.png	
CEV	   1	   7	  12	   0	1.821089e+02	  46	  46	8.484286e-01	3.869686e+01	 361	 115	  99	 114	  97	 109	scram	scram_5.png	
CEV	   1	   8	  12	   0	1.882167e+02	  48	  48	8.541429e-01	4.127071e+01	 321	 115	  99	 114	  97	 109	scram	scram_18.png	
CEV	   1	   9	  12	   0	1.938927e+02	  42	  42	8.541429e-01	3.614586e+01	 321	 115	  99	 114	  97	 109	scram	scram_7.png	
CEV	   1	  10	  12	   0	2.000421e+02	  46	  46	8.617143e-01	3.958514e+01	 268	 115	  99	 114	  97	 109	scram	scram_21.png	
CEV	   1	  11	  12	   0	2.068197e+02	  40	  40	8.594286e-01	3.442171e+01	 284	 115	  99	 114	  97	 109	scram	scram_6.png	
CEV	   1	  12	  12	   0	2.127015e+02	  42	  42	8.527143e-01	3.614729e+01	 331	 115	  99	 114	  97	 109	scram	scram_19.png	
CEV	   1	  13	  12	   0	2.187703e+02	  45	  45	8.564286e-01	3.871286e+01	 305	 115	  99	 114	  97	 109	scram	scram_9.png	
CEV	   1	  14	  12	   0	2.248643e+02	  41	  41	8.550000e-01	3.529000e+01	 315	 115	  99	 114	  97	 109	scram	scram_20.png	
CEV	   1	  15	  12	   0	2.304011e+02	  45	  45	8.657143e-01	3.873143e+01	 240	 115	  99	 114	  97	 109	scram	scram_17.png	
CEV	   1	  16	  12	   0	2.365590e+02	  39	  39	8.638571e-01	3.354457e+01	 253	 115	  99	 114	  97	 109	scram	scram_11.png	
CEV	   1	  17	  12	   0	2.415085e+02	  48	  48	8.622857e-01	4.131143e+01	 264	 115	  99	 114	  97	 109	scram	scram_14.png	
CEV	   1	  18	  12	   0	2.466482e+02	  44	  44	8.650000e-01	3.786500e+01	 245	 115	  99	 114	  97	 109	scram	scram_10.png	
CEV	   1	  19	  12	   0	2.529941e+02	  47	  47	8.347143e-01	3.950414e+01	 457	 115	  99	 114	  97	 109	scram	scram_13.png	
CEV	   1	  20	  12	   0	2.600616e+02	  46	  46	8.000000e-01	  37	 700	 115	  99	 114	  97	 109	scram	scram_1.png	
CEV	   1	  21	  12	   0	2.663044e+02	  50	   0	8.118571e-01	4.024743e+01	 617	 115	  99	 114	  97	 109	scram	scram_4.png	
CEV	   1	  22	  12	   0	2.723037e+02	  43	  43	8.534286e-01	  37	 326	 115	  99	 114	  97	 109	scram	scram_12.png	
CEV	   1	  23	  12	   0	2.781960e+02	  40	  40	8.502857e-01	3.359886e+01	 348	 115	  99	 114	  97	 109	scram	scram_3.png	
CEV	   1	  24	  12	   0	2.851524e+02	  46	  46	8.605714e-01	3.958171e+01	 276	 115	  99	 114	  97	 109	scram	scram_2.png	
CEV	   1	  25	  12	   0	2.915894e+02	  47	  47	8.375714e-01	3.951271e+01	 437	 115	  99	 114	  97	 109	scram	scram_11.png	
CEV	   1	  26	  12	   0	2.968828e+02	  47	  47	8.622857e-01	4.044914e+01	 264	 115	  99	 114	  97	 109	scram	scram_9.png	
CEV	   1	  27	  12	   0	3.025242e+02	  40	  40	8.651429e-01	3.440457e+01	 244	 115	  99	 114	  97	 109	scram	scram_5.png	
CEV	   1	  28	  12	   0	3.089082e+02	  44	  44	8.567143e-01	3.785671e+01	 303	 115	  99	 114	  97	 109	scram	scram_21.png	
CEV	   1	  29	  12	   0	3.147250e+02	  43	  43	8.455714e-01	3.615443e+01	 381	 115	  99	 114	  97	 109	scram	scram_20.png	
CEV	   1	  30	  12	   0	3.211750e+02	  44	  44	8.628571e-01	3.786286e+01	 260	 115	  99	 114	  97	 109	scram	scram_19.png	
CEV	   1	  31	  12	   0	3.275589e+02	  47	  47	8.531429e-01	4.041257e+01	 328	 115	  99	 114	  97	 109	scram	scram_10.png	
CEV	   1	  32	  12	   0	3.331292e+02	  47	  47	8.335714e-01	3.950071e+01	 465	 115	  99	 114	  97	 109	scram	scram_8.png	
CEV	   1	  33	  12	   0	3.382428e+02	  43	  43	8.447143e-01	3.615529e+01	 387	 115	  99	 114	  97	 109	scram	scram_6.png	
CEV	   1	  34	  12	   0	3.438004e+02	  40	  40	8.372857e-01	3.365086e+01	 439	 115	  99	 114	  97	 109	scram	scram_14.png	
CEV	   1	  35	  12	   0	3.496803e+02	  45	  45	8.258571e-01	  37	 519	 115	  99	 114	  97	 109	scram	scram_15.png	
CEV	   1	  36	  12	   0	3.553956e+02	  49	  49	8.158571e-01	4.026343e+01	 589	 115	  99	 114	  97	 109	scram	scram_7.png	
CEV	   1	  37	  12	   0	3.617106e+02	  46	  46	8.161429e-01	3.781614e+01	 587	 115	  99	 114	  97	 109	scram	scram_4.png	
CEV	   1	  38	  12	   0	3.681446e+02	  41	  41	8.107143e-01	3.294643e+01	 625	 115	  99	 114	  97	 109	scram	scram_18.png	
CEV	   1	  39	  12	   0	3.732943e+02	  42	  42	8.182857e-01	3.454514e+01	 572	 115	  99	 114	  97	 109	scram	scram_16.png	
CEV	   1	  40	  12	   0	3.800869e+02	  41	  41	8.585714e-01	3.528286e+01	 290	 115	  99	 114	  97	 109	scram	scram_13.png	
CEV	   1	  41	  12	   0	3.864126e+02	  42	  42	8.182857e-01	3.454514e+01	 572	 115	  99	 114	  97	 109	scram	scram_1.png	
CEV	   1	  42	  12	   0	3.925793e+02	  46	  46	7.772857e-01	3.544543e+01	 859	 115	  99	 114	  97	 109	scram	scram_17.png	
DEV	   1	  43	  11	   0	4.630348e+02	  76	   0	6.443589e-01	4.924508e+01	1007	 102	 101	  97	 114	fear	fear_7.png	
DEV	   1	  44	  11	   0	4.693296e+02	  76	  76	5.911366e-01	4.482434e+01	1264	 102	 101	  97	 114	fear	fear_13.png	
DEV	   1	  45	  11	   0	4.764001e+02	  76	   0	4.651963e-01	3.539735e+01	2022	 102	 101	  97	 114	fear	fear_18.png	
DEV	   1	  46	  11	   0	4.818592e+02	  69	   0	7.213877e-01	4.995432e+01	 673	 102	 101	  97	 114	fear	fear_16.png	
DEV	   1	  47	  11	   0	4.882979e+02	  77	   0	5.427944e-01	4.183350e+01	1524	 102	 101	  97	 114	fear	fear_11.png	
DEV	   1	  48	  11	   0	4.947049e+02	  71	  71	6.192538e-01	4.402483e+01	1125	 102	 101	  97	 114	fear	fear_6.png	
DEV	   1	  49	  11	   0	5.005539e+02	  72	   0	6.012691e-01	4.302939e+01	1213	 102	 101	  97	 114	fear	fear_17.png	
DEV	   1	  50	  11	   0	5.068853e+02	  71	   0	5.694467e-01	4.065097e+01	1377	 102	 101	  97	 114	fear	fear_9.png	
DEV	   1	  51	  11	   0	5.135589e+02	  85	   0	3.523848e-01	3.008664e+01	3082	 102	 101	  97	 114	fear	fear_10.png	
DEV	   1	  52	  11	   0	5.197263e+02	  68	  68	7.182304e-01	4.908514e+01	 686	 102	 101	  97	 114	fear	fear_21.png	
DEV	   1	  53	  11	   0	5.265809e+02	  70	   0	7.267591e-01	5.093564e+01	 651	 102	 101	  97	 114	fear	fear_12.png	
DEV	   1	  54	  11	   0	5.329755e+02	  72	   0	7.052496e-01	5.058331e+01	 740	 102	 101	  97	 114	fear	fear_15.png	
DEV	   1	  55	  11	   0	5.401373e+02	  74	  74	5.263338e-01	3.920830e+01	1620	 102	 101	  97	 114	fear	fear_2.png	
DEV	   1	  56	  11	   0	5.465450e+02	  73	  73	5.355017e-01	3.922963e+01	1566	 102	 101	  97	 114	fear	fear_8.png	
DEV	   1	  57	  11	   0	5.531160e+02	  82	   0	5.236621e-01	4.271090e+01	1636	 102	 101	  97	 114	fear	fear_1.png	
DEV	   1	  58	  11	   0	5.601061e+02	  77	  77	5.488025e-01	4.221200e+01	1490	 102	 101	  97	 114	fear	fear_4.png	
DEV	   1	  59	  11	   0	5.667058e+02	  82	   0	5.229973e-01	4.266563e+01	1640	 102	 101	  97	 114	fear	fear_20.png	
DEV	   1	  60	  11	   0	5.735840e+02	  75	  75	5.831456e-01	4.375575e+01	1305	 102	 101	  97	 114	fear	fear_3.png	
DEV	   1	  61	  11	   0	5.795663e+02	  75	  75	5.814100e-01	4.365155e+01	1314	 102	 101	  97	 114	fear	fear_14.png	
DEV	   1	  62	  11	   0	5.858648e+02	  73	  73	5.754826e-01	4.214347e+01	1345	 102	 101	  97	 114	fear	fear_19.png	
DEV	   1	  63	  11	   0	5.929283e+02	  73	  73	5.889791e-01	4.292670e+01	1275	 102	 101	  97	 114	fear	fear_5.png	
DEV	   1	  64	  11	   0	5.992122e+02	  75	  75	5.814100e-01	4.365155e+01	1314	 102	 101	  97	 114	fear	fear_3.png	
DEV	   1	  65	  11	   0	6.058517e+02	  80	   0	5.679508e-01	4.567758e+01	1385	 102	 101	  97	 114	fear	fear_1.png	
DEV	   1	  66	  11	   0	6.132740e+02	  76	  76	5.800647e-01	4.415074e+01	1321	 102	 101	  97	 114	fear	fear_19.png	
DEV	   1	  67	  11	   0	6.204061e+02	  74	   0	5.758626e-01	4.274153e+01	1343	 102	 101	  97	 114	fear	fear_7.png	
DEV	   1	  68	  11	   0	6.275239e+02	  75	  75	5.754826e-01	4.329444e+01	1345	 102	 101	  97	 114	fear	fear_9.png	
DEV	   1	  69	  11	   0	6.341646e+02	  80	  80	5.601835e-01	4.460443e+01	1427	 102	 101	  97	 114	fear	fear_16.png	
DEV	   1	  70	  11	   0	6.415045e+02	  74	  74	5.605501e-01	4.126504e+01	1425	 102	 101	  97	 114	fear	fear_4.png	
DEV	   1	  71	  11	   0	6.470767e+02	  73	  73	5.489806e-01	4.002727e+01	1489	 102	 101	  97	 114	fear	fear_10.png	
DEV	   1	  72	  11	   0	6.528614e+02	  81	   0	5.495155e-01	4.445486e+01	1486	 102	 101	  97	 114	fear	fear_21.png	
DEV	   1	  73	  11	   0	6.592562e+02	  78	  78	5.413943e-01	4.228644e+01	1532	 102	 101	  97	 114	fear	fear_17.png	
DEV	   1	  74	  11	   0	6.654649e+02	  74	  74	5.461403e-01	4.040610e+01	1505	 102	 101	  97	 114	fear	fear_5.png	
DEV	   1	  75	  11	   0	6.725304e+02	  80	  80	5.516623e-01	4.404650e+01	1474	 102	 101	  97	 114	fear	fear_6.png	
DEV	   1	  76	  11	   0	6.802071e+02	  72	  72	5.477354e-01	3.940624e+01	1496	 102	 101	  97	 114	fear	fear_12.png	
DEV	   1	  77	  11	   0	6.861362e+02	  78	   0	5.422688e-01	4.234257e+01	1527	 102	 101	  97	 114	fear	fear_20.png	
DEV	   1	  78	  11	   0	6.927335e+02	  78	  78	5.532800e-01	4.304616e+01	1465	 102	 101	  97	 114	fear	fear_8.png	
DEV	   1	  79	  11	   0	6.997744e+02	  77	  77	5.638642e-01	4.315264e+01	1407	 102	 101	  97	 114	fear	fear_11.png	
DEV	   1	  80	  11	   0	7.055532e+02	  79	  79	5.570805e-01	4.384462e+01	1444	 102	 101	  97	 114	fear	fear_18.png	
DEV	   1	  81	  11	   0	7.122596e+02	  79	  79	5.403477e-01	4.275954e+01	1538	 102	 101	  97	 114	fear	fear_2.png	
DEV	   1	  82	  11	   0	7.189462e+02	  76	   0	5.445518e-01	4.139985e+01	1514	 102	 101	  97	 114	fear	fear_13.png	
DEV	   1	  83	  11	   0	7.250359e+02	  80	  80	5.522008e-01	4.408188e+01	1471	 102	 101	  97	 114	fear	fear_14.png	
DEV	   1	  84	  11	   0	7.318585e+02	  81	   0	5.353298e-01	4.350204e+01	1567	 102	 101	  97	 114	fear	fear_15.png	
IEV	   1	  85	  10	   0	8.017322e+02	  32	  32	8.195532e-01	2.602483e+01	1544	 104	  97	 112	 112	 121	happy	happy_19.png	
IEV	   1	  86	  10	   0	8.085507e+02	  45	  45	7.348166e-01	3.286281e+01	2167	 104	  97	 112	 112	 121	happy	happy_18.png	
IEV	   1	  87	  10	   0	8.153063e+02	  75	  75	5.833177e-01	4.366348e+01	3001	 104	  97	 112	 112	 121	happy	happy_12.png	
IEV	   1	  88	  10	   0	8.240482e+02	 128	   0	4.136849e-01	5.289890e+01	3822	 104	  97	 112	 112	 121	happy	happy_14.png	
IEV	   1	  89	  10	   0	8.313721e+02	  93	  93	5.156360e-01	4.772957e+01	3333	 104	  97	 112	 112	 121	happy	happy_17.png	
IEV	   1	  90	  10	   0	8.384486e+02	 104	   0	4.829882e-01	5.020039e+01	3490	 104	  97	 112	 112	 121	happy	happy_5.png	
IEV	   1	  91	  10	   0	8.459104e+02	  96	   0	4.977824e-01	4.757059e+01	3419	 104	  97	 112	 112	 121	happy	happy_8.png	
IEV	   1	  92	  10	   0	8.534362e+02	  88	   0	5.456950e-01	4.788203e+01	3187	 104	  97	 112	 112	 121	happy	happy_13.png	
IEV	   1	  93	  10	   0	8.607420e+02	  45	  45	7.432796e-01	3.366774e+01	2113	 104	  97	 112	 112	 121	happy	happy_6.png	
IEV	   1	  94	  10	   0	8.682786e+02	  72	  72	5.817188e-01	4.200812e+01	3009	 104	  97	 112	 112	 121	happy	happy_15.png	
IEV	   1	  95	  10	   0	8.757533e+02	  76	  76	5.769108e-01	4.402151e+01	3033	 104	  97	 112	 112	 121	happy	happy_2.png	
IEV	   1	  96	  10	   0	8.833035e+02	  89	  89	5.356491e-01	4.782321e+01	3236	 104	  97	 112	 112	 121	happy	happy_7.png	
IEV	   1	  97	  10	   0	8.906682e+02	  84	  84	5.331818e-01	4.474202e+01	3248	 104	  97	 112	 112	 121	happy	happy_4.png	
IEV	   1	  98	  10	   0	8.985789e+02	  89	  89	5.150147e-01	4.569918e+01	3336	 104	  97	 112	 112	 121	happy	happy_10.png	
IEV	   1	  99	  10	   0	9.062680e+02	  88	   0	5.199813e-01	4.596097e+01	3312	 104	  97	 112	 112	 121	happy	happy_21.png	
IEV	   1	 100	  10	   0	9.141354e+02	  87	  87	5.290640e-01	4.602018e+01	3268	 104	  97	 112	 112	 121	happy	happy_20.png	
IEV	   1	 101	  10	   0	9.221733e+02	  95	   0	5.183267e-01	4.915558e+01	3320	 104	  97	 112	 112	 121	happy	happy_9.png	
IEV	   1	 102	  10	   0	9.302040e+02	  81	  81	5.520247e-01	4.481580e+01	3156	 104	  97	 112	 112	 121	happy	happy_16.png	
IEV	   1	 103	  10	   0	9.374826e+02	  84	  84	5.352381e-01	4.516670e+01	3238	 104	  97	 112	 112	 121	happy	happy_3.png	
IEV	   1	 104	  10	   0	9.444501e+02	  88	  88	5.327704e-01	4.689517e+01	3250	 104	  97	 112	 112	 121	happy	happy_11.png	
IEV	   1	 105	  10	   0	9.523723e+02	  83	   0	5.512092e-01	4.596199e+01	3160	 104	  97	 112	 112	 121	happy	happy_1.png	
IEV	   1	 106	  10	   0	9.597418e+02	  83	  83	5.360600e-01	4.458714e+01	3234	 104	  97	 112	 112	 121	happy	happy_21.png	
IEV	   1	 107	  10	   0	9.676144e+02	  86	  86	5.296821e-01	4.545882e+01	3265	 104	  97	 112	 112	 121	happy	happy_10.png	
IEV	   1	 108	  10	   0	9.748394e+02	  73	  73	5.875054e-01	4.283937e+01	2980	 104	  97	 112	 112	 121	happy	happy_8.png	
IEV	   1	 109	  10	   0	9.812966e+02	  81	  81	5.409855e-01	4.377904e+01	3210	 104	  97	 112	 112	 121	happy	happy_1.png	
IEV	   1	 110	  10	   0	9.889286e+02	  87	  87	5.446721e-01	4.738641e+01	3192	 104	  97	 112	 112	 121	happy	happy_9.png	
IEV	   1	 111	  10	   0	9.958962e+02	  90	   0	5.368817e-01	4.830094e+01	3230	 104	  97	 112	 112	 121	happy	happy_11.png	
IEV	   1	 112	  10	   0	1.003688e+03	  90	   0	5.199813e-01	4.700093e+01	3312	 104	  97	 112	 112	 121	happy	happy_19.png	
IEV	   1	 113	  10	   0	1.011036e+03	  79	  79	5.514131e-01	4.374581e+01	3159	 104	  97	 112	 112	 121	happy	happy_2.png	
IEV	   1	 114	  10	   0	1.018670e+03	  86	  86	5.579265e-01	4.784447e+01	3127	 104	  97	 112	 112	 121	happy	happy_5.png	
IEV	   1	 115	  10	   0	1.025419e+03	  85	  85	5.422151e-01	4.587958e+01	3204	 104	  97	 112	 112	 121	happy	happy_6.png	
IEV	   1	 116	  10	   0	1.032557e+03	  83	   0	5.473305e-01	4.561404e+01	3179	 104	  97	 112	 112	 121	happy	happy_20.png	
IEV	   1	 117	  10	   0	1.038042e+03	  20	  20	8.936224e-01	1.801833e+01	 464	 104	  97	 112	 112	 121	happy	happy_13.png	
IEV	   1	 118	  10	   0	1.045239e+03	  78	   0	5.638080e-01	4.417525e+01	3098	 104	  97	 112	 112	 121	happy	happy_18.png	
IEV	   1	 119	  10	   0	1.052736e+03	  75	   0	5.597540e-01	4.215836e+01	3118	 104	  97	 112	 112	 121	happy	happy_7.png	
IEV	   1	 120	  10	   0	1.060166e+03	  77	   0	5.930674e-01	4.548171e+01	2952	 104	  97	 112	 112	 121	happy	happy_17.png	
IEV	   1	 121	  10	   0	1.067041e+03	  34	  34	7.802082e-01	2.667457e+01	1860	 104	  97	 112	 112	 121	happy	happy_4.png	
IEV	   1	 122	  10	   0	1.073926e+03	  60	   0	6.427848e-01	3.881696e+01	2695	 104	  97	 112	 112	 121	happy	happy_14.png	
IEV	   1	 123	  10	   0	1.081223e+03	  84	   0	5.303001e-01	4.436590e+01	3262	 104	  97	 112	 112	 121	happy	happy_3.png	
IEV	   1	 124	  10	   0	1.088408e+03	  40	  40	7.459030e-01	2.972911e+01	2096	 104	  97	 112	 112	 121	happy	happy_15.png	
IEV	   1	 125	  10	   0	1.095256e+03	  67	   0	6.189248e-01	4.158458e+01	2820	 104	  97	 112	 112	 121	happy	happy_12.png	
IEV	   1	 126	  10	   0	1.103453e+03	  80	   0	5.680536e-01	4.564480e+01	3077	 104	  97	 112	 112	 121	happy	happy_16.png	
CEVR	   1	 127	   9	   0	1.172844e+03	 126	   0	3.020760e-01	3.820830e+01	2013	 102	 101	  97	 114	fear	fear_10.png	
CEVR	   1	 128	   9	   0	1.178572e+03	 154	 154	2.432839e-01	3.748657e+01	 977	 102	 101	  97	 114	fear	fear_16.png	
CEVR	   1	 129	   9	   0	1.184555e+03	 151	   0	2.377455e-01	3.581127e+01	 853	 102	 101	  97	 114	fear	fear_2.png	
CEVR	   1	 130	   9	   0	1.190690e+03	 146	   0	2.534743e-01	  37	1191	 102	 101	  97	 114	fear	fear_15.png	
CEVR	   1	 131	   9	   0	1.196306e+03	 169	   0	2.247094e-01	3.789884e+01	 537	 102	 101	  97	 114	fear	fear_21.png	
CEVR	   1	 132	   9	   0	1.203728e+03	 115	   0	3.247242e-01	3.732472e+01	2312	 102	 101	  97	 114	fear	fear_5.png	
CEVR	   1	 133	   9	   0	1.211020e+03	  95	   0	4.009288e-01	3.820279e+01	3070	 102	 101	  97	 114	fear	fear_11.png	
CEVR	   1	 134	   9	   0	1.217662e+03	 167	   0	2.171362e-01	3.634859e+01	 336	 102	 101	  97	 114	fear	fear_8.png	
CEVR	   1	 135	   9	   0	1.224228e+03	 161	 161	2.352834e-01	3.794113e+01	 796	 102	 101	  97	 114	fear	fear_6.png	
CEVR	   1	 136	   9	   0	1.230619e+03	 155	 155	2.391505e-01	3.700000e+01	 885	 102	 101	  97	 114	fear	fear_18.png	
CEVR	   1	 137	   9	   0	1.237255e+03	 158	   0	2.416496e-01	3.820825e+01	 941	 102	 101	  97	 114	fear	fear_13.png	
CEVR	   1	 138	   9	   0	1.242878e+03	 153	   0	2.411546e-01	3.700000e+01	 930	 102	 101	  97	 114	fear	fear_1.png	
CEVR	   1	 139	   9	   0	1.249474e+03	 157	   0	2.302222e-01	3.607911e+01	 675	 102	 101	  97	 114	fear	fear_3.png	
CEVR	   1	 140	   9	   0	1.255566e+03	 149	 149	2.398592e-01	3.580070e+01	 901	 102	 101	  97	 114	fear	fear_20.png	
CEVR	   1	 141	   9	   0	1.261211e+03	 152	 152	2.430099e-01	3.700000e+01	 971	 102	 101	  97	 114	fear	fear_17.png	
CEVR	   1	 142	   9	   0	1.268179e+03	 153	   0	2.469018e-01	3.774071e+01	1055	 102	 101	  97	 114	fear	fear_19.png	
CEVR	   1	 143	   9	   0	1.274253e+03	 153	 153	2.443857e-01	3.748877e+01	1001	 102	 101	  97	 114	fear	fear_12.png	
CEVR	   1	 144	   9	   0	1.281015e+03	 154	   0	2.438336e-01	3.748767e+01	 989	 102	 101	  97	 114	fear	fear_7.png	
CEVR	   1	 145	   9	   0	1.286693e+03	 161	   0	2.371795e-01	3.818590e+01	 840	 102	 101	  97	 114	fear	fear_9.png	
CEVR	   1	 146	   9	   0	1.293011e+03	 152	   0	2.484174e-01	3.774525e+01	1087	 102	 101	  97	 114	fear	fear_4.png	
CEVR	   1	 147	   9	   0	1.298987e+03	 149	   0	2.468077e-01	3.675319e+01	1053	 102	 101	  97	 114	fear	fear_14.png	
CEVR	   1	 148	   9	   0	1.306230e+03	 136	 136	2.642857e-01	3.594286e+01	1400	 102	 101	  97	 114	fear	fear_21.png	
CEVR	   1	 149	   9	   0	1.312895e+03	 137	   0	2.648262e-01	3.620552e+01	1410	 102	 101	  97	 114	fear	fear_7.png	
CEVR	   1	 150	   9	   0	1.319574e+03	 147	   0	2.575065e-01	3.777252e+01	1271	 102	 101	  97	 114	fear	fear_18.png	
CEVR	   1	 151	   9	   0	1.325720e+03	 153	   0	2.357117e-01	3.605715e+01	 806	 102	 101	  97	 114	fear	fear_3.png	
CEVR	   1	 152	   9	   0	1.332334e+03	 149	   0	2.486559e-01	  37	1092	 102	 101	  97	 114	fear	fear_19.png	
CEVR	   1	 153	   9	   0	1.338735e+03	 116	   0	3.235882e-01	3.764718e+01	2298	 102	 101	  97	 114	fear	fear_12.png	
CEVR	   1	 154	   9	   0	1.345085e+03	 143	   0	2.545705e-01	3.649086e+01	1213	 102	 101	  97	 114	fear	fear_16.png	
CEVR	   1	 155	   9	   0	1.351671e+03	  93	   0	3.772211e-01	3.511389e+01	2867	 102	 101	  97	 114	fear	fear_2.png	
CEVR	   1	 156	   9	   0	1.357262e+03	 157	 157	2.308789e-01	3.630736e+01	 691	 102	 101	  97	 114	fear	fear_15.png	
CEVR	   1	 157	   9	   0	1.363919e+03	 144	 144	2.551724e-01	3.674483e+01	1225	 102	 101	  97	 114	fear	fear_1.png	
CEVR	   1	 158	   9	   0	1.371018e+03	 143	   0	2.586379e-01	  37	1293	 102	 101	  97	 114	fear	fear_13.png	
CEVR	   1	 159	   9	   0	1.377445e+03	 152	   0	2.522400e-01	3.826120e+01	1166	 102	 101	  97	 114	fear	fear_6.png	
CEVR	   1	 160	   9	   0	1.384402e+03	 142	   0	2.539216e-01	3.598431e+01	1200	 102	 101	  97	 114	fear	fear_11.png	
CEVR	   1	 161	   9	   0	1.390053e+03	 155	   0	2.357546e-01	3.652849e+01	 807	 102	 101	  97	 114	fear	fear_17.png	
CEVR	   1	 162	   9	   0	1.396268e+03	 170	   0	2.172819e-01	  37	 340	 102	 101	  97	 114	fear	fear_9.png	
CEVR	   1	 163	   9	   0	1.402444e+03	 161	   0	2.290819e-01	3.677092e+01	 647	 102	 101	  97	 114	fear	fear_8.png	
CEVR	   1	 164	   9	   0	1.409676e+03	 145	   0	2.510176e-01	3.649796e+01	1141	 102	 101	  97	 114	fear	fear_10.png	
CEVR	   1	 165	   9	   0	1.417100e+03	  93	   0	4.080025e-01	3.781601e+01	3126	 102	 101	  97	 114	fear	fear_20.png	
CEVR	   1	 166	   9	   0	1.423391e+03	 140	   0	2.673962e-01	3.753479e+01	1457	 102	 101	  97	 114	fear	fear_14.png	
CEVR	   1	 167	   9	   0	1.429112e+03	 157	 157	2.317051e-01	3.630488e+01	 711	 102	 101	  97	 114	fear	fear_4.png	
CEVR	   1	 168	   9	   0	1.436424e+03	 159	 159	2.396817e-01	3.819841e+01	 897	 102	 101	  97	 114	fear	fear_5.png	
DEV	   1	 169	   8	   0	1.506835e+03	  69	  69	6.665102e-01	4.587006e+01	 907	 115	  99	 114	  97	 109	scram	scram_13.png	
DEV	   1	 170	   8	   0	1.512823e+03	  83	   0	4.664334e-01	3.874108e+01	2013	 115	  99	 114	  97	 109	scram	scram_11.png	
DEV	   1	 171	   8	   0	1.520798e+03	  79	   0	3.577111e-01	2.833504e+01	3019	 115	  99	 114	  97	 109	scram	scram_9.png	
DEV	   1	 172	   8	   0	1.527264e+03	  73	   0	6.854949e-01	5.024056e+01	 824	 115	  99	 114	  97	 109	scram	scram_16.png	
DEV	   1	 173	   8	   0	1.534023e+03	  74	   0	5.609170e-01	4.128677e+01	1423	 115	  99	 114	  97	 109	scram	scram_3.png	
DEV	   1	 174	   8	   0	1.540074e+03	  75	  75	6.441414e-01	4.858809e+01	1008	 115	  99	 114	  97	 109	scram	scram_10.png	
DEV	   1	 175	   8	   0	1.546213e+03	  71	  71	6.498220e-01	4.631761e+01	 982	 115	  99	 114	  97	 109	scram	scram_20.png	
DEV	   1	 176	   8	   0	1.552415e+03	  74	  74	6.660594e-01	4.917762e+01	 909	 115	  99	 114	  97	 109	scram	scram_4.png	
DEV	   1	 177	   8	   0	1.559362e+03	  75	  75	6.461016e-01	4.870182e+01	 999	 115	  99	 114	  97	 109	scram	scram_17.png	
DEV	   1	 178	   8	   0	1.565715e+03	  73	  73	6.588896e-01	4.811911e+01	 941	 115	  99	 114	  97	 109	scram	scram_8.png	
DEV	   1	 179	   8	   0	1.572933e+03	  72	  72	6.591124e-01	4.747225e+01	 940	 115	  99	 114	  97	 109	scram	scram_19.png	
DEV	   1	 180	   8	   0	1.579782e+03	  75	  75	6.456655e-01	4.867654e+01	1001	 115	  99	 114	  97	 109	scram	scram_21.png	
DEV	   1	 181	   8	   0	1.585867e+03	  78	   0	6.303903e-01	4.904351e+01	1072	 115	  99	 114	  97	 109	scram	scram_15.png	
DEV	   1	 182	   8	   0	1.591693e+03	  76	  76	6.560000e-01	4.992784e+01	 954	 115	  99	 114	  97	 109	scram	scram_1.png	
DEV	   1	 183	   8	   0	1.597688e+03	  76	  76	6.400246e-01	4.834836e+01	1027	 115	  99	 114	  97	 109	scram	scram_12.png	
DEV	   1	 184	   8	   0	1.603743e+03	  78	   0	6.469749e-01	5.069332e+01	 995	 115	  99	 114	  97	 109	scram	scram_7.png	
DEV	   1	 185	   8	   0	1.610894e+03	  77	  77	6.482873e-01	5.012487e+01	 989	 115	  99	 114	  97	 109	scram	scram_14.png	
DEV	   1	 186	   8	   0	1.616547e+03	  75	  75	6.515807e-01	4.901823e+01	 974	 115	  99	 114	  97	 109	scram	scram_2.png	
DEV	   1	 187	   8	   0	1.622390e+03	  73	  73	6.560000e-01	4.795984e+01	 954	 115	  99	 114	  97	 109	scram	scram_18.png	
DEV	   1	 188	   8	   0	1.628345e+03	  71	  71	6.467565e-01	4.615272e+01	 996	 115	  99	 114	  97	 109	scram	scram_5.png	
DEV	   1	 189	   8	   0	1.634898e+03	  73	  73	6.445765e-01	4.732420e+01	1006	 115	  99	 114	  97	 109	scram	scram_6.png	
DEV	   1	 190	   8	   0	1.640775e+03	  74	  74	6.827170e-01	5.077323e+01	 836	 115	  99	 114	  97	 109	scram	scram_8.png	
DEV	   1	 191	   8	   0	1.646733e+03	  76	   0	6.498220e-01	4.956672e+01	 982	 115	  99	 114	  97	 109	scram	scram_7.png	
DEV	   1	 192	   8	   0	1.652981e+03	  75	  75	6.551136e-01	4.922109e+01	 958	 115	  99	 114	  97	 109	scram	scram_15.png	
DEV	   1	 193	   8	   0	1.659105e+03	  70	  70	6.651588e-01	4.646700e+01	 913	 115	  99	 114	  97	 109	scram	scram_16.png	
DEV	   1	 194	   8	   0	1.665756e+03	  74	   0	6.533446e-01	4.846628e+01	 966	 115	  99	 114	  97	 109	scram	scram_2.png	
DEV	   1	 195	   8	   0	1.671985e+03	  73	   0	6.606744e-01	4.821717e+01	 933	 115	  99	 114	  97	 109	scram	scram_18.png	
DEV	   1	 196	   8	   0	1.678131e+03	  76	   0	6.553351e-01	4.988911e+01	 957	 115	  99	 114	  97	 109	scram	scram_3.png	
DEV	   1	 197	   8	   0	1.683610e+03	  72	  72	7.314264e-01	5.262201e+01	 632	 115	  99	 114	  97	 109	scram	scram_6.png	
DEV	   1	 198	   8	   0	1.689523e+03	  69	  69	7.126750e-01	4.882276e+01	 709	 115	  99	 114	  97	 109	scram	scram_20.png	
DEV	   1	 199	   8	   0	1.696550e+03	  74	  74	7.640497e-01	5.647658e+01	 502	 115	  99	 114	  97	 109	scram	scram_13.png	
DEV	   1	 200	   8	   0	1.702911e+03	  68	  68	7.390975e-01	5.004347e+01	 601	 115	  99	 114	  97	 109	scram	scram_9.png	
DEV	   1	 201	   8	   0	1.708525e+03	  68	  68	7.671202e-01	5.202386e+01	 490	 115	  99	 114	  97	 109	scram	scram_5.png	
DEV	   1	 202	   8	   0	1.715110e+03	  69	  69	7.870513e-01	5.442314e+01	 413	 115	  99	 114	  97	 109	scram	scram_11.png	
DEV	   1	 203	   8	   0	1.721236e+03	  71	   0	7.566699e-01	5.384147e+01	 531	 115	  99	 114	  97	 109	scram	scram_19.png	
DEV	   1	 204	   8	   0	1.728054e+03	  72	   0	7.304417e-01	5.257307e+01	 636	 115	  99	 114	  97	 109	scram	scram_4.png	
DEV	   1	 205	   8	   0	1.734596e+03	  71	   0	7.959752e-01	5.638521e+01	 379	 115	  99	 114	  97	 109	scram	scram_1.png	
DEV	   1	 206	   8	   0	1.740961e+03	  71	   0	6.480683e-01	4.622337e+01	 990	 115	  99	 114	  97	 109	scram	scram_14.png	
DEV	   1	 207	   8	   0	1.747716e+03	  72	   0	6.487254e-01	4.690743e+01	 987	 115	  99	 114	  97	 109	scram	scram_10.png	
DEV	   1	 208	   8	   0	1.754154e+03	  78	  78	5.739657e-01	4.492463e+01	1353	 115	  99	 114	  97	 109	scram	scram_21.png	
DEV	   1	 209	   8	   0	1.760565e+03	  75	  75	5.536404e-01	4.140816e+01	1463	 115	  99	 114	  97	 109	scram	scram_12.png	
DEV	   1	 210	   8	   0	1.767501e+03	  79	   0	5.450805e-01	4.306790e+01	1511	 115	  99	 114	  97	 109	scram	scram_17.png	
CEVR	   1	 211	   7	   0	1.841070e+03	 146	   0	2.501932e-01	3.649961e+01	1124	 104	  97	 112	 112	 121	happy	happy_21.png	
CEVR	   1	 212	   7	   0	1.846628e+03	 166	 166	2.262009e-01	3.745240e+01	 575	 104	  97	 112	 112	 121	happy	happy_16.png	
CEVR	   1	 213	   7	   0	1.853126e+03	 139	   0	2.690071e-01	3.726901e+01	1486	 104	  97	 112	 112	 121	happy	happy_9.png	
CEVR	   1	 214	   7	   0	1.858591e+03	 167	 167	2.267157e-01	3.790686e+01	 588	 104	  97	 112	 112	 121	happy	happy_10.png	
CEVR	   1	 215	   7	   0	1.865895e+03	 122	   0	3.044909e-01	3.700000e+01	2047	 104	  97	 112	 112	 121	happy	happy_8.png	
CEVR	   1	 216	   7	   0	1.872128e+03	 165	   0	2.247094e-01	3.700000e+01	 537	 104	  97	 112	 112	 121	happy	happy_7.png	
CEVR	   1	 217	   7	   0	1.879406e+03	 109	   0	3.346253e-01	3.633075e+01	2430	 104	  97	 112	 112	 121	happy	happy_13.png	
CEVR	   1	 218	   7	   0	1.885536e+03	 165	 165	2.245146e-01	  37	 532	 104	  97	 112	 112	 121	happy	happy_14.png	
CEVR	   1	 219	   7	   0	1.891693e+03	 160	   0	2.272727e-01	3.631818e+01	 602	 104	  97	 112	 112	 121	happy	happy_17.png	
CEVR	   1	 220	   7	   0	1.898740e+03	 164	 164	2.252174e-01	3.700000e+01	 550	 104	  97	 112	 112	 121	happy	happy_20.png	
CEVR	   1	 221	   7	   0	1.905373e+03	  94	   0	3.869137e-01	3.622617e+01	2953	 104	  97	 112	 112	 121	happy	happy_6.png	
CEVR	   1	 222	   7	   0	1.910895e+03	 163	   0	2.233914e-01	3.632983e+01	 503	 104	  97	 112	 112	 121	happy	happy_1.png	
CEVR	   1	 223	   7	   0	1.919133e+03	  76	   0	4.685239e-01	3.559443e+01	3536	 104	  97	 112	 112	 121	happy	happy_19.png	
CEVR	   1	 224	   7	   0	1.924414e+03	 165	   0	2.212541e-01	3.655749e+01	 447	 104	  97	 112	 112	 121	happy	happy_2.png	
CEVR	   1	 225	   7	   0	1.931081e+03	 148	   0	2.452652e-01	3.626420e+01	1020	 104	  97	 112	 112	 121	happy	happy_11.png	
CEVR	   1	 226	   7	   0	1.938223e+03	 155	   0	2.319957e-01	3.607202e+01	 718	 104	  97	 112	 112	 121	happy	happy_3.png	
CEVR	   1	 227	   7	   0	1.944969e+03	 143	   0	2.631044e-01	3.752621e+01	1378	 104	  97	 112	 112	 121	happy	happy_5.png	
CEVR	   1	 228	   7	   0	1.950724e+03	 169	   0	2.180502e-01	3.678195e+01	 361	 104	  97	 112	 112	 121	happy	happy_12.png	
CEVR	   1	 229	   7	   0	1.956721e+03	 116	   0	3.209418e-01	3.732094e+01	2265	 104	  97	 112	 112	 121	happy	happy_18.png	
CEVR	   1	 230	   7	   0	1.964436e+03	  75	   0	5.011610e-01	3.750116e+01	3716	 104	  97	 112	 112	 121	happy	happy_4.png	
CEVR	   1	 231	   7	   0	1.970724e+03	 164	   0	2.217466e-01	3.633476e+01	 460	 104	  97	 112	 112	 121	happy	happy_15.png	
CEVR	   1	 232	   7	   0	1.977529e+03	 151	 151	2.395043e-01	3.628149e+01	 893	 104	  97	 112	 112	 121	happy	happy_20.png	
CEVR	   1	 233	   7	   0	1.984123e+03	 157	   0	2.366594e-01	3.723666e+01	 828	 104	  97	 112	 112	 121	happy	happy_15.png	
CEVR	   1	 234	   7	   0	1.990340e+03	 154	   0	2.395930e-01	  37	 895	 104	  97	 112	 112	 121	happy	happy_2.png	
CEVR	   1	 235	   7	   0	1.996436e+03	 171	   0	2.198269e-01	3.765948e+01	 409	 104	  97	 112	 112	 121	happy	happy_8.png	
CEVR	   1	 236	   7	   0	2.003198e+03	 153	   0	2.443396e-01	3.748868e+01	1000	 104	  97	 112	 112	 121	happy	happy_18.png	
CEVR	   1	 237	   7	   0	2.009997e+03	 158	   0	2.388858e-01	3.771666e+01	 879	 104	  97	 112	 112	 121	happy	happy_21.png	
CEVR	   1	 238	   7	   0	2.016144e+03	 140	   0	2.611414e-01	3.647772e+01	1341	 104	  97	 112	 112	 121	happy	happy_12.png	
CEVR	   1	 239	   7	   0	2.023461e+03	 110	   0	3.389165e-01	3.733892e+01	2479	 104	  97	 112	 112	 121	happy	happy_4.png	
CEVR	   1	 240	   7	   0	2.030810e+03	 101	 101	3.827963e-01	3.853119e+01	2917	 104	  97	 112	 112	 121	happy	happy_13.png	
CEVR	   1	 241	   7	   0	2.038384e+03	  93	  93	3.893566e-01	3.622129e+01	2974	 104	  97	 112	 112	 121	happy	happy_19.png	
CEVR	   1	 242	   7	   0	2.045612e+03	 107	   0	3.597222e-01	3.843889e+01	2700	 104	  97	 112	 112	 121	happy	happy_11.png	
CEVR	   1	 243	   7	   0	2.052501e+03	  94	   0	3.939763e-01	  37	3013	 104	  97	 112	 112	 121	happy	happy_16.png	
CEVR	   1	 244	   7	   0	2.059477e+03	 100	   0	3.710602e-01	3.700000e+01	2810	 104	  97	 112	 112	 121	happy	happy_6.png	
CEVR	   1	 245	   7	   0	2.065876e+03	 156	   0	2.374404e-01	  37	 846	 104	  97	 112	 112	 121	happy	happy_17.png	
CEVR	   1	 246	   7	   0	2.071423e+03	 170	   0	2.175374e-01	  37	 347	 104	  97	 112	 112	 121	happy	happy_14.png	
CEVR	   1	 247	   7	   0	2.078627e+03	 137	 137	2.652058e-01	3.620438e+01	1417	 104	  97	 112	 112	 121	happy	happy_7.png	
CEVR	   1	 248	   7	   0	2.085209e+03	 135	 135	2.662965e-01	3.593481e+01	1437	 104	  97	 112	 112	 121	happy	happy_9.png	
CEVR	   1	 249	   7	   0	2.091211e+03	 137	   0	2.683382e-01	3.673166e+01	1474	 104	  97	 112	 112	 121	happy	happy_1.png	
CEVR	   1	 250	   7	   0	2.098346e+03	 147	   0	2.497589e-01	3.675024e+01	1115	 104	  97	 112	 112	 121	happy	happy_10.png	
CEVR	   1	 251	   7	   0	2.104719e+03	 159	   0	2.342196e-01	3.723422e+01	 771	 104	  97	 112	 112	 121	happy	happy_3.png	
CEVR	   1	 252	   7	   0	2.111657e+03	 140	   0	2.718875e-01	3.808755e+01	1537	 104	  97	 112	 112	 121	happy	happy_5.png	
#27-Jun-2013
IEV	   2	 253	   6	   0	3.481105e+01	  27	  27	8.583000e-01	2.333234e+01	1138	 115	  99	 114	  97	 109	scram	scram_3.png	
IEV	   2	 254	   6	   0	4.159660e+01	  47	  47	7.219250e-01	3.387354e+01	2247	 115	  99	 114	  97	 109	scram	scram_17.png	
IEV	   2	 255	   6	   0	4.801050e+01	  78	  78	5.623902e-01	4.369075e+01	3105	 115	  99	 114	  97	 109	scram	scram_18.png	
IEV	   2	 256	   6	   0	5.568181e+01	 120	 120	4.199290e-01	5.057564e+01	3792	 115	  99	 114	  97	 109	scram	scram_2.png	
IEV	   2	 257	   6	   0	6.400246e+01	 129	   0	4.103581e-01	5.301648e+01	3838	 115	  99	 114	  97	 109	scram	scram_13.png	
IEV	   2	 258	   6	   0	7.085753e+01	 111	 111	4.625217e-01	5.150974e+01	3588	 115	  99	 114	  97	 109	scram	scram_9.png	
IEV	   2	 259	   6	   0	7.885434e+01	 103	 103	4.869509e-01	5.003151e+01	3471	 115	  99	 114	  97	 109	scram	scram_8.png	
IEV	   2	 260	   6	   0	8.679237e+01	 107	   0	4.738036e-01	5.058565e+01	3534	 115	  99	 114	  97	 109	scram	scram_7.png	
IEV	   2	 261	   6	   0	9.475485e+01	  94	  94	5.017340e-01	4.738038e+01	3400	 115	  99	 114	  97	 109	scram	scram_4.png	
IEV	   2	 262	   6	   0	1.018952e+02	  38	   0	7.982250e-01	3.052967e+01	1723	 115	  99	 114	  97	 109	scram	scram_14.png	
IEV	   2	 263	   6	   0	1.091664e+02	 107	   0	4.564608e-01	4.900759e+01	3617	 115	  99	 114	  97	 109	scram	scram_12.png	
IEV	   2	 264	   6	   0	1.170292e+02	  94	   0	5.044355e-01	4.724941e+01	3387	 115	  99	 114	  97	 109	scram	scram_1.png	
IEV	   2	 265	   6	   0	1.233111e+02	  21	  21	8.951413e-01	1.861453e+01	 405	 115	  99	 114	  97	 109	scram	scram_10.png	
IEV	   2	 266	   6	   0	1.299182e+02	  66	   0	6.442889e-01	4.258374e+01	2687	 115	  99	 114	  97	 109	scram	scram_16.png	
IEV	   2	 267	   6	   0	1.363131e+02	  34	   0	8.055359e-01	2.743103e+01	1664	 115	  99	 114	  97	 109	scram	scram_20.png	
IEV	   2	 268	   6	   0	1.424854e+02	  27	  27	8.517337e-01	2.328469e+01	1218	 115	  99	 114	  97	 109	scram	scram_11.png	
IEV	   2	 269	   6	   0	1.480733e+02	  24	  24	8.502708e-01	2.005947e+01	1235	 115	  99	 114	  97	 109	scram	scram_21.png	
IEV	   2	 270	   6	   0	1.554695e+02	  40	   0	7.795236e-01	3.141563e+01	1865	 115	  99	 114	  97	 109	scram	scram_6.png	
IEV	   2	 271	   6	   0	1.628603e+02	  64	  64	6.515793e-01	4.149186e+01	2648	 115	  99	 114	  97	 109	scram	scram_5.png	
IEV	   2	 272	   6	   0	1.707199e+02	  84	  84	5.448767e-01	4.574177e+01	3191	 115	  99	 114	  97	 109	scram	scram_19.png	
IEV	   2	 273	   6	   0	1.790202e+02	  83	  83	5.323588e-01	4.425378e+01	3252	 115	  99	 114	  97	 109	scram	scram_15.png	
IEV	   2	 274	   6	   0	1.872741e+02	  95	  95	5.094180e-01	4.853412e+01	3363	 115	  99	 114	  97	 109	scram	scram_12.png	
IEV	   2	 275	   6	   0	1.948341e+02	  92	  92	5.042278e-01	4.625105e+01	3388	 115	  99	 114	  97	 109	scram	scram_14.png	
IEV	   2	 276	   6	   0	2.024493e+02	  95	  95	4.877849e-01	4.658127e+01	3467	 115	  99	 114	  97	 109	scram	scram_18.png	
IEV	   2	 277	   6	   0	2.112085e+02	 111	   0	4.625217e-01	5.150974e+01	3588	 115	  99	 114	  97	 109	scram	scram_6.png	
IEV	   2	 278	   6	   0	2.184657e+02	  97	   0	5.092105e-01	4.956211e+01	3364	 115	  99	 114	  97	 109	scram	scram_4.png	
IEV	   2	 279	   6	   0	2.258433e+02	 126	   0	4.134769e-01	5.207933e+01	3823	 115	  99	 114	  97	 109	scram	scram_7.png	
IEV	   2	 280	   6	   0	2.328229e+02	  34	   0	8.321023e-01	2.802133e+01	1427	 115	  99	 114	  97	 109	scram	scram_5.png	
IEV	   2	 281	   6	   0	2.380973e+02	  12	  12	8.999659e-01	1.052341e+01	  18	 115	  99	 114	  97	 109	scram	scram_8.png	
IEV	   2	 282	   6	   0	2.446833e+02	  25	   0	8.655617e-01	2.153142e+01	1041	 115	  99	 114	  97	 109	scram	scram_17.png	
IEV	   2	 283	   6	   0	2.511834e+02	  55	  55	6.844349e-01	3.732688e+01	2467	 115	  99	 114	  97	 109	scram	scram_15.png	
IEV	   2	 284	   6	   0	2.590418e+02	  77	  77	5.869080e-01	4.522148e+01	2983	 115	  99	 114	  97	 109	scram	scram_13.png	
IEV	   2	 285	   6	   0	2.666364e+02	  87	   0	5.315355e-01	4.642481e+01	3256	 115	  99	 114	  97	 109	scram	scram_3.png	
IEV	   2	 286	   6	   0	2.727052e+02	  19	  19	8.951651e-01	1.681946e+01	 404	 115	  99	 114	  97	 109	scram	scram_9.png	
IEV	   2	 287	   6	   0	2.786825e+02	  23	  23	8.792374e-01	2.046123e+01	 821	 115	  99	 114	  97	 109	scram	scram_10.png	
IEV	   2	 288	   6	   0	2.848756e+02	  24	  24	8.490483e-01	2.021009e+01	1249	 115	  99	 114	  97	 109	scram	scram_11.png	
IEV	   2	 289	   6	   0	2.918589e+02	  49	  49	6.907630e-01	3.411931e+01	2431	 115	  99	 114	  97	 109	scram	scram_16.png	
IEV	   2	 290	   6	   0	2.983961e+02	  58	   0	6.771411e-01	3.918572e+01	2508	 115	  99	 114	  97	 109	scram	scram_21.png	
IEV	   2	 291	   6	   0	3.050993e+02	  34	   0	8.275135e-01	2.849886e+01	1471	 115	  99	 114	  97	 109	scram	scram_19.png	
IEV	   2	 292	   6	   0	3.124486e+02	  68	  68	6.296952e-01	4.281387e+01	2764	 115	  99	 114	  97	 109	scram	scram_20.png	
IEV	   2	 293	   6	   0	3.198776e+02	  75	  75	5.989982e-01	4.516288e+01	2922	 115	  99	 114	  97	 109	scram	scram_2.png	
IEV	   2	 294	   6	   0	3.273220e+02	  68	  68	5.928692e-01	4.015647e+01	2953	 115	  99	 114	  97	 109	scram	scram_1.png	
CEV	   2	 295	   5	   0	4.135193e+02	  54	  54	7.345714e-01	3.993829e+01	1158	 104	  97	 112	 112	 121	happy	happy_14.png	
CEV	   2	 296	   5	   0	4.193454e+02	  62	  62	6.265714e-01	3.887971e+01	1914	 104	  97	 112	 112	 121	happy	happy_20.png	
CEV	   2	 297	   5	   0	4.260238e+02	  80	   0	4.688571e-01	3.746886e+01	3018	 104	  97	 112	 112	 121	happy	happy_1.png	
CEV	   2	 298	   5	   0	4.322788e+02	  52	  52	6.467143e-01	3.376643e+01	1773	 104	  97	 112	 112	 121	happy	happy_10.png	
CEV	   2	 299	   5	   0	4.397151e+02	  56	  56	6.522857e-01	3.634771e+01	1734	 104	  97	 112	 112	 121	happy	happy_8.png	
CEV	   2	 300	   5	   0	4.466995e+02	  67	  67	5.528571e-01	3.700000e+01	2430	 104	  97	 112	 112	 121	happy	happy_21.png	
CEV	   2	 301	   5	   0	4.540629e+02	  66	  66	5.302857e-01	3.487886e+01	2588	 104	  97	 112	 112	 121	happy	happy_16.png	
CEV	   2	 302	   5	   0	4.608900e+02	  68	  68	5.142857e-01	3.494286e+01	2700	 104	  97	 112	 112	 121	happy	happy_6.png	
CEV	   2	 303	   5	   0	4.687026e+02	  81	   0	4.305714e-01	3.484714e+01	3286	 104	  97	 112	 112	 121	happy	happy_19.png	
CEV	   2	 304	   5	   0	4.768327e+02	  75	   0	4.830000e-01	3.603400e+01	2919	 104	  97	 112	 112	 121	happy	happy_4.png	
CEV	   2	 305	   5	   0	4.844009e+02	  65	  65	5.864286e-01	3.817286e+01	2195	 104	  97	 112	 112	 121	happy	happy_11.png	
CEV	   2	 306	   5	   0	4.905122e+02	  46	  46	8.025714e-01	  37	 682	 104	  97	 112	 112	 121	happy	happy_12.png	
CEV	   2	 307	   5	   0	4.963608e+02	  46	  46	7.348571e-01	3.406057e+01	1156	 104	  97	 112	 112	 121	happy	happy_13.png	
CEV	   2	 308	   5	   0	5.030608e+02	  58	   0	6.915714e-01	3.976629e+01	1459	 104	  97	 112	 112	 121	happy	happy_2.png	
CEV	   2	 309	   5	   0	5.096093e+02	  60	  60	5.922857e-01	3.581543e+01	2154	 104	  97	 112	 112	 121	happy	happy_5.png	
CEV	   2	 310	   5	   0	5.173376e+02	  69	   0	5.407143e-01	3.754071e+01	2515	 104	  97	 112	 112	 121	happy	happy_3.png	
CEV	   2	 311	   5	   0	5.239892e+02	  62	  62	5.915714e-01	3.640843e+01	2159	 104	  97	 112	 112	 121	happy	happy_17.png	
CEV	   2	 312	   5	   0	5.312840e+02	  65	  65	6.075714e-01	3.943029e+01	2047	 104	  97	 112	 112	 121	happy	happy_15.png	
CEV	   2	 313	   5	   0	5.373440e+02	  59	  59	5.891429e-01	3.464343e+01	2176	 104	  97	 112	 112	 121	happy	happy_18.png	
CEV	   2	 314	   5	   0	5.439180e+02	  60	   0	5.862857e-01	3.524114e+01	2196	 104	  97	 112	 112	 121	happy	happy_7.png	
CEV	   2	 315	   5	   0	5.502956e+02	  61	  61	6.125714e-01	3.761257e+01	2012	 104	  97	 112	 112	 121	happy	happy_9.png	
CEV	   2	 316	   5	   0	5.574574e+02	  64	   0	6.172857e-01	3.946914e+01	1979	 104	  97	 112	 112	 121	happy	happy_21.png	
CEV	   2	 317	   5	   0	5.641255e+02	  62	  62	6.198571e-01	3.823971e+01	1961	 104	  97	 112	 112	 121	happy	happy_10.png	
CEV	   2	 318	   5	   0	5.709707e+02	  63	   0	6.221429e-01	3.948857e+01	1945	 104	  97	 112	 112	 121	happy	happy_16.png	
CEV	   2	 319	   5	   0	5.778387e+02	  62	   0	6.444286e-01	4.022214e+01	1789	 104	  97	 112	 112	 121	happy	happy_14.png	
CEV	   2	 320	   5	   0	5.837373e+02	  49	  49	8.071429e-01	3.942143e+01	 650	 104	  97	 112	 112	 121	happy	happy_1.png	
CEV	   2	 321	   5	   0	5.903811e+02	  47	  47	7.371429e-01	3.478857e+01	1140	 104	  97	 112	 112	 121	happy	happy_5.png	
CEV	   2	 322	   5	   0	5.979251e+02	  46	  46	7.370000e-01	3.405200e+01	1141	 104	  97	 112	 112	 121	happy	happy_4.png	
CEV	   2	 323	   5	   0	6.037992e+02	  48	  48	8.428571e-01	4.037143e+01	 400	 104	  97	 112	 112	 121	happy	happy_2.png	
CEV	   2	 324	   5	   0	6.106687e+02	  47	  47	7.610000e-01	3.547800e+01	 973	 104	  97	 112	 112	 121	happy	happy_6.png	
CEV	   2	 325	   5	   0	6.172756e+02	  49	  49	7.477143e-01	  37	1066	 104	  97	 112	 112	 121	happy	happy_17.png	
CEV	   2	 326	   5	   0	6.229402e+02	  46	   0	7.312857e-01	3.334357e+01	1181	 104	  97	 112	 112	 121	happy	happy_9.png	
CEV	   2	 327	   5	   0	6.294889e+02	  49	   0	7.644286e-01	3.776443e+01	 949	 104	  97	 112	 112	 121	happy	happy_20.png	
CEV	   2	 328	   5	   0	6.371292e+02	  60	  60	5.954286e-01	3.580914e+01	2132	 104	  97	 112	 112	 121	happy	happy_3.png	
CEV	   2	 329	   5	   0	6.440620e+02	  68	  68	5.118571e-01	3.495257e+01	2717	 104	  97	 112	 112	 121	happy	happy_7.png	
CEV	   2	 330	   5	   0	6.509856e+02	  88	  88	4.288571e-01	3.785771e+01	3298	 104	  97	 112	 112	 121	happy	happy_12.png	
CEV	   2	 331	   5	   0	6.595374e+02	  92	  92	4.212857e-01	3.868514e+01	3351	 104	  97	 112	 112	 121	happy	happy_11.png	
CEV	   2	 332	   5	   0	6.665521e+02	  97	   0	4.038571e-01	3.901929e+01	3473	 104	  97	 112	 112	 121	happy	happy_8.png	
CEV	   2	 333	   5	   0	6.744286e+02	  85	   0	4.447143e-01	3.788943e+01	3187	 104	  97	 112	 112	 121	happy	happy_13.png	
CEV	   2	 334	   5	   0	6.817788e+02	  58	  58	6.215714e-01	3.575686e+01	1949	 104	  97	 112	 112	 121	happy	happy_18.png	
CEV	   2	 335	   5	   0	6.885102e+02	  65	   0	5.697143e-01	  37	2312	 104	  97	 112	 112	 121	happy	happy_15.png	
CEV	   2	 336	   5	   0	6.956879e+02	  73	  73	5.280000e-01	3.858400e+01	2604	 104	  97	 112	 112	 121	happy	happy_19.png	
CEVR	   2	 337	   4	   0	7.673778e+02	 154	   0	2.349846e-01	3.629505e+01	 789	 115	  99	 114	  97	 109	scram	scram_12.png	
CEVR	   2	 338	   4	   0	7.736834e+02	 141	   0	2.560301e-01	3.597588e+01	1242	 115	  99	 114	  97	 109	scram	scram_20.png	
CEVR	   2	 339	   4	   0	7.815823e+02	 120	 120	3.042763e-01	3.639145e+01	2044	 115	  99	 114	  97	 109	scram	scram_6.png	
CEVR	   2	 340	   4	   0	7.883119e+02	 111	   0	3.242364e-01	3.602729e+01	2306	 115	  99	 114	  97	 109	scram	scram_17.png	
CEVR	   2	 341	   4	   0	7.953045e+02	 124	   0	3.033497e-01	3.760670e+01	2031	 115	  99	 114	  97	 109	scram	scram_19.png	
CEVR	   2	 342	   4	   0	8.017165e+02	 132	 132	2.891916e-01	3.815677e+01	1822	 115	  99	 114	  97	 109	scram	scram_14.png	
CEVR	   2	 343	   4	   0	8.089225e+02	 129	   0	2.904890e-01	3.758098e+01	1842	 115	  99	 114	  97	 109	scram	scram_3.png	
CEVR	   2	 344	   4	   0	8.155055e+02	 118	 118	3.167808e-01	3.731678e+01	2212	 115	  99	 114	  97	 109	scram	scram_13.png	
CEVR	   2	 345	   4	   0	8.219396e+02	 132	   0	2.823196e-01	3.728232e+01	1713	 115	  99	 114	  97	 109	scram	scram_7.png	
CEVR	   2	 346	   4	   0	8.284160e+02	 120	 120	2.988002e-01	3.580480e+01	1966	 115	  99	 114	  97	 109	scram	scram_2.png	
CEVR	   2	 347	   4	   0	8.353414e+02	 125	 125	3.067993e-01	3.822720e+01	2079	 115	  99	 114	  97	 109	scram	scram_11.png	
CEVR	   2	 348	   4	   0	8.426355e+02	 119	 119	3.032077e-01	3.609038e+01	2029	 115	  99	 114	  97	 109	scram	scram_18.png	
CEVR	   2	 349	   4	   0	8.490781e+02	 124	 124	2.958647e-01	3.670414e+01	1923	 115	  99	 114	  97	 109	scram	scram_21.png	
CEVR	   2	 350	   4	   0	8.560415e+02	 128	 128	2.985935e-01	3.819437e+01	1963	 115	  99	 114	  97	 109	scram	scram_10.png	
CEVR	   2	 351	   4	   0	8.622942e+02	 120	   0	2.975643e-01	3.580974e+01	1948	 115	  99	 114	  97	 109	scram	scram_9.png	
CEVR	   2	 352	   4	   0	8.684222e+02	 126	 126	2.942513e-01	  37	1899	 115	  99	 114	  97	 109	scram	scram_5.png	
CEVR	   2	 353	   4	   0	8.750140e+02	 133	   0	2.893855e-01	3.844693e+01	1825	 115	  99	 114	  97	 109	scram	scram_1.png	
CEVR	   2	 354	   4	   0	8.822554e+02	 123	 123	2.960000e-01	3.640800e+01	1925	 115	  99	 114	  97	 109	scram	scram_4.png	
CEVR	   2	 355	   4	   0	8.887547e+02	 125	 125	2.903587e-01	3.641928e+01	1840	 115	  99	 114	  97	 109	scram	scram_8.png	
CEVR	   2	 356	   4	   0	8.961898e+02	 126	   0	2.929202e-01	  37	1879	 115	  99	 114	  97	 109	scram	scram_15.png	
CEVR	   2	 357	   4	   0	9.031119e+02	 150	 150	2.482270e-01	3.724823e+01	1083	 115	  99	 114	  97	 109	scram	scram_16.png	
CEVR	   2	 358	   4	   0	9.100336e+02	 145	   0	2.482745e-01	3.600690e+01	1084	 115	  99	 114	  97	 109	scram	scram_6.png	
CEVR	   2	 359	   4	   0	9.169317e+02	 160	   0	2.369625e-01	3.794785e+01	 835	 115	  99	 114	  97	 109	scram	scram_7.png	
CEVR	   2	 360	   4	   0	9.228241e+02	 147	   0	2.454511e-01	3.601820e+01	1024	 115	  99	 114	  97	 109	scram	scram_1.png	
CEVR	   2	 361	   4	   0	9.301278e+02	 121	 121	3.014432e-01	3.639711e+01	2004	 115	  99	 114	  97	 109	scram	scram_16.png	
CEVR	   2	 362	   4	   0	9.375925e+02	  99	  99	3.830228e-01	3.776605e+01	2919	 115	  99	 114	  97	 109	scram	scram_15.png	
CEVR	   2	 363	   4	   0	9.450324e+02	  63	   0	5.402587e-01	3.429871e+01	3903	 115	  99	 114	  97	 109	scram	scram_10.png	
CEVR	   2	 364	   4	   0	9.514427e+02	 151	   0	2.470431e-01	3.724704e+01	1058	 115	  99	 114	  97	 109	scram	scram_18.png	
CEVR	   2	 365	   4	   0	9.584796e+02	 116	   0	3.245614e-01	3.764912e+01	2310	 115	  99	 114	  97	 109	scram	scram_8.png	
CEVR	   2	 366	   4	   0	9.651568e+02	 126	 126	3.004640e-01	3.790139e+01	1990	 115	  99	 114	  97	 109	scram	scram_13.png	
CEVR	   2	 367	   4	   0	9.725336e+02	 125	   0	3.004640e-01	3.760093e+01	1990	 115	  99	 114	  97	 109	scram	scram_20.png	
CEVR	   2	 368	   4	   0	9.805713e+02	  96	  96	3.820059e-01	3.661799e+01	2910	 115	  99	 114	  97	 109	scram	scram_12.png	
CEVR	   2	 369	   4	   0	9.881474e+02	  98	  98	3.910024e-01	3.817301e+01	2988	 115	  99	 114	  97	 109	scram	scram_17.png	
CEVR	   2	 370	   4	   0	9.953550e+02	  95	   0	3.946967e-01	3.739470e+01	3019	 115	  99	 114	  97	 109	scram	scram_14.png	
CEVR	   2	 371	   4	   0	1.001812e+03	 120	 120	2.976327e-01	3.580947e+01	1949	 115	  99	 114	  97	 109	scram	scram_3.png	
CEVR	   2	 372	   4	   0	1.008513e+03	 123	   0	2.998379e-01	  37	1981	 115	  99	 114	  97	 109	scram	scram_21.png	
CEVR	   2	 373	   4	   0	1.015624e+03	 126	   0	3.044194e-01	3.821768e+01	2046	 115	  99	 114	  97	 109	scram	scram_5.png	
CEVR	   2	 374	   4	   0	1.022183e+03	  99	  99	3.830228e-01	3.776605e+01	2919	 115	  99	 114	  97	 109	scram	scram_19.png	
CEVR	   2	 375	   4	   0	1.029644e+03	  86	  86	4.095509e-01	3.536180e+01	3138	 115	  99	 114	  97	 109	scram	scram_9.png	
CEVR	   2	 376	   4	   0	1.037491e+03	  94	   0	4.049406e-01	3.821482e+01	3102	 115	  99	 114	  97	 109	scram	scram_4.png	
CEVR	   2	 377	   4	   0	1.044104e+03	 123	 123	3.053525e-01	3.761071e+01	2059	 115	  99	 114	  97	 109	scram	scram_2.png	
CEVR	   2	 378	   4	   0	1.050802e+03	 124	 124	3.032077e-01	3.760642e+01	2029	 115	  99	 114	  97	 109	scram	scram_11.png	
IEV	   2	 379	   3	   0	1.128648e+03	  23	  23	8.496615e-01	1.928501e+01	1242	 102	 101	  97	 114	fear	fear_17.png	
IEV	   2	 380	   3	   0	1.135483e+03	  41	  41	7.500287e-01	3.087664e+01	2069	 102	 101	  97	 114	fear	fear_9.png	
IEV	   2	 381	   3	   0	1.143383e+03	  78	   0	5.773121e-01	4.515385e+01	3031	 102	 101	  97	 114	fear	fear_11.png	
IEV	   2	 382	   3	   0	1.148896e+03	  22	  22	8.869951e-01	1.921660e+01	 657	 102	 101	  97	 114	fear	fear_12.png	
IEV	   2	 383	   3	   0	1.155337e+03	  33	   0	8.229864e-01	2.731384e+01	1513	 102	 101	  97	 114	fear	fear_8.png	
IEV	   2	 384	   3	   0	1.162321e+03	  27	  27	8.711078e-01	2.338566e+01	 959	 102	 101	  97	 114	fear	fear_10.png	
IEV	   2	 385	   3	   0	1.168918e+03	  23	  23	8.668254e-01	1.962806e+01	1023	 102	 101	  97	 114	fear	fear_14.png	
IEV	   2	 386	   3	   0	1.175970e+03	  46	  46	7.452875e-01	3.425310e+01	2100	 102	 101	  97	 114	fear	fear_4.png	
IEV	   2	 387	   3	   0	1.182551e+03	  62	  62	6.619217e-01	4.084417e+01	2592	 102	 101	  97	 114	fear	fear_21.png	
IEV	   2	 388	   3	   0	1.189265e+03	  14	  14	8.999539e-01	1.231983e+01	  23	 102	 101	  97	 114	fear	fear_2.png	
IEV	   2	 389	   3	   0	1.196680e+03	  72	  72	6.113511e-01	4.387379e+01	2859	 102	 101	  97	 114	fear	fear_18.png	
IEV	   2	 390	   3	   0	1.204361e+03	  73	  73	5.855129e-01	4.295419e+01	2990	 102	 101	  97	 114	fear	fear_6.png	
IEV	   2	 391	   3	   0	1.211150e+03	 121	   0	4.170141e-01	5.027806e+01	3806	 102	 101	  97	 114	fear	fear_7.png	
IEV	   2	 392	   3	   0	1.218612e+03	  64	  64	6.321770e-01	4.077062e+01	2751	 102	 101	  97	 114	fear	fear_5.png	
IEV	   2	 393	   3	   0	1.226751e+03	  74	  74	6.025420e-01	4.436781e+01	2904	 102	 101	  97	 114	fear	fear_15.png	
IEV	   2	 394	   3	   0	1.234190e+03	  69	  69	6.025420e-01	4.135510e+01	2904	 102	 101	  97	 114	fear	fear_13.png	
IEV	   2	 395	   3	   0	1.240992e+03	  76	  76	5.773121e-01	4.399922e+01	3031	 102	 101	  97	 114	fear	fear_20.png	
IEV	   2	 396	   3	   0	1.248640e+03	  78	  78	5.658312e-01	4.406371e+01	3088	 102	 101	  97	 114	fear	fear_1.png	
IEV	   2	 397	   3	   0	1.255870e+03	  75	   0	5.664376e-01	4.233087e+01	3085	 102	 101	  97	 114	fear	fear_19.png	
IEV	   2	 398	   3	   0	1.263757e+03	  82	   0	5.432392e-01	4.474017e+01	3199	 102	 101	  97	 114	fear	fear_3.png	
IEV	   2	 399	   3	   0	1.271495e+03	  93	  93	5.286518e-01	4.921319e+01	3270	 102	 101	  97	 114	fear	fear_16.png	
IEV	   2	 400	   3	   0	1.278840e+03	  82	   0	5.603627e-01	4.604523e+01	3115	 102	 101	  97	 114	fear	fear_10.png	
IEV	   2	 401	   3	   0	1.286840e+03	  41	  41	7.567921e-01	3.106078e+01	2024	 102	 101	  97	 114	fear	fear_15.png	
IEV	   2	 402	   3	   0	1.293352e+03	  30	   0	8.077117e-01	2.398696e+01	1646	 102	 101	  97	 114	fear	fear_7.png	
IEV	   2	 403	   3	   0	1.299316e+03	  20	  20	8.714925e-01	1.723227e+01	 953	 102	 101	  97	 114	fear	fear_6.png	
IEV	   2	 404	   3	   0	1.305849e+03	  34	  34	8.256983e-01	2.785916e+01	1488	 102	 101	  97	 114	fear	fear_21.png	
IEV	   2	 405	   3	   0	1.311971e+03	  37	  37	8.054142e-01	2.985914e+01	1665	 102	 101	  97	 114	fear	fear_20.png	
IEV	   2	 406	   3	   0	1.318413e+03	  33	  33	8.001096e-01	2.635510e+01	1708	 102	 101	  97	 114	fear	fear_3.png	
IEV	   2	 407	   3	   0	1.326246e+03	  81	  81	5.658312e-01	4.576120e+01	3088	 102	 101	  97	 114	fear	fear_1.png	
IEV	   2	 408	   3	   0	1.334035e+03	  84	   0	5.432392e-01	4.582665e+01	3199	 102	 101	  97	 114	fear	fear_18.png	
IEV	   2	 409	   3	   0	1.340466e+03	  66	  66	6.066620e-01	3.989131e+01	2883	 102	 101	  97	 114	fear	fear_9.png	
IEV	   2	 410	   3	   0	1.347866e+03	  77	   0	5.892959e-01	4.509297e+01	2971	 102	 101	  97	 114	fear	fear_2.png	
IEV	   2	 411	   3	   0	1.355130e+03	  47	  47	7.052410e-01	3.301980e+01	2347	 102	 101	  97	 114	fear	fear_16.png	
IEV	   2	 412	   3	   0	1.361917e+03	  48	  48	6.971907e-01	3.363547e+01	2394	 102	 101	  97	 114	fear	fear_14.png	
IEV	   2	 413	   3	   0	1.369429e+03	  53	  53	6.884862e-01	3.635454e+01	2444	 102	 101	  97	 114	fear	fear_11.png	
IEV	   2	 414	   3	   0	1.374978e+03	  21	  21	8.920916e-01	1.830945e+01	 516	 102	 101	  97	 114	fear	fear_8.png	
IEV	   2	 415	   3	   0	1.381898e+03	  44	  44	7.197912e-01	3.187838e+01	2260	 102	 101	  97	 114	fear	fear_19.png	
IEV	   2	 416	   3	   0	1.388684e+03	  42	  42	7.308327e-01	3.098613e+01	2192	 102	 101	  97	 114	fear	fear_13.png	
IEV	   2	 417	   3	   0	1.395298e+03	  44	  44	7.219250e-01	3.170776e+01	2247	 102	 101	  97	 114	fear	fear_5.png	
IEV	   2	 418	   3	   0	1.402520e+03	  50	  50	6.909378e-01	3.479718e+01	2430	 102	 101	  97	 114	fear	fear_17.png	
IEV	   2	 419	   3	   0	1.409819e+03	  51	  51	6.938998e-01	3.527183e+01	2413	 102	 101	  97	 114	fear	fear_12.png	
IEV	   2	 420	   3	   0	1.417265e+03	  53	  53	6.767830e-01	3.582565e+01	2510	 102	 101	  97	 114	fear	fear_4.png	
DEV	   2	 421	   2	   0	1.487095e+03	  81	   0	5.422688e-01	4.396938e+01	1527	 104	  97	 112	 112	 121	happy	happy_6.png	
DEV	   2	 422	   2	   0	1.494148e+03	  72	  72	7.589540e-01	5.470726e+01	 522	 104	  97	 112	 112	 121	happy	happy_14.png	
DEV	   2	 423	   2	   0	1.500027e+03	  68	  68	7.463357e-01	5.111165e+01	 572	 104	  97	 112	 112	 121	happy	happy_4.png	
DEV	   2	 424	   2	   0	1.506258e+03	  76	  76	7.199289e-01	5.492420e+01	 679	 104	  97	 112	 112	 121	happy	happy_9.png	
DEV	   2	 425	   2	   0	1.512118e+03	  74	  74	7.064424e-01	5.205717e+01	 735	 104	  97	 112	 112	 121	happy	happy_21.png	
DEV	   2	 426	   2	   0	1.518643e+03	  69	  69	7.233368e-01	5.004702e+01	 665	 104	  97	 112	 112	 121	happy	happy_8.png	
DEV	   2	 427	   2	   0	1.525609e+03	  76	  76	7.531280e-01	5.744025e+01	 545	 104	  97	 112	 112	 121	happy	happy_1.png	
DEV	   2	 428	   2	   0	1.532037e+03	  70	  70	7.218745e-01	5.069938e+01	 671	 104	  97	 112	 112	 121	happy	happy_12.png	
DEV	   2	 429	   2	   0	1.538862e+03	  75	   0	4.593643e-01	3.456623e+01	2065	 104	  97	 112	 112	 121	happy	happy_15.png	
DEV	   2	 430	   2	   0	1.545433e+03	  70	   0	7.506064e-01	5.280434e+01	 555	 104	  97	 112	 112	 121	happy	happy_5.png	
DEV	   2	 431	   2	   0	1.552123e+03	  75	   0	5.664602e-01	4.274709e+01	1393	 104	  97	 112	 112	 121	happy	happy_13.png	
DEV	   2	 432	   2	   0	1.558898e+03	  76	  76	4.735534e-01	3.592771e+01	1962	 104	  97	 112	 112	 121	happy	happy_16.png	
DEV	   2	 433	   2	   0	1.566219e+03	  76	   0	4.616545e-01	3.517174e+01	2048	 104	  97	 112	 112	 121	happy	happy_11.png	
DEV	   2	 434	   2	   0	1.572493e+03	  83	  83	4.784047e-01	3.958311e+01	1928	 104	  97	 112	 112	 121	happy	happy_19.png	
DEV	   2	 435	   2	   0	1.579051e+03	  81	  81	4.782609e-01	3.861650e+01	1929	 104	  97	 112	 112	 121	happy	happy_20.png	
DEV	   2	 436	   2	   0	1.586228e+03	  79	   0	4.731294e-01	3.732026e+01	1965	 104	  97	 112	 112	 121	happy	happy_10.png	
DEV	   2	 437	   2	   0	1.593539e+03	  79	  79	4.937756e-01	3.917418e+01	1824	 104	  97	 112	 112	 121	happy	happy_18.png	
DEV	   2	 438	   2	   0	1.600326e+03	  77	  77	4.701795e-01	3.618412e+01	1986	 104	  97	 112	 112	 121	happy	happy_3.png	
DEV	   2	 439	   2	   0	1.607485e+03	  78	  78	4.805720e-01	3.733205e+01	1913	 104	  97	 112	 112	 121	happy	happy_7.png	
DEV	   2	 440	   2	   0	1.613886e+03	  80	   0	4.665712e-01	3.735109e+01	2012	 104	  97	 112	 112	 121	happy	happy_17.png	
DEV	   2	 441	   2	   0	1.619792e+03	  71	  71	7.341405e-01	5.202226e+01	 621	 104	  97	 112	 112	 121	happy	happy_2.png	
DEV	   2	 442	   2	   0	1.625880e+03	  69	  69	6.955402e-01	4.799556e+01	 781	 104	  97	 112	 112	 121	happy	happy_18.png	
DEV	   2	 443	   2	   0	1.633102e+03	  70	  70	7.262693e-01	5.091206e+01	 653	 104	  97	 112	 112	 121	happy	happy_19.png	
DEV	   2	 444	   2	   0	1.639049e+03	  74	   0	7.138793e-01	5.316317e+01	 704	 104	  97	 112	 112	 121	happy	happy_3.png	
DEV	   2	 445	   2	   0	1.644445e+03	  76	  76	7.393461e-01	5.596938e+01	 600	 104	  97	 112	 112	 121	happy	happy_20.png	
DEV	   2	 446	   2	   0	1.650310e+03	  68	   0	7.551503e-01	5.150461e+01	 537	 104	  97	 112	 112	 121	happy	happy_15.png	
DEV	   2	 447	   2	   0	1.657692e+03	  81	   0	5.020791e-01	4.072853e+01	1770	 104	  97	 112	 112	 121	happy	happy_12.png	
DEV	   2	 448	   2	   0	1.665648e+03	  83	  83	4.050107e-01	3.352329e+01	2520	 104	  97	 112	 112	 121	happy	happy_6.png	
DEV	   2	 449	   2	   0	1.671962e+03	  82	   0	4.145546e-01	3.419838e+01	2432	 104	  97	 112	 112	 121	happy	happy_16.png	
DEV	   2	 450	   2	   0	1.678152e+03	  72	  72	6.067198e-01	4.393994e+01	1186	 104	  97	 112	 112	 121	happy	happy_14.png	
DEV	   2	 451	   2	   0	1.685481e+03	  84	  84	3.934503e-01	3.309440e+01	2632	 104	  97	 112	 112	 121	happy	happy_10.png	
DEV	   2	 452	   2	   0	1.691956e+03	  78	   0	4.014341e-01	3.126225e+01	2554	 104	  97	 112	 112	 121	happy	happy_7.png	
DEV	   2	 453	   2	   0	1.699377e+03	  80	  80	5.942924e-01	4.739220e+01	1248	 104	  97	 112	 112	 121	happy	happy_4.png	
DEV	   2	 454	   2	   0	1.705767e+03	  83	  83	4.016429e-01	3.328425e+01	2552	 104	  97	 112	 112	 121	happy	happy_21.png	
DEV	   2	 455	   2	   0	1.712558e+03	  86	   0	3.981222e-01	3.422826e+01	2586	 104	  97	 112	 112	 121	happy	happy_8.png	
DEV	   2	 456	   2	   0	1.718041e+03	  76	  76	6.533446e-01	4.977297e+01	 966	 104	  97	 112	 112	 121	happy	happy_17.png	
DEV	   2	 457	   2	   0	1.724276e+03	  78	   0	6.301781e-01	4.903055e+01	1073	 104	  97	 112	 112	 121	happy	happy_13.png	
DEV	   2	 458	   2	   0	1.731608e+03	  77	   0	4.105991e-01	3.145540e+01	2468	 104	  97	 112	 112	 121	happy	happy_11.png	
DEV	   2	 459	   2	   0	1.739025e+03	  81	   0	3.398597e-01	2.745273e+01	3235	 104	  97	 112	 112	 121	happy	happy_1.png	
DEV	   2	 460	   2	   0	1.745072e+03	  70	  70	7.653279e-01	5.347785e+01	 497	 104	  97	 112	 112	 121	happy	happy_9.png	
DEV	   2	 461	   2	   0	1.751729e+03	  72	  72	6.246884e-01	4.494625e+01	1099	 104	  97	 112	 112	 121	happy	happy_5.png	
DEV	   2	 462	   2	   0	1.758197e+03	  70	   0	6.165571e-01	4.326032e+01	1138	 104	  97	 112	 112	 121	happy	happy_2.png	
CEV	   2	 463	   1	   0	1.828227e+03	  52	   0	7.345714e-01	3.846914e+01	1158	 102	 101	  97	 114	fear	fear_5.png	
CEV	   2	 464	   1	   0	1.835949e+03	  57	   0	6.127143e-01	3.516186e+01	2011	 102	 101	  97	 114	fear	fear_11.png	
CEV	   2	 465	   1	   0	1.843085e+03	  49	  49	8.041429e-01	3.941243e+01	 671	 102	 101	  97	 114	fear	fear_8.png	
CEV	   2	 466	   1	   0	1.849845e+03	  53	  53	6.828571e-01	3.631714e+01	1520	 102	 101	  97	 114	fear	fear_21.png	
CEV	   2	 467	   1	   0	1.856972e+03	  83	  83	4.637143e-01	3.839114e+01	3054	 102	 101	  97	 114	fear	fear_4.png	
CEV	   2	 468	   1	   0	1.864072e+03	  66	   0	5.285714e-01	3.488571e+01	2600	 102	 101	  97	 114	fear	fear_9.png	
CEV	   2	 469	   1	   0	1.871896e+03	  82	   0	4.645714e-01	3.792914e+01	3048	 102	 101	  97	 114	fear	fear_17.png	
CEV	   2	 470	   1	   0	1.878366e+03	  55	  55	6.801429e-01	3.768014e+01	1539	 102	 101	  97	 114	fear	fear_16.png	
CEV	   2	 471	   1	   0	1.885315e+03	  71	   0	5.150000e-01	3.648500e+01	2695	 102	 101	  97	 114	fear	fear_2.png	
CEV	   2	 472	   1	   0	1.891331e+03	  42	  42	8.385714e-01	3.532286e+01	 430	 102	 101	  97	 114	fear	fear_10.png	
CEV	   2	 473	   1	   0	1.898135e+03	  56	   0	6.994286e-01	3.909829e+01	1404	 102	 101	  97	 114	fear	fear_19.png	
CEV	   2	 474	   1	   0	1.905094e+03	  87	   0	4.267143e-01	  37	3313	 102	 101	  97	 114	fear	fear_6.png	
CEV	   2	 475	   1	   0	1.911997e+03	  58	  58	7.040000e-01	4.052000e+01	1372	 102	 101	  97	 114	fear	fear_13.png	
CEV	   2	 476	   1	   0	1.918820e+03	  49	   0	6.938571e-01	3.422457e+01	1443	 102	 101	  97	 114	fear	fear_7.png	
CEV	   2	 477	   1	   0	1.924524e+03	  54	  54	7.041429e-01	3.770414e+01	1371	 102	 101	  97	 114	fear	fear_1.png	
CEV	   2	 478	   1	   0	1.931078e+03	  59	  59	6.874286e-01	4.043714e+01	1488	 102	 101	  97	 114	fear	fear_14.png	
CEV	   2	 479	   1	   0	1.938285e+03	  57	  57	6.708571e-01	3.834171e+01	1604	 102	 101	  97	 114	fear	fear_20.png	
CEV	   2	 480	   1	   0	1.944557e+03	  55	  55	6.560000e-01	3.634400e+01	1708	 102	 101	  97	 114	fear	fear_18.png	
CEV	   2	 481	   1	   0	1.951387e+03	  51	  51	6.640000e-01	3.368000e+01	1652	 102	 101	  97	 114	fear	fear_15.png	
CEV	   2	 482	   1	   0	1.957937e+03	  53	   0	6.575714e-01	3.502729e+01	1697	 102	 101	  97	 114	fear	fear_12.png	
CEV	   2	 483	   1	   0	1.965233e+03	  48	   0	7.592857e-01	3.624071e+01	 985	 102	 101	  97	 114	fear	fear_3.png	
CEV	   2	 484	   1	   0	1.973164e+03	  82	   0	4.637143e-01	3.792743e+01	3054	 102	 101	  97	 114	fear	fear_2.png	
CEV	   2	 485	   1	   0	1.980685e+03	  68	   0	5.235714e-01	3.542929e+01	2635	 102	 101	  97	 114	fear	fear_3.png	
CEV	   2	 486	   1	   0	1.987506e+03	  45	   0	7.822857e-01	3.543543e+01	 824	 102	 101	  97	 114	fear	fear_19.png	
CEV	   2	 487	   1	   0	1.994063e+03	  53	  53	6.587143e-01	3.502386e+01	1689	 102	 101	  97	 114	fear	fear_20.png	
CEV	   2	 488	   1	   0	2.000453e+03	  53	  53	6.467143e-01	3.441314e+01	1773	 102	 101	  97	 114	fear	fear_13.png	
CEV	   2	 489	   1	   0	2.006860e+03	  55	  55	6.430000e-01	3.507100e+01	1799	 102	 101	  97	 114	fear	fear_18.png	
CEV	   2	 490	   1	   0	2.012870e+03	  60	  60	6.412857e-01	3.828257e+01	1811	 102	 101	  97	 114	fear	fear_16.png	
CEV	   2	 491	   1	   0	2.019922e+03	  61	  61	6.292857e-01	3.825857e+01	1895	 102	 101	  97	 114	fear	fear_7.png	
CEV	   2	 492	   1	   0	2.027186e+03	  60	  60	6.261429e-01	3.762614e+01	1917	 102	 101	  97	 114	fear	fear_5.png	
CEV	   2	 493	   1	   0	2.033687e+03	  64	   0	6.154286e-01	3.946171e+01	1992	 102	 101	  97	 114	fear	fear_14.png	
CEV	   2	 494	   1	   0	2.040163e+03	  58	   0	6.555714e-01	3.831114e+01	1711	 102	 101	  97	 114	fear	fear_15.png	
CEV	   2	 495	   1	   0	2.046161e+03	  46	  46	7.878571e-01	3.621214e+01	 785	 102	 101	  97	 114	fear	fear_17.png	
CEV	   2	 496	   1	   0	2.052687e+03	  50	  50	7.512857e-01	3.775129e+01	1041	 102	 101	  97	 114	fear	fear_12.png	
CEV	   2	 497	   1	   0	2.058826e+03	  48	  48	7.474286e-01	3.550514e+01	1068	 102	 101	  97	 114	fear	fear_11.png	
CEV	   2	 498	   1	   0	2.064446e+03	  49	  49	7.574286e-01	  37	 998	 102	 101	  97	 114	fear	fear_9.png	
CEV	   2	 499	   1	   0	2.070973e+03	  52	   0	7.512857e-01	3.925386e+01	1041	 102	 101	  97	 114	fear	fear_6.png	
CEV	   2	 500	   1	   0	2.077631e+03	  43	  43	7.707143e-01	3.314643e+01	 905	 102	 101	  97	 114	fear	fear_1.png	
CEV	   2	 501	   1	   0	2.084129e+03	  44	   0	7.662857e-01	3.393486e+01	 936	 102	 101	  97	 114	fear	fear_21.png	
CEV	   2	 502	   1	   0	2.090204e+03	  50	  50	8.281429e-01	4.114071e+01	 503	 102	 101	  97	 114	fear	fear_8.png	
CEV	   2	 503	   1	   0	2.096611e+03	  49	  49	8.144286e-01	4.025771e+01	 599	 102	 101	  97	 114	fear	fear_4.png	
CEV	   2	 504	   1	   0	2.102674e+03	  47	  47	8.290000e-01	3.865800e+01	 497	 102	 101	  97	 114	fear	fear_10.png	
