#Subj:	11193
#Run:	1
#Age:	28
#Gender:	female
#09-Jul-2013
Func	Run	Trial	Block	Null	trialStartTime	Mag	ScoreInc	Freq	EV	RT	Emotion	Image
CEV	   1	   1	  12	   0	1.183661e+02	  51	   0	7.530000e-01	3.850600e+01	1029	 115	  99	 114	  97	 109	scram	scram_16.png	
CEV	   1	   2	  12	   0	1.254736e+02	  67	  67	5.702857e-01	3.814057e+01	2308	 115	  99	 114	  97	 109	scram	scram_8.png	
CEV	   1	   3	  12	   0	1.335621e+02	 102	 102	3.717143e-01	3.774343e+01	3698	 115	  99	 114	  97	 109	scram	scram_15.png	
CEV	   1	   4	  12	   0	1.405818e+02	 106	 106	3.557143e-01	3.771143e+01	3810	 115	  99	 114	  97	 109	scram	scram_12.png	
CEV	   1	   5	  12	   0	1.490062e+02	 102	 102	3.544286e-01	3.629114e+01	3819	 115	  99	 114	  97	 109	scram	scram_3.png	
CEV	   1	   6	  12	   0	1.568827e+02	 104	   0	3.437143e-01	3.562514e+01	3894	 115	  99	 114	  97	 109	scram	scram_2.png	
CEV	   1	   7	  12	   0	1.630111e+02	  48	  48	8.105714e-01	3.862114e+01	 626	 115	  99	 114	  97	 109	scram	scram_5.png	
CEV	   1	   8	  12	   0	1.695886e+02	  57	  57	7.108571e-01	4.055429e+01	1324	 115	  99	 114	  97	 109	scram	scram_18.png	
CEV	   1	   9	  12	   0	1.768811e+02	  93	  93	3.955714e-01	3.660443e+01	3531	 115	  99	 114	  97	 109	scram	scram_7.png	
CEV	   1	  10	  12	   0	1.847486e+02	 103	   0	3.718571e-01	3.811557e+01	3697	 115	  99	 114	  97	 109	scram	scram_21.png	
CEV	   1	  11	  12	   0	1.929859e+02	  82	   0	4.370000e-01	3.568900e+01	3241	 115	  99	 114	  97	 109	scram	scram_6.png	
CEV	   1	  12	  12	   0	1.989096e+02	  43	  43	8.408571e-01	3.615914e+01	 414	 115	  99	 114	  97	 109	scram	scram_19.png	
CEV	   1	  13	  12	   0	2.058351e+02	  62	   0	6.151429e-01	3.823029e+01	1994	 115	  99	 114	  97	 109	scram	scram_9.png	
CEV	   1	  14	  12	   0	2.136328e+02	 100	   0	3.628571e-01	3.627429e+01	3760	 115	  99	 114	  97	 109	scram	scram_20.png	
CEV	   1	  15	  12	   0	2.192550e+02	  46	  46	8.421429e-01	3.868429e+01	 405	 115	  99	 114	  97	 109	scram	scram_17.png	
CEV	   1	  16	  12	   0	2.256481e+02	  43	  43	7.927143e-01	3.382914e+01	 751	 115	  99	 114	  97	 109	scram	scram_11.png	
CEV	   1	  17	  12	   0	2.309799e+02	  54	  54	7.530000e-01	4.076500e+01	1029	 115	  99	 114	  97	 109	scram	scram_14.png	
CEV	   1	  18	  12	   0	2.368978e+02	  59	  59	6.427143e-01	3.764271e+01	1801	 115	  99	 114	  97	 109	scram	scram_10.png	
CEV	   1	  19	  12	   0	2.440689e+02	  65	  65	5.991429e-01	3.879743e+01	2106	 115	  99	 114	  97	 109	scram	scram_13.png	
CEV	   1	  20	  12	   0	2.520350e+02	  68	   0	5.434286e-01	  37	2496	 115	  99	 114	  97	 109	scram	scram_1.png	
CEV	   1	  21	  12	   0	2.590149e+02	  66	   0	5.968571e-01	3.938743e+01	2122	 115	  99	 114	  97	 109	scram	scram_4.png	
CEV	   1	  22	  12	   0	2.657568e+02	  58	  58	6.362857e-01	  37	1846	 115	  99	 114	  97	 109	scram	scram_12.png	
CEV	   1	  23	  12	   0	2.723647e+02	  53	  53	6.460000e-01	3.441600e+01	1778	 115	  99	 114	  97	 109	scram	scram_3.png	
CEV	   1	  24	  12	   0	2.801623e+02	  62	  62	6.282857e-01	3.888486e+01	1902	 115	  99	 114	  97	 109	scram	scram_2.png	
CEV	   1	  25	  12	   0	2.873518e+02	  62	  62	6.227143e-01	3.886814e+01	1941	 115	  99	 114	  97	 109	scram	scram_11.png	
CEV	   1	  26	  12	   0	2.936530e+02	  70	  70	5.630000e-01	3.925200e+01	2359	 115	  99	 114	  97	 109	scram	scram_9.png	
CEV	   1	  27	  12	   0	3.009918e+02	  94	  94	3.801429e-01	3.585957e+01	3639	 115	  99	 114	  97	 109	scram	scram_5.png	
CEV	   1	  28	  12	   0	3.090593e+02	 100	   0	3.720000e-01	3.737200e+01	3696	 115	  99	 114	  97	 109	scram	scram_21.png	
CEV	   1	  29	  12	   0	3.162712e+02	  82	   0	4.450000e-01	3.655500e+01	3185	 115	  99	 114	  97	 109	scram	scram_20.png	
CEV	   1	  30	  12	   0	3.235650e+02	  60	  60	6.218571e-01	3.762186e+01	1947	 115	  99	 114	  97	 109	scram	scram_19.png	
CEV	   1	  31	  12	   0	3.307399e+02	  63	  63	6.274286e-01	3.950971e+01	1908	 115	  99	 114	  97	 109	scram	scram_10.png	
CEV	   1	  32	  12	   0	3.371825e+02	  67	   0	5.792857e-01	3.873786e+01	2245	 115	  99	 114	  97	 109	scram	scram_8.png	
CEV	   1	  33	  12	   0	3.430184e+02	  57	  57	6.384286e-01	3.636157e+01	1831	 115	  99	 114	  97	 109	scram	scram_6.png	
CEV	   1	  34	  12	   0	3.492803e+02	  55	  55	6.311429e-01	3.447543e+01	1882	 115	  99	 114	  97	 109	scram	scram_14.png	
CEV	   1	  35	  12	   0	3.558144e+02	  58	   0	6.391429e-01	  37	1826	 115	  99	 114	  97	 109	scram	scram_15.png	
CEV	   1	  36	  12	   0	3.614627e+02	  48	  48	8.351429e-01	4.034057e+01	 454	 115	  99	 114	  97	 109	scram	scram_7.png	
CEV	   1	  37	  12	   0	3.676416e+02	  44	  44	8.584286e-01	3.785843e+01	 291	 115	  99	 114	  97	 109	scram	scram_4.png	
CEV	   1	  38	  12	   0	3.740703e+02	  41	  41	8.122857e-01	3.293857e+01	 614	 115	  99	 114	  97	 109	scram	scram_18.png	
CEV	   1	  39	  12	   0	3.792782e+02	  44	   0	7.897143e-01	3.463086e+01	 772	 115	  99	 114	  97	 109	scram	scram_16.png	
CEV	   1	  40	  12	   0	3.860599e+02	  41	  41	8.574286e-01	3.528514e+01	 298	 115	  99	 114	  97	 109	scram	scram_13.png	
CEV	   1	  41	  12	   0	3.927531e+02	  49	  49	7.084286e-01	3.487471e+01	1341	 115	  99	 114	  97	 109	scram	scram_1.png	
CEV	   1	  42	  12	   0	3.994378e+02	  57	   0	6.250000e-01	3.575000e+01	1925	 115	  99	 114	  97	 109	scram	scram_17.png	
DEV	   1	  43	  11	   0	4.718776e+02	  81	   0	4.734120e-01	3.828582e+01	1963	 102	 101	  97	 114	fear	fear_7.png	
DEV	   1	  44	  11	   0	4.776816e+02	  70	  70	8.033792e-01	5.589509e+01	 351	 102	 101	  97	 114	fear	fear_13.png	
DEV	   1	  45	  11	   0	4.839319e+02	  68	   0	7.763898e-01	5.241399e+01	 454	 102	 101	  97	 114	fear	fear_18.png	
DEV	   1	  46	  11	   0	4.892734e+02	  67	   0	7.807971e-01	5.259565e+01	 437	 102	 101	  97	 114	fear	fear_16.png	
DEV	   1	  47	  11	   0	4.957194e+02	  78	   0	5.220026e-01	4.050984e+01	1646	 102	 101	  97	 114	fear	fear_11.png	
DEV	   1	  48	  11	   0	5.033973e+02	  80	   0	3.030465e-01	2.421767e+01	3709	 102	 101	  97	 114	fear	fear_6.png	
DEV	   1	  49	  11	   0	5.088134e+02	  66	   0	7.943950e-01	5.234535e+01	 385	 102	 101	  97	 114	fear	fear_17.png	
DEV	   1	  50	  11	   0	5.154504e+02	  74	   0	4.647852e-01	3.444162e+01	2025	 102	 101	  97	 114	fear	fear_9.png	
DEV	   1	  51	  11	   0	5.208409e+02	  74	   0	7.632836e-01	5.643898e+01	 505	 102	 101	  97	 114	fear	fear_10.png	
DEV	   1	  52	  11	   0	5.272314e+02	  71	  71	6.175927e-01	4.393375e+01	1133	 102	 101	  97	 114	fear	fear_21.png	
DEV	   1	  53	  11	   0	5.343613e+02	  74	   0	6.016708e-01	4.425519e+01	1211	 102	 101	  97	 114	fear	fear_12.png	
DEV	   1	  54	  11	   0	5.409252e+02	  74	   0	6.289063e-01	4.643723e+01	1079	 102	 101	  97	 114	fear	fear_15.png	
DEV	   1	  55	  11	   0	5.487719e+02	  79	  79	3.556689e-01	2.819616e+01	3043	 102	 101	  97	 114	fear	fear_2.png	
DEV	   1	  56	  11	   0	5.547352e+02	  68	  68	7.206580e-01	4.919886e+01	 676	 102	 101	  97	 114	fear	fear_8.png	
DEV	   1	  57	  11	   0	5.609442e+02	  78	  78	6.529032e-01	5.105298e+01	 968	 102	 101	  97	 114	fear	fear_1.png	
DEV	   1	  58	  11	   0	5.676403e+02	  74	  74	6.586668e-01	4.876552e+01	 942	 102	 101	  97	 114	fear	fear_4.png	
DEV	   1	  59	  11	   0	5.748999e+02	  86	   0	3.535589e-01	3.052734e+01	3068	 102	 101	  97	 114	fear	fear_20.png	
DEV	   1	  60	  11	   0	5.815789e+02	  73	  73	6.669614e-01	4.856065e+01	 905	 102	 101	  97	 114	fear	fear_3.png	
DEV	   1	  61	  11	   0	5.874941e+02	  74	  74	6.085499e-01	4.526048e+01	1177	 102	 101	  97	 114	fear	fear_14.png	
DEV	   1	  62	  11	   0	5.937542e+02	  73	  73	5.903509e-01	4.300572e+01	1268	 102	 101	  97	 114	fear	fear_19.png	
DEV	   1	  63	  11	   0	6.008952e+02	  74	  74	5.598172e-01	4.122162e+01	1429	 102	 101	  97	 114	fear	fear_5.png	
DEV	   1	  64	  11	   0	6.072613e+02	  76	  76	5.507663e-01	4.178456e+01	1479	 102	 101	  97	 114	fear	fear_3.png	
DEV	   1	  65	  11	   0	6.139409e+02	  81	   0	5.463172e-01	4.424093e+01	1504	 102	 101	  97	 114	fear	fear_1.png	
DEV	   1	  66	  11	   0	6.212167e+02	  75	  75	6.265825e-01	4.693085e+01	1090	 102	 101	  97	 114	fear	fear_19.png	
DEV	   1	  67	  11	   0	6.281667e+02	  73	   0	6.361512e-01	4.621327e+01	1045	 102	 101	  97	 114	fear	fear_7.png	
DEV	   1	  68	  11	   0	6.350946e+02	  73	  73	6.456655e-01	4.738520e+01	1001	 102	 101	  97	 114	fear	fear_9.png	
DEV	   1	  69	  11	   0	6.415636e+02	  78	  78	6.282716e-01	4.891403e+01	1082	 102	 101	  97	 114	fear	fear_16.png	
DEV	   1	  70	  11	   0	6.486921e+02	  71	  71	6.458835e-01	4.610564e+01	1000	 102	 101	  97	 114	fear	fear_4.png	
DEV	   1	  71	  11	   0	6.540659e+02	  71	  71	6.261610e-01	4.440163e+01	1092	 102	 101	  97	 114	fear	fear_10.png	
DEV	   1	  72	  11	   0	6.596608e+02	  79	   0	6.175927e-01	4.887449e+01	1133	 102	 101	  97	 114	fear	fear_21.png	
DEV	   1	  73	  11	   0	6.657663e+02	  75	  75	6.560000e-01	4.927184e+01	 954	 102	 101	  97	 114	fear	fear_17.png	
DEV	   1	  74	  11	   0	6.717371e+02	  72	  72	6.278488e-01	4.512107e+01	1084	 102	 101	  97	 114	fear	fear_5.png	
DEV	   1	  75	  11	   0	6.785676e+02	  77	  77	6.452296e-01	4.994172e+01	1003	 102	 101	  97	 114	fear	fear_6.png	
DEV	   1	  76	  11	   0	6.860519e+02	  70	  70	6.223825e-01	4.357351e+01	1110	 102	 101	  97	 114	fear	fear_12.png	
DEV	   1	  77	  11	   0	6.914635e+02	  72	  72	7.480918e-01	5.418300e+01	 565	 102	 101	  97	 114	fear	fear_20.png	
DEV	   1	  78	  11	   0	6.976707e+02	  74	  74	7.016826e-01	5.180355e+01	 755	 102	 101	  97	 114	fear	fear_8.png	
DEV	   1	  79	  11	   0	7.044594e+02	  74	  74	6.642594e-01	4.907766e+01	 917	 102	 101	  97	 114	fear	fear_11.png	
DEV	   1	  80	  11	   0	7.098047e+02	  74	  74	7.319192e-01	5.411031e+01	 630	 102	 101	  97	 114	fear	fear_18.png	
DEV	   1	  81	  11	   0	7.161207e+02	  75	  75	6.976606e-01	5.228532e+01	 772	 102	 101	  97	 114	fear	fear_2.png	
DEV	   1	  82	  11	   0	7.224537e+02	  72	  72	6.899160e-01	4.978812e+01	 805	 102	 101	  97	 114	fear	fear_13.png	
DEV	   1	  83	  11	   0	7.281642e+02	  76	  76	7.004974e-01	5.314108e+01	 760	 102	 101	  97	 114	fear	fear_14.png	
DEV	   1	  84	  11	   0	7.345130e+02	  76	   0	7.301956e-01	5.548161e+01	 637	 102	 101	  97	 114	fear	fear_15.png	
IEV	   1	  85	  10	   0	8.046024e+02	  23	  23	8.701336e-01	2.003832e+01	 974	 104	  97	 112	 112	 121	happy	happy_19.png	
IEV	   1	  86	  10	   0	8.112492e+02	  37	  37	7.841416e-01	2.865716e+01	1831	 104	  97	 112	 112	 121	happy	happy_18.png	
IEV	   1	  87	  10	   0	8.178963e+02	  68	  68	6.166007e-01	4.172502e+01	2832	 104	  97	 112	 112	 121	happy	happy_12.png	
IEV	   1	  88	  10	   0	8.265518e+02	 115	   0	4.499820e-01	5.154525e+01	3648	 104	  97	 112	 112	 121	happy	happy_14.png	
IEV	   1	  89	  10	   0	8.336523e+02	  73	  73	5.962342e-01	4.352329e+01	2936	 104	  97	 112	 112	 121	happy	happy_17.png	
IEV	   1	  90	  10	   0	8.404724e+02	  77	  77	5.881025e-01	4.515728e+01	2977	 104	  97	 112	 112	 121	happy	happy_5.png	
IEV	   1	  91	  10	   0	8.477691e+02	  79	   0	5.629980e-01	4.421978e+01	3102	 104	  97	 112	 112	 121	happy	happy_8.png	
IEV	   1	  92	  10	   0	8.551823e+02	  77	  77	5.910838e-01	4.558740e+01	2962	 104	  97	 112	 112	 121	happy	happy_13.png	
IEV	   1	  93	  10	   0	8.628908e+02	  74	  74	5.928692e-01	4.371368e+01	2953	 104	  97	 112	 112	 121	happy	happy_6.png	
IEV	   1	  94	  10	   0	8.704299e+02	  72	  72	5.809186e-01	4.205535e+01	3013	 104	  97	 112	 112	 121	happy	happy_15.png	
IEV	   1	  95	  10	   0	8.778698e+02	  75	  75	5.807185e-01	4.380930e+01	3014	 104	  97	 112	 112	 121	happy	happy_2.png	
IEV	   1	  96	  10	   0	8.853026e+02	  78	  78	5.837171e-01	4.539215e+01	2999	 104	  97	 112	 112	 121	happy	happy_7.png	
IEV	   1	  97	  10	   0	8.924828e+02	  67	  67	6.045059e-01	4.063147e+01	2894	 104	  97	 112	 112	 121	happy	happy_4.png	
IEV	   1	  98	  10	   0	9.002040e+02	  71	  71	5.883015e-01	4.161676e+01	2976	 104	  97	 112	 112	 121	happy	happy_10.png	
IEV	   1	  99	  10	   0	9.077699e+02	  76	   0	5.704745e-01	4.323547e+01	3065	 104	  97	 112	 112	 121	happy	happy_21.png	
IEV	   1	 100	  10	   0	9.154665e+02	  71	  71	5.980118e-01	4.222614e+01	2927	 104	  97	 112	 112	 121	happy	happy_20.png	
IEV	   1	 101	  10	   0	9.232880e+02	  78	   0	5.883015e-01	4.573487e+01	2976	 104	  97	 112	 112	 121	happy	happy_9.png	
IEV	   1	 102	  10	   0	9.311811e+02	  70	  70	5.995896e-01	4.213291e+01	2919	 104	  97	 112	 112	 121	happy	happy_16.png	
IEV	   1	 103	  10	   0	9.382674e+02	  69	  69	6.031315e-01	4.131939e+01	2901	 104	  97	 112	 112	 121	happy	happy_3.png	
IEV	   1	 104	  10	   0	9.450715e+02	  73	  73	5.958388e-01	4.354573e+01	2938	 104	  97	 112	 112	 121	happy	happy_11.png	
IEV	   1	 105	  10	   0	9.528445e+02	  71	   0	6.078363e-01	4.285637e+01	2877	 104	  97	 112	 112	 121	happy	happy_1.png	
IEV	   1	 106	  10	   0	9.588875e+02	  16	  16	8.885847e-01	1.449986e+01	 617	 104	  97	 112	 112	 121	happy	happy_21.png	
IEV	   1	 107	  10	   0	9.658903e+02	  30	  30	8.204466e-01	2.429155e+01	1536	 104	  97	 112	 112	 121	happy	happy_10.png	
IEV	   1	 108	  10	   0	9.730995e+02	  72	  72	5.938599e-01	4.247005e+01	2948	 104	  97	 112	 112	 121	happy	happy_8.png	
IEV	   1	 109	  10	   0	9.793473e+02	  63	  63	6.179571e-01	3.917131e+01	2825	 104	  97	 112	 112	 121	happy	happy_1.png	
IEV	   1	 110	  10	   0	9.868159e+02	  72	  72	6.097904e-01	4.396201e+01	2867	 104	  97	 112	 112	 121	happy	happy_9.png	
IEV	   1	 111	  10	   0	9.935888e+02	  73	   0	6.082274e-01	4.465829e+01	2875	 104	  97	 112	 112	 121	happy	happy_11.png	
IEV	   1	 112	  10	   0	1.001076e+03	  63	  63	6.414664e-01	4.018638e+01	2702	 104	  97	 112	 112	 121	happy	happy_19.png	
IEV	   1	 113	  10	   0	1.008176e+03	  61	  61	6.367400e-01	3.857486e+01	2727	 104	  97	 112	 112	 121	happy	happy_2.png	
IEV	   1	 114	  10	   0	1.015673e+03	  76	  76	5.993925e-01	4.574093e+01	2920	 104	  97	 112	 112	 121	happy	happy_5.png	
IEV	   1	 115	  10	   0	1.022268e+03	  71	  71	5.995896e-01	4.273250e+01	2919	 104	  97	 112	 112	 121	happy	happy_6.png	
IEV	   1	 116	  10	   0	1.029245e+03	  70	   0	6.070536e-01	4.229483e+01	2881	 104	  97	 112	 112	 121	happy	happy_20.png	
IEV	   1	 117	  10	   0	1.035844e+03	  65	  65	6.373086e-01	4.172392e+01	2724	 104	  97	 112	 112	 121	happy	happy_13.png	
IEV	   1	 118	  10	   0	1.042865e+03	  64	   0	6.302685e-01	4.025897e+01	2761	 104	  97	 112	 112	 121	happy	happy_18.png	
IEV	   1	 119	  10	   0	1.050262e+03	  66	   0	5.991954e-01	3.975945e+01	2921	 104	  97	 112	 112	 121	happy	happy_7.png	
IEV	   1	 120	  10	   0	1.057113e+03	  41	   0	7.846792e-01	3.253128e+01	1827	 104	  97	 112	 112	 121	happy	happy_17.png	
IEV	   1	 121	  10	   0	1.063454e+03	  17	  17	8.800316e-01	1.505959e+01	 806	 104	  97	 112	 112	 121	happy	happy_4.png	
IEV	   1	 122	  10	   0	1.069570e+03	  23	  23	8.567075e-01	2.010389e+01	1158	 104	  97	 112	 112	 121	happy	happy_14.png	
IEV	   1	 123	  10	   0	1.075949e+03	  27	  27	8.263417e-01	2.200839e+01	1482	 104	  97	 112	 112	 121	happy	happy_3.png	
IEV	   1	 124	  10	   0	1.083050e+03	  36	  36	7.711631e-01	2.750865e+01	1925	 104	  97	 112	 112	 121	happy	happy_15.png	
IEV	   1	 125	  10	   0	1.089897e+03	  67	   0	6.193117e-01	4.156114e+01	2818	 104	  97	 112	 112	 121	happy	happy_12.png	
IEV	   1	 126	  10	   0	1.097684e+03	  51	   0	7.136601e-01	3.664593e+01	2297	 104	  97	 112	 112	 121	happy	happy_16.png	
CEVR	   1	 127	   9	   0	1.167536e+03	 155	   0	2.446628e-01	3.797865e+01	1007	 102	 101	  97	 114	fear	fear_10.png	
CEVR	   1	 128	   9	   0	1.174272e+03	  96	  96	3.917120e-01	3.778342e+01	2994	 102	 101	  97	 114	fear	fear_16.png	
CEVR	   1	 129	   9	   0	1.181301e+03	  90	   0	3.901778e-01	3.504911e+01	2981	 102	 101	  97	 114	fear	fear_2.png	
CEVR	   1	 130	   9	   0	1.188564e+03	  82	   0	4.535902e-01	3.700000e+01	3445	 102	 101	  97	 114	fear	fear_15.png	
CEVR	   1	 131	   9	   0	1.195248e+03	 107	   0	3.588252e-01	3.843530e+01	2691	 102	 101	  97	 114	fear	fear_21.png	
CEVR	   1	 132	   9	   0	1.201747e+03	 166	   0	2.240097e-01	3.722401e+01	 519	 102	 101	  97	 114	fear	fear_5.png	
CEVR	   1	 133	   9	   0	1.208207e+03	 142	   0	2.665157e-01	3.779955e+01	1441	 102	 101	  97	 114	fear	fear_11.png	
CEVR	   1	 134	   9	   0	1.216156e+03	  91	  91	3.944563e-01	3.581663e+01	3017	 102	 101	  97	 114	fear	fear_8.png	
CEVR	   1	 135	   9	   0	1.223810e+03	  97	  97	3.957824e-01	3.858313e+01	3028	 102	 101	  97	 114	fear	fear_6.png	
CEVR	   1	 136	   9	   0	1.231285e+03	  92	  92	4.008047e-01	3.700000e+01	3069	 102	 101	  97	 114	fear	fear_18.png	
CEVR	   1	 137	   9	   0	1.238980e+03	  97	   0	4.010530e-01	3.900526e+01	3071	 102	 101	  97	 114	fear	fear_13.png	
CEVR	   1	 138	   9	   0	1.245622e+03	  94	   0	3.926622e-01	3.700000e+01	3002	 102	 101	  97	 114	fear	fear_1.png	
CEVR	   1	 139	   9	   0	1.253389e+03	  89	   0	3.987069e-01	3.540517e+01	3052	 102	 101	  97	 114	fear	fear_3.png	
CEVR	   1	 140	   9	   0	1.259581e+03	 144	 144	2.490385e-01	3.575481e+01	1100	 102	 101	  97	 114	fear	fear_20.png	
CEVR	   1	 141	   9	   0	1.265210e+03	 152	 152	2.431925e-01	  37	 975	 102	 101	  97	 114	fear	fear_17.png	
CEVR	   1	 142	   9	   0	1.271817e+03	 174	   0	2.169543e-01	3.765086e+01	 331	 102	 101	  97	 114	fear	fear_19.png	
CEVR	   1	 143	   9	   0	1.277787e+03	 158	 158	2.365297e-01	3.747306e+01	 825	 102	 101	  97	 114	fear	fear_12.png	
CEVR	   1	 144	   9	   0	1.284358e+03	 163	   0	2.294879e-01	3.745898e+01	 657	 102	 101	  97	 114	fear	fear_7.png	
CEVR	   1	 145	   9	   0	1.290062e+03	 159	   0	2.409302e-01	3.820465e+01	 925	 102	 101	  97	 114	fear	fear_9.png	
CEVR	   1	 146	   9	   0	1.297342e+03	  95	   0	4.011772e-01	3.820353e+01	3072	 102	 101	  97	 114	fear	fear_4.png	
CEVR	   1	 147	   9	   0	1.303797e+03	 121	   0	3.029949e-01	3.669701e+01	2026	 102	 101	  97	 114	fear	fear_14.png	
CEVR	   1	 148	   9	   0	1.310885e+03	 145	 145	2.486082e-01	3.600557e+01	1091	 102	 101	  97	 114	fear	fear_21.png	
CEVR	   1	 149	   9	   0	1.317445e+03	 142	   0	2.548711e-01	3.623539e+01	1219	 102	 101	  97	 114	fear	fear_7.png	
CEVR	   1	 150	   9	   0	1.324124e+03	 147	   0	2.575577e-01	3.777267e+01	1272	 102	 101	  97	 114	fear	fear_18.png	
CEVR	   1	 151	   9	   0	1.330614e+03	 133	   0	2.695109e-01	3.592196e+01	1495	 102	 101	  97	 114	fear	fear_3.png	
CEVR	   1	 152	   9	   0	1.337190e+03	 150	   0	2.471374e-01	  37	1060	 102	 101	  97	 114	fear	fear_19.png	
CEVR	   1	 153	   9	   0	1.342886e+03	 156	   0	2.399037e-01	3.747981e+01	 902	 102	 101	  97	 114	fear	fear_12.png	
CEVR	   1	 154	   9	   0	1.350157e+03	  91	   0	3.990755e-01	3.620185e+01	3055	 102	 101	  97	 114	fear	fear_16.png	
CEVR	   1	 155	   9	   0	1.356755e+03	  92	   0	3.818932e-01	3.509053e+01	2909	 102	 101	  97	 114	fear	fear_2.png	
CEVR	   1	 156	   9	   0	1.363749e+03	  77	  77	4.626652e-01	3.561200e+01	3501	 102	 101	  97	 114	fear	fear_15.png	
CEVR	   1	 157	   9	   0	1.371653e+03	  73	  73	5.017435e-01	3.649826e+01	3719	 102	 101	  97	 114	fear	fear_1.png	
CEVR	   1	 158	   9	   0	1.379988e+03	  72	  72	5.140929e-01	3.700000e+01	3781	 102	 101	  97	 114	fear	fear_13.png	
CEVR	   1	 159	   9	   0	1.387634e+03	  82	   0	4.805195e-01	3.940260e+01	3605	 102	 101	  97	 114	fear	fear_6.png	
CEVR	   1	 160	   9	   0	1.394224e+03	 162	   0	2.229299e-01	3.610828e+01	 491	 102	 101	  97	 114	fear	fear_11.png	
CEVR	   1	 161	   9	   0	1.399906e+03	 153	   0	2.383582e-01	3.652328e+01	 867	 102	 101	  97	 114	fear	fear_17.png	
CEVR	   1	 162	   9	   0	1.406547e+03	 146	   0	2.534743e-01	  37	1191	 102	 101	  97	 114	fear	fear_9.png	
CEVR	   1	 163	   9	   0	1.413208e+03	 133	   0	2.764731e-01	3.672353e+01	1616	 102	 101	  97	 114	fear	fear_8.png	
CEVR	   1	 164	   9	   0	1.421712e+03	  72	   0	5.013550e-01	3.599729e+01	3717	 102	 101	  97	 114	fear	fear_10.png	
CEVR	   1	 165	   9	   0	1.429228e+03	  87	   0	4.376479e-01	3.787530e+01	3341	 102	 101	  97	 114	fear	fear_20.png	
CEVR	   1	 166	   9	   0	1.436232e+03	  99	   0	3.827963e-01	3.776559e+01	2917	 102	 101	  97	 114	fear	fear_14.png	
CEVR	   1	 167	   9	   0	1.442771e+03	 109	 109	3.304414e-01	3.600868e+01	2381	 102	 101	  97	 114	fear	fear_4.png	
CEVR	   1	 168	   9	   0	1.450859e+03	 114	 114	3.393606e-01	3.869680e+01	2484	 102	 101	  97	 114	fear	fear_5.png	
DEV	   1	 169	   8	   0	1.521338e+03	  74	   0	4.687860e-01	3.468794e+01	1996	 115	  99	 114	  97	 109	scram	scram_13.png	
DEV	   1	 170	   8	   0	1.526676e+03	  77	  77	6.955402e-01	5.355989e+01	 781	 115	  99	 114	  97	 109	scram	scram_11.png	
DEV	   1	 171	   8	   0	1.533570e+03	  71	  71	6.703548e-01	4.740407e+01	 890	 115	  99	 114	  97	 109	scram	scram_9.png	
DEV	   1	 172	   8	   0	1.540037e+03	  73	   0	6.817935e-01	5.004049e+01	 840	 115	  99	 114	  97	 109	scram	scram_16.png	
DEV	   1	 173	   8	   0	1.546349e+03	  68	   0	7.569234e-01	5.158259e+01	 530	 115	  99	 114	  97	 109	scram	scram_3.png	
DEV	   1	 174	   8	   0	1.552674e+03	  78	  78	5.372252e-01	4.201825e+01	1556	 115	  99	 114	  97	 109	scram	scram_10.png	
DEV	   1	 175	   8	   0	1.559131e+03	  74	  74	5.263338e-01	3.920830e+01	1620	 115	  99	 114	  97	 109	scram	scram_20.png	
DEV	   1	 176	   8	   0	1.565671e+03	  77	  77	5.322493e-01	4.116481e+01	1585	 115	  99	 114	  97	 109	scram	scram_4.png	
DEV	   1	 177	   8	   0	1.572936e+03	  79	  79	5.239949e-01	4.116158e+01	1634	 115	  99	 114	  97	 109	scram	scram_17.png	
DEV	   1	 178	   8	   0	1.579624e+03	  77	   0	5.169086e-01	3.966547e+01	1677	 115	  99	 114	  97	 109	scram	scram_8.png	
DEV	   1	 179	   8	   0	1.587605e+03	  79	  79	4.108170e-01	3.229113e+01	2466	 115	  99	 114	  97	 109	scram	scram_19.png	
DEV	   1	 180	   8	   0	1.595246e+03	  82	  82	3.983277e-01	3.265019e+01	2584	 115	  99	 114	  97	 109	scram	scram_21.png	
DEV	   1	 181	   8	   0	1.602171e+03	  84	   0	3.817279e-01	3.224345e+01	2752	 115	  99	 114	  97	 109	scram	scram_15.png	
DEV	   1	 182	   8	   0	1.608769e+03	  83	  83	4.072500e-01	3.368199e+01	2499	 115	  99	 114	  97	 109	scram	scram_1.png	
DEV	   1	 183	   8	   0	1.615463e+03	  82	  82	4.081093e-01	3.333473e+01	2491	 115	  99	 114	  97	 109	scram	scram_12.png	
DEV	   1	 184	   8	   0	1.622690e+03	  87	   0	3.301946e-01	2.875401e+01	3357	 115	  99	 114	  97	 109	scram	scram_7.png	
DEV	   1	 185	   8	   0	1.630557e+03	  83	  83	4.144438e-01	3.460500e+01	2433	 115	  99	 114	  97	 109	scram	scram_14.png	
DEV	   1	 186	   8	   0	1.636937e+03	  82	  82	4.112534e-01	3.355400e+01	2462	 115	  99	 114	  97	 109	scram	scram_2.png	
DEV	   1	 187	   8	   0	1.643486e+03	  79	  79	4.182447e-01	3.320376e+01	2399	 115	  99	 114	  97	 109	scram	scram_18.png	
DEV	   1	 188	   8	   0	1.650182e+03	  78	  78	4.081093e-01	3.170230e+01	2491	 115	  99	 114	  97	 109	scram	scram_5.png	
DEV	   1	 189	   8	   0	1.657482e+03	  80	  80	4.071429e-01	3.245297e+01	2500	 115	  99	 114	  97	 109	scram	scram_6.png	
DEV	   1	 190	   8	   0	1.664198e+03	  82	   0	4.040581e-01	3.305166e+01	2529	 115	  99	 114	  97	 109	scram	scram_8.png	
DEV	   1	 191	   8	   0	1.670823e+03	  82	   0	4.239560e-01	3.486008e+01	2349	 115	  99	 114	  97	 109	scram	scram_7.png	
DEV	   1	 192	   8	   0	1.678326e+03	  84	  84	3.186362e-01	2.690649e+01	3506	 115	  99	 114	  97	 109	scram	scram_15.png	
DEV	   1	 193	   8	   0	1.685768e+03	  80	   0	3.129494e-01	2.491612e+01	3580	 115	  99	 114	  97	 109	scram	scram_16.png	
DEV	   1	 194	   8	   0	1.693611e+03	  83	   0	3.280062e-01	2.727397e+01	3385	 115	  99	 114	  97	 109	scram	scram_2.png	
DEV	   1	 195	   8	   0	1.701129e+03	  83	   0	3.165590e-01	2.611822e+01	3533	 115	  99	 114	  97	 109	scram	scram_18.png	
DEV	   1	 196	   8	   0	1.707024e+03	  73	   0	7.676329e-01	5.588388e+01	 488	 115	  99	 114	  97	 109	scram	scram_3.png	
DEV	   1	 197	   8	   0	1.712910e+03	  77	  77	5.523805e-01	4.243653e+01	1470	 115	  99	 114	  97	 109	scram	scram_6.png	
DEV	   1	 198	   8	   0	1.719197e+03	  73	   0	5.525602e-01	4.023755e+01	1469	 115	  99	 114	  97	 109	scram	scram_20.png	
DEV	   1	 199	   8	   0	1.726761e+03	  81	  81	5.258313e-01	4.233265e+01	1623	 115	  99	 114	  97	 109	scram	scram_13.png	
DEV	   1	 200	   8	   0	1.733688e+03	  74	  74	5.055264e-01	3.742425e+01	1748	 115	  99	 114	  97	 109	scram	scram_9.png	
DEV	   1	 201	   8	   0	1.739871e+03	  75	  75	5.191997e-01	3.877221e+01	1663	 115	  99	 114	  97	 109	scram	scram_5.png	
DEV	   1	 202	   8	   0	1.747109e+03	  77	   0	5.019233e-01	3.871023e+01	1771	 115	  99	 114	  97	 109	scram	scram_11.png	
DEV	   1	 203	   8	   0	1.753789e+03	  78	   0	5.206808e-01	4.042498e+01	1654	 115	  99	 114	  97	 109	scram	scram_19.png	
DEV	   1	 204	   8	   0	1.761439e+03	  80	   0	4.203978e-01	3.376923e+01	2380	 115	  99	 114	  97	 109	scram	scram_4.png	
DEV	   1	 205	   8	   0	1.769502e+03	  84	   0	3.253605e-01	2.740630e+01	3419	 115	  99	 114	  97	 109	scram	scram_1.png	
DEV	   1	 206	   8	   0	1.775732e+03	  70	  70	7.019199e-01	4.900856e+01	 754	 115	  99	 114	  97	 109	scram	scram_14.png	
DEV	   1	 207	   8	   0	1.782317e+03	  70	  70	7.257798e-01	5.088847e+01	 655	 115	  99	 114	  97	 109	scram	scram_10.png	
DEV	   1	 208	   8	   0	1.788442e+03	  75	  75	7.050113e-01	5.268615e+01	 741	 115	  99	 114	  97	 109	scram	scram_21.png	
DEV	   1	 209	   8	   0	1.794457e+03	  71	  71	7.093127e-01	5.008118e+01	 723	 115	  99	 114	  97	 109	scram	scram_12.png	
DEV	   1	 210	   8	   0	1.800918e+03	  74	   0	7.361199e-01	5.432616e+01	 613	 115	  99	 114	  97	 109	scram	scram_17.png	
CEVR	   1	 211	   7	   0	1.871754e+03	 152	   0	2.400816e-01	3.651984e+01	 906	 104	  97	 112	 112	 121	happy	happy_21.png	
CEVR	   1	 212	   7	   0	1.877845e+03	 134	 134	2.798185e-01	3.755964e+01	1672	 104	  97	 112	 112	 121	happy	happy_16.png	
CEVR	   1	 213	   7	   0	1.884448e+03	 133	   0	2.812772e-01	3.728128e+01	1696	 104	  97	 112	 112	 121	happy	happy_9.png	
CEVR	   1	 214	   7	   0	1.890462e+03	 135	 135	2.826894e-01	3.813076e+01	1719	 104	  97	 112	 112	 121	happy	happy_10.png	
CEVR	   1	 215	   7	   0	1.897514e+03	 134	   0	2.751806e-01	  37	1594	 104	  97	 112	 112	 121	happy	happy_8.png	
CEVR	   1	 216	   7	   0	1.904334e+03	 131	   0	2.833698e-01	3.700000e+01	1730	 104	  97	 112	 112	 121	happy	happy_7.png	
CEVR	   1	 217	   7	   0	1.911568e+03	 111	   0	3.285134e-01	3.634297e+01	2358	 104	  97	 112	 112	 121	happy	happy_13.png	
CEVR	   1	 218	   7	   0	1.917827e+03	 157	 157	2.357117e-01	3.700000e+01	 806	 104	  97	 112	 112	 121	happy	happy_14.png	
CEVR	   1	 219	   7	   0	1.924082e+03	 154	   0	2.354117e-01	3.629376e+01	 799	 104	  97	 112	 112	 121	happy	happy_17.png	
CEVR	   1	 220	   7	   0	1.931204e+03	 159	 159	2.325373e-01	3.700000e+01	 731	 104	  97	 112	 112	 121	happy	happy_20.png	
CEVR	   1	 221	   7	   0	1.936683e+03	 160	   0	2.290819e-01	3.654184e+01	 647	 104	  97	 112	 112	 121	happy	happy_6.png	
CEVR	   1	 222	   7	   0	1.942332e+03	 155	   0	2.346865e-01	3.629594e+01	 782	 104	  97	 112	 112	 121	happy	happy_1.png	
CEVR	   1	 223	   7	   0	1.949628e+03	 129	   0	2.797580e-01	3.616073e+01	1671	 104	  97	 112	 112	 121	happy	happy_19.png	
CEVR	   1	 224	   7	   0	1.955888e+03	 109	   0	3.326483e-01	3.633470e+01	2407	 104	  97	 112	 112	 121	happy	happy_2.png	
CEVR	   1	 225	   7	   0	1.963729e+03	  81	  81	4.388343e-01	3.568350e+01	3349	 104	  97	 112	 112	 121	happy	happy_11.png	
CEVR	   1	 226	   7	   0	1.972177e+03	  79	   0	4.439493e-01	3.522420e+01	3383	 104	  97	 112	 112	 121	happy	happy_3.png	
CEVR	   1	 227	   7	   0	1.979900e+03	  87	   0	4.361738e-01	3.787235e+01	3331	 104	  97	 112	 112	 121	happy	happy_5.png	
CEVR	   1	 228	   7	   0	1.987300e+03	  74	   0	4.952199e-01	3.650478e+01	3685	 104	  97	 112	 112	 121	happy	happy_12.png	
CEVR	   1	 229	   7	   0	1.993332e+03	 114	   0	3.279311e-01	3.732793e+01	2351	 104	  97	 112	 112	 121	happy	happy_18.png	
CEVR	   1	 230	   7	   0	2.000512e+03	 105	   0	3.542123e-01	3.735421e+01	2644	 104	  97	 112	 112	 121	happy	happy_4.png	
CEVR	   1	 231	   7	   0	2.006890e+03	 159	   0	2.287986e-01	3.631360e+01	 640	 104	  97	 112	 112	 121	happy	happy_15.png	
CEVR	   1	 232	   7	   0	2.014063e+03	 130	 130	2.772426e-01	3.616827e+01	1629	 104	  97	 112	 112	 121	happy	happy_20.png	
CEVR	   1	 233	   7	   0	2.021012e+03	 136	   0	2.744807e-01	3.727448e+01	1582	 104	  97	 112	 112	 121	happy	happy_15.png	
CEVR	   1	 234	   7	   0	2.027119e+03	 160	   0	2.311262e-01	  37	 697	 104	  97	 112	 112	 121	happy	happy_2.png	
CEVR	   1	 235	   7	   0	2.033809e+03	 135	   0	2.792754e-01	3.783783e+01	1663	 104	  97	 112	 112	 121	happy	happy_8.png	
CEVR	   1	 236	   7	   0	2.040699e+03	 146	   0	2.569954e-01	3.751399e+01	1261	 104	  97	 112	 112	 121	happy	happy_18.png	
CEVR	   1	 237	   7	   0	2.048260e+03	 114	   0	3.325629e-01	3.799769e+01	2406	 104	  97	 112	 112	 121	happy	happy_21.png	
CEVR	   1	 238	   7	   0	2.054077e+03	 158	   0	2.312500e-01	3.653750e+01	 700	 104	  97	 112	 112	 121	happy	happy_12.png	
CEVR	   1	 239	   7	   0	2.061874e+03	  82	   0	4.582449e-01	3.745824e+01	3474	 104	  97	 112	 112	 121	happy	happy_4.png	
CEVR	   1	 240	   7	   0	2.069168e+03	 102	 102	3.775510e-01	3.851020e+01	2870	 104	  97	 112	 112	 121	happy	happy_13.png	
CEVR	   1	 241	   7	   0	2.076722e+03	  93	  93	3.908844e-01	3.621823e+01	2987	 104	  97	 112	 112	 121	happy	happy_19.png	
CEVR	   1	 242	   7	   0	2.084028e+03	 101	   0	3.799883e-01	3.851995e+01	2892	 104	  97	 112	 112	 121	happy	happy_11.png	
CEVR	   1	 243	   7	   0	2.090551e+03	 114	   0	3.259502e-01	  37	2327	 104	  97	 112	 112	 121	happy	happy_16.png	
CEVR	   1	 244	   7	   0	2.097558e+03	  97	   0	3.800998e-01	3.700000e+01	2893	 104	  97	 112	 112	 121	happy	happy_6.png	
CEVR	   1	 245	   7	   0	2.105186e+03	  85	   0	4.364678e-01	  37	3333	 104	  97	 112	 112	 121	happy	happy_17.png	
CEVR	   1	 246	   7	   0	2.111432e+03	 129	   0	2.859351e-01	3.700000e+01	1771	 104	  97	 112	 112	 121	happy	happy_14.png	
CEVR	   1	 247	   7	   0	2.118237e+03	 157	 157	2.307966e-01	3.630761e+01	 689	 104	  97	 112	 112	 121	happy	happy_7.png	
CEVR	   1	 248	   7	   0	2.124476e+03	 154	 154	2.336280e-01	3.606549e+01	 757	 104	  97	 112	 112	 121	happy	happy_9.png	
CEVR	   1	 249	   7	   0	2.130074e+03	 160	   0	2.299769e-01	3.677002e+01	 669	 104	  97	 112	 112	 121	happy	happy_1.png	
CEVR	   1	 250	   7	   0	2.137250e+03	 144	   0	2.553233e-01	3.674468e+01	1228	 104	  97	 112	 112	 121	happy	happy_10.png	
CEVR	   1	 251	   7	   0	2.144663e+03	  98	   0	3.812187e-01	3.738122e+01	2903	 104	  97	 112	 112	 121	happy	happy_3.png	
CEVR	   1	 252	   7	   0	2.152501e+03	  88	   0	4.394299e-01	3.875772e+01	3353	 104	  97	 112	 112	 121	happy	happy_5.png	
#09-Jul-2013
IEV	   2	 253	   6	   0	5.906180e+01	  27	  27	8.596280e-01	2.316517e+01	1121	 115	  99	 114	  97	 109	scram	scram_3.png	
IEV	   2	 254	   6	   0	6.509964e+01	  20	  20	8.828445e-01	1.725091e+01	 750	 115	  99	 114	  97	 109	scram	scram_17.png	
IEV	   2	 255	   6	   0	7.071235e+01	  29	  29	8.244029e-01	2.387021e+01	1500	 115	  99	 114	  97	 109	scram	scram_18.png	
IEV	   2	 256	   6	   0	7.738874e+01	  35	  35	7.845449e-01	2.783566e+01	1828	 115	  99	 114	  97	 109	scram	scram_2.png	
IEV	   2	 257	   6	   0	8.519199e+01	  73	  73	6.070536e-01	4.411599e+01	2881	 115	  99	 114	  97	 109	scram	scram_13.png	
IEV	   2	 258	   6	   0	9.195689e+01	 100	 100	5.011103e-01	4.991606e+01	3403	 115	  99	 114	  97	 109	scram	scram_9.png	
IEV	   2	 259	   6	   0	1.000946e+02	 122	 122	4.286829e-01	5.235533e+01	3750	 115	  99	 114	  97	 109	scram	scram_8.png	
IEV	   2	 260	   6	   0	1.081116e+02	 119	   0	4.376568e-01	5.201950e+01	3707	 115	  99	 114	  97	 109	scram	scram_7.png	
IEV	   2	 261	   6	   0	1.153318e+02	  38	  38	7.727159e-01	2.968518e+01	1914	 115	  99	 114	  97	 109	scram	scram_4.png	
IEV	   2	 262	   6	   0	1.230381e+02	  73	   0	6.060744e-01	4.417086e+01	2886	 115	  99	 114	  97	 109	scram	scram_14.png	
IEV	   2	 263	   6	   0	1.294127e+02	  35	  35	7.856170e-01	2.773610e+01	1820	 115	  99	 114	  97	 109	scram	scram_12.png	
IEV	   2	 264	   6	   0	1.365007e+02	  37	   0	7.819793e-01	2.885453e+01	1847	 115	  99	 114	  97	 109	scram	scram_1.png	
IEV	   2	 265	   6	   0	1.429559e+02	  24	  24	8.812159e-01	2.103760e+01	 783	 115	  99	 114	  97	 109	scram	scram_10.png	
IEV	   2	 266	   6	   0	1.486273e+02	  25	   0	8.796632e-01	2.215560e+01	 813	 115	  99	 114	  97	 109	scram	scram_16.png	
IEV	   2	 267	   6	   0	1.543616e+02	  17	  17	8.965755e-01	1.563451e+01	 339	 115	  99	 114	  97	 109	scram	scram_20.png	
IEV	   2	 268	   6	   0	1.600782e+02	  18	  18	8.972263e-01	1.639542e+01	 304	 115	  99	 114	  97	 109	scram	scram_11.png	
IEV	   2	 269	   6	   0	1.652115e+02	  14	  14	8.965951e-01	1.294063e+01	 338	 115	  99	 114	  97	 109	scram	scram_21.png	
IEV	   2	 270	   6	   0	1.720055e+02	  22	  22	8.869951e-01	1.921660e+01	 657	 115	  99	 114	  97	 109	scram	scram_6.png	
IEV	   2	 271	   6	   0	1.787456e+02	  31	  31	8.421309e-01	2.609541e+01	1325	 115	  99	 114	  97	 109	scram	scram_5.png	
IEV	   2	 272	   6	   0	1.859318e+02	  38	  38	7.829277e-01	2.955106e+01	1840	 115	  99	 114	  97	 109	scram	scram_19.png	
IEV	   2	 273	   6	   0	1.933538e+02	  27	  27	8.229864e-01	2.237592e+01	1513	 115	  99	 114	  97	 109	scram	scram_15.png	
IEV	   2	 274	   6	   0	2.011989e+02	  60	  60	6.683071e-01	3.976832e+01	2557	 115	  99	 114	  97	 109	scram	scram_12.png	
IEV	   2	 275	   6	   0	2.089392e+02	 116	   0	4.288915e-01	4.977427e+01	3749	 115	  99	 114	  97	 109	scram	scram_14.png	
IEV	   2	 276	   6	   0	2.163540e+02	  75	  75	5.640104e-01	4.247208e+01	3097	 115	  99	 114	  97	 109	scram	scram_18.png	
IEV	   2	 277	   6	   0	2.248444e+02	  81	  81	5.749026e-01	4.643237e+01	3043	 115	  99	 114	  97	 109	scram	scram_6.png	
IEV	   2	 278	   6	   0	2.319895e+02	  86	   0	5.540620e-01	4.747647e+01	3146	 115	  99	 114	  97	 109	scram	scram_4.png	
IEV	   2	 279	   6	   0	2.389542e+02	  76	   0	5.843160e-01	4.419158e+01	2996	 115	  99	 114	  97	 109	scram	scram_7.png	
IEV	   2	 280	   6	   0	2.461280e+02	  41	   0	7.864178e-01	3.238000e+01	1814	 115	  99	 114	  97	 109	scram	scram_5.png	
IEV	   2	 281	   6	   0	2.517990e+02	  16	  16	8.799267e-01	1.419640e+01	 808	 115	  99	 114	  97	 109	scram	scram_8.png	
IEV	   2	 282	   6	   0	2.582696e+02	  22	   0	8.800316e-01	1.945974e+01	 806	 115	  99	 114	  97	 109	scram	scram_17.png	
IEV	   2	 283	   6	   0	2.641840e+02	  27	  27	8.452841e-01	2.320299e+01	1291	 115	  99	 114	  97	 109	scram	scram_15.png	
IEV	   2	 284	   6	   0	2.714617e+02	  40	  40	7.856170e-01	3.166418e+01	1820	 115	  99	 114	  97	 109	scram	scram_13.png	
IEV	   2	 285	   6	   0	2.786055e+02	  51	   0	7.045610e-01	3.589048e+01	2351	 115	  99	 114	  97	 109	scram	scram_3.png	
IEV	   2	 286	   6	   0	2.854060e+02	  39	   0	7.795236e-01	3.063610e+01	1865	 115	  99	 114	  97	 109	scram	scram_9.png	
IEV	   2	 287	   6	   0	2.913367e+02	  22	  22	8.840236e-01	1.970977e+01	 725	 115	  99	 114	  97	 109	scram	scram_10.png	
IEV	   2	 288	   6	   0	2.973140e+02	  18	  18	8.793977e-01	1.603984e+01	 818	 115	  99	 114	  97	 109	scram	scram_11.png	
IEV	   2	 289	   6	   0	3.039139e+02	  30	  30	8.056574e-01	2.419654e+01	1663	 115	  99	 114	  97	 109	scram	scram_16.png	
IEV	   2	 290	   6	   0	3.106459e+02	  74	   0	5.982092e-01	4.400912e+01	2926	 115	  99	 114	  97	 109	scram	scram_21.png	
IEV	   2	 291	   6	   0	3.175299e+02	  42	   0	7.842761e-01	3.256622e+01	1830	 115	  99	 114	  97	 109	scram	scram_19.png	
IEV	   2	 292	   6	   0	3.239288e+02	  25	  25	8.771476e-01	2.165247e+01	 859	 115	  99	 114	  97	 109	scram	scram_20.png	
IEV	   2	 293	   6	   0	3.303143e+02	  25	  25	8.786983e-01	2.230040e+01	 831	 115	  99	 114	  97	 109	scram	scram_2.png	
IEV	   2	 294	   6	   0	3.367003e+02	  16	  16	8.785896e-01	1.440931e+01	 833	 115	  99	 114	  97	 109	scram	scram_1.png	
CEV	   2	 295	   5	   0	4.049860e+02	  51	  51	7.920000e-01	4.016800e+01	 756	 104	  97	 112	 112	 121	happy	happy_14.png	
CEV	   2	 296	   5	   0	4.102866e+02	  51	  51	7.768571e-01	3.933057e+01	 862	 104	  97	 112	 112	 121	happy	happy_20.png	
CEV	   2	 297	   5	   0	4.161234e+02	  53	  53	7.095714e-01	3.770957e+01	1333	 104	  97	 112	 112	 121	happy	happy_1.png	
CEV	   2	 298	   5	   0	4.223170e+02	  51	  51	6.648571e-01	3.367571e+01	1646	 104	  97	 112	 112	 121	happy	happy_10.png	
CEV	   2	 299	   5	   0	4.294996e+02	  50	  50	7.250000e-01	3.627500e+01	1225	 104	  97	 112	 112	 121	happy	happy_8.png	
CEV	   2	 300	   5	   0	4.360519e+02	  55	  55	6.767143e-01	  37	1563	 104	  97	 112	 112	 121	happy	happy_21.png	
CEV	   2	 301	   5	   0	4.429746e+02	  52	  52	6.565714e-01	3.437371e+01	1704	 104	  97	 112	 112	 121	happy	happy_16.png	
CEV	   2	 302	   5	   0	4.493743e+02	  54	  54	6.347143e-01	3.446114e+01	1857	 104	  97	 112	 112	 121	happy	happy_6.png	
CEV	   2	 303	   5	   0	4.568031e+02	  63	   0	5.405714e-01	3.429714e+01	2516	 104	  97	 112	 112	 121	happy	happy_19.png	
CEV	   2	 304	   5	   0	4.643468e+02	  55	  55	6.505714e-01	3.569886e+01	1746	 104	  97	 112	 112	 121	happy	happy_4.png	
CEV	   2	 305	   5	   0	4.716831e+02	  59	  59	6.530000e-01	3.830600e+01	1729	 104	  97	 112	 112	 121	happy	happy_11.png	
CEV	   2	 306	   5	   0	4.783473e+02	  57	  57	6.451429e-01	  37	1784	 104	  97	 112	 112	 121	happy	happy_12.png	
CEV	   2	 307	   5	   0	4.844890e+02	  53	  53	6.515714e-01	3.439371e+01	1739	 104	  97	 112	 112	 121	happy	happy_13.png	
CEV	   2	 308	   5	   0	4.913294e+02	  61	   0	6.520000e-01	3.960800e+01	1736	 104	  97	 112	 112	 121	happy	happy_2.png	
CEV	   2	 309	   5	   0	4.972000e+02	  45	  45	7.872857e-01	3.542543e+01	 789	 104	  97	 112	 112	 121	happy	happy_5.png	
CEV	   2	 310	   5	   0	5.041682e+02	  50	  50	7.582857e-01	3.775829e+01	 992	 104	  97	 112	 112	 121	happy	happy_3.png	
CEV	   2	 311	   5	   0	5.103657e+02	  50	  50	7.214286e-01	3.627857e+01	1250	 104	  97	 112	 112	 121	happy	happy_17.png	
CEV	   2	 312	   5	   0	5.171666e+02	  53	  53	7.495714e-01	3.999829e+01	1053	 104	  97	 112	 112	 121	happy	happy_15.png	
CEV	   2	 313	   5	   0	5.228778e+02	  50	  50	6.890000e-01	3.424400e+01	1477	 104	  97	 112	 112	 121	happy	happy_18.png	
CEV	   2	 314	   5	   0	5.289337e+02	  47	  47	7.334286e-01	3.479971e+01	1166	 104	  97	 112	 112	 121	happy	happy_7.png	
CEV	   2	 315	   5	   0	5.350719e+02	  55	  55	6.815714e-01	3.768157e+01	1529	 104	  97	 112	 112	 121	happy	happy_9.png	
CEV	   2	 316	   5	   0	5.421455e+02	  62	   0	6.430000e-01	3.957200e+01	1799	 104	  97	 112	 112	 121	happy	happy_21.png	
CEV	   2	 317	   5	   0	5.484834e+02	  54	  54	7.104286e-01	3.842086e+01	1327	 104	  97	 112	 112	 121	happy	happy_10.png	
CEV	   2	 318	   5	   0	5.550787e+02	  57	   0	6.975714e-01	3.979029e+01	1417	 104	  97	 112	 112	 121	happy	happy_16.png	
CEV	   2	 319	   5	   0	5.615801e+02	  54	   0	7.492857e-01	4.074643e+01	1055	 104	  97	 112	 112	 121	happy	happy_14.png	
CEV	   2	 320	   5	   0	5.674822e+02	  49	  49	8.064286e-01	3.941929e+01	 655	 104	  97	 112	 112	 121	happy	happy_1.png	
CEV	   2	 321	   5	   0	5.739415e+02	  44	  44	7.902857e-01	3.462914e+01	 768	 104	  97	 112	 112	 121	happy	happy_5.png	
CEV	   2	 322	   5	   0	5.812755e+02	  42	  42	7.971429e-01	3.381143e+01	 720	 104	  97	 112	 112	 121	happy	happy_4.png	
CEV	   2	 323	   5	   0	5.872708e+02	  50	  50	8.084286e-01	4.023371e+01	 641	 104	  97	 112	 112	 121	happy	happy_2.png	
CEV	   2	 324	   5	   0	5.940711e+02	  46	  46	7.784286e-01	3.544314e+01	 851	 104	  97	 112	 112	 121	happy	happy_6.png	
CEV	   2	 325	   5	   0	6.006651e+02	  49	  49	7.520000e-01	  37	1036	 104	  97	 112	 112	 121	happy	happy_17.png	
CEV	   2	 326	   5	   0	6.064223e+02	  47	   0	7.054286e-01	3.347286e+01	1362	 104	  97	 112	 112	 121	happy	happy_9.png	
CEV	   2	 327	   5	   0	6.128675e+02	  48	   0	7.942857e-01	3.779429e+01	 740	 104	  97	 112	 112	 121	happy	happy_20.png	
CEV	   2	 328	   5	   0	6.196265e+02	  42	  42	8.475714e-01	3.530486e+01	 367	 104	  97	 112	 112	 121	happy	happy_3.png	
CEV	   2	 329	   5	   0	6.254085e+02	  40	  40	8.412857e-01	3.363486e+01	 411	 104	  97	 112	 112	 121	happy	happy_7.png	
CEV	   2	 330	   5	   0	6.309669e+02	  47	  47	8.195714e-01	3.863914e+01	 563	 104	  97	 112	 112	 121	happy	happy_12.png	
CEV	   2	 331	   5	   0	6.381541e+02	  50	  50	8.111429e-01	4.024457e+01	 622	 104	  97	 112	 112	 121	happy	happy_11.png	
CEV	   2	 332	   5	   0	6.437586e+02	  51	  51	8.061429e-01	4.103071e+01	 657	 104	  97	 112	 112	 121	happy	happy_8.png	
CEV	   2	 333	   5	   0	6.504216e+02	  49	   0	7.894286e-01	3.857886e+01	 774	 104	  97	 112	 112	 121	happy	happy_13.png	
CEV	   2	 334	   5	   0	6.569560e+02	  41	  41	8.550000e-01	3.529000e+01	 315	 104	  97	 112	 112	 121	happy	happy_18.png	
CEV	   2	 335	   5	   0	6.626918e+02	  43	  43	8.552857e-01	  37	 313	 104	  97	 112	 112	 121	happy	happy_15.png	
CEV	   2	 336	   5	   0	6.687005e+02	  46	  46	8.627143e-01	3.958814e+01	 261	 104	  97	 112	 112	 121	happy	happy_19.png	
CEVR	   2	 337	   4	   0	7.382221e+02	 161	   0	2.260429e-01	3.632187e+01	 571	 115	  99	 114	  97	 109	scram	scram_12.png	
CEVR	   2	 338	   4	   0	7.446313e+02	 134	   0	2.676726e-01	3.592931e+01	1462	 115	  99	 114	  97	 109	scram	scram_20.png	
CEVR	   2	 339	   4	   0	7.516869e+02	 168	 168	2.178668e-01	3.656427e+01	 356	 115	  99	 114	  97	 109	scram	scram_6.png	
CEVR	   2	 340	   4	   0	7.574086e+02	 169	   0	2.154025e-01	3.635379e+01	 288	 115	  99	 114	  97	 109	scram	scram_17.png	
CEVR	   2	 341	   4	   0	7.635803e+02	 171	   0	2.190460e-01	3.743809e+01	 388	 115	  99	 114	  97	 109	scram	scram_19.png	
CEVR	   2	 342	   4	   0	7.697773e+02	 143	 143	2.663513e-01	3.806541e+01	1438	 115	  99	 114	  97	 109	scram	scram_14.png	
CEVR	   2	 343	   4	   0	7.767619e+02	 142	   0	2.649887e-01	3.752998e+01	1413	 115	  99	 114	  97	 109	scram	scram_3.png	
CEVR	   2	 344	   4	   0	7.835615e+02	 106	 106	3.540186e-01	3.735402e+01	2642	 115	  99	 114	  97	 109	scram	scram_13.png	
CEVR	   2	 345	   4	   0	7.904730e+02	 105	 105	3.562586e-01	3.735626e+01	2665	 115	  99	 114	  97	 109	scram	scram_7.png	
CEVR	   2	 346	   4	   0	7.972250e+02	 104	 104	3.439575e-01	3.562417e+01	2535	 115	  99	 114	  97	 109	scram	scram_2.png	
CEVR	   2	 347	   4	   0	8.044289e+02	 108	 108	3.547945e-01	3.841918e+01	2650	 115	  99	 114	  97	 109	scram	scram_11.png	
CEVR	   2	 348	   4	   0	8.120340e+02	 101	 101	3.549890e-01	3.593503e+01	2652	 115	  99	 114	  97	 109	scram	scram_18.png	
CEVR	   2	 349	   4	   0	8.188346e+02	 104	 104	3.540186e-01	3.664598e+01	2642	 115	  99	 114	  97	 109	scram	scram_21.png	
CEVR	   2	 350	   4	   0	8.261396e+02	 108	 108	3.548918e-01	3.841957e+01	2651	 115	  99	 114	  97	 109	scram	scram_10.png	
CEVR	   2	 351	   4	   0	8.327454e+02	 100	 100	3.549890e-01	3.558004e+01	2652	 115	  99	 114	  97	 109	scram	scram_9.png	
CEVR	   2	 352	   4	   0	8.392180e+02	 106	 106	3.485868e-01	3.700000e+01	2585	 115	  99	 114	  97	 109	scram	scram_5.png	
CEVR	   2	 353	   4	   0	8.462503e+02	 108	 108	3.600222e-01	3.880011e+01	2703	 115	  99	 114	  97	 109	scram	scram_1.png	
CEVR	   2	 354	   4	   0	8.538545e+02	 102	 102	3.545031e-01	3.629099e+01	2647	 115	  99	 114	  97	 109	scram	scram_4.png	
CEVR	   2	 355	   4	   0	8.607950e+02	 100	 100	3.616308e-01	3.627674e+01	2719	 115	  99	 114	  97	 109	scram	scram_8.png	
CEVR	   2	 356	   4	   0	8.685933e+02	 105	   0	3.533424e-01	  37	2635	 115	  99	 114	  97	 109	scram	scram_15.png	
CEVR	   2	 357	   4	   0	8.767357e+02	  80	  80	4.664986e-01	3.746650e+01	3524	 115	  99	 114	  97	 109	scram	scram_16.png	
CEVR	   2	 358	   4	   0	8.848313e+02	  78	   0	4.502782e-01	3.519889e+01	3424	 115	  99	 114	  97	 109	scram	scram_6.png	
CEVR	   2	 359	   4	   0	8.931863e+02	  77	   0	5.074451e-01	3.902978e+01	3748	 115	  99	 114	  97	 109	scram	scram_7.png	
CEVR	   2	 360	   4	   0	8.988183e+02	 162	   0	2.233144e-01	3.610674e+01	 501	 115	  99	 114	  97	 109	scram	scram_1.png	
CEVR	   2	 361	   4	   0	9.054960e+02	 155	   0	2.349419e-01	3.653012e+01	 788	 115	  99	 114	  97	 109	scram	scram_16.png	
CEVR	   2	 362	   4	   0	9.119952e+02	 152	 152	2.459639e-01	3.749193e+01	1035	 115	  99	 114	  97	 109	scram	scram_15.png	
CEVR	   2	 363	   4	   0	9.180063e+02	 145	   0	2.468547e-01	3.576573e+01	1054	 115	  99	 114	  97	 109	scram	scram_10.png	
CEVR	   2	 364	   4	   0	9.244223e+02	 151	   0	2.474207e-01	3.724742e+01	1066	 115	  99	 114	  97	 109	scram	scram_18.png	
CEVR	   2	 365	   4	   0	9.310687e+02	 138	   0	2.710906e-01	3.754218e+01	1523	 115	  99	 114	  97	 109	scram	scram_8.png	
CEVR	   2	 366	   4	   0	9.378009e+02	 123	 123	3.083333e-01	3.792500e+01	2100	 115	  99	 114	  97	 109	scram	scram_13.png	
CEVR	   2	 367	   4	   0	9.451887e+02	 125	   0	3.018648e-01	3.760373e+01	2010	 115	  99	 114	  97	 109	scram	scram_20.png	
CEVR	   2	 368	   4	   0	9.532988e+02	  92	  92	3.990755e-01	3.660092e+01	3055	 115	  99	 114	  97	 109	scram	scram_12.png	
CEVR	   2	 369	   4	   0	9.609096e+02	  96	  96	3.991985e-01	3.819760e+01	3056	 115	  99	 114	  97	 109	scram	scram_17.png	
CEVR	   2	 370	   4	   0	9.681139e+02	  94	   0	3.974831e-01	3.739748e+01	3042	 115	  99	 114	  97	 109	scram	scram_14.png	
CEVR	   2	 371	   4	   0	9.753965e+02	  73	  73	4.792746e-01	3.508290e+01	3598	 115	  99	 114	  97	 109	scram	scram_3.png	
CEVR	   2	 372	   4	   0	9.829931e+02	  71	  71	5.232323e-01	  37	3825	 115	  99	 114	  97	 109	scram	scram_21.png	
CEVR	   2	 373	   4	   0	9.909555e+02	  77	   0	5.088409e-01	3.903536e+01	3755	 115	  99	 114	  97	 109	scram	scram_5.png	
CEVR	   2	 374	   4	   0	9.962245e+02	 171	 171	2.183443e-01	3.743669e+01	 369	 115	  99	 114	  97	 109	scram	scram_19.png	
CEVR	   2	 375	   4	   0	1.002250e+03	 168	 168	2.151878e-01	3.613925e+01	 282	 115	  99	 114	  97	 109	scram	scram_9.png	
CEVR	   2	 376	   4	   0	1.008765e+03	 170	   0	2.217846e-01	3.766535e+01	 461	 115	  99	 114	  97	 109	scram	scram_4.png	
CEVR	   2	 377	   4	   0	1.014482e+03	 174	 174	2.145816e-01	3.742916e+01	 265	 115	  99	 114	  97	 109	scram	scram_2.png	
CEVR	   2	 378	   4	   0	1.020307e+03	 174	 174	2.150806e-01	3.743016e+01	 279	 115	  99	 114	  97	 109	scram	scram_11.png	
IEV	   2	 379	   3	   0	1.090078e+03	  17	  17	8.809108e-01	1.491843e+01	 789	 102	 101	  97	 114	fear	fear_17.png	
IEV	   2	 380	   3	   0	1.096547e+03	  27	  27	8.382022e-01	2.233986e+01	1366	 102	 101	  97	 114	fear	fear_9.png	
IEV	   2	 381	   3	   0	1.104784e+03	 117	   0	4.389097e-01	5.153307e+01	3701	 102	 101	  97	 114	fear	fear_11.png	
IEV	   2	 382	   3	   0	1.111228e+03	  58	  58	6.753485e-01	3.930489e+01	2518	 102	 101	  97	 114	fear	fear_12.png	
IEV	   2	 383	   3	   0	1.118339e+03	  70	   0	6.136877e-01	4.312746e+01	2847	 102	 101	  97	 114	fear	fear_8.png	
IEV	   2	 384	   3	   0	1.126049e+03	  58	  58	6.879594e-01	3.983192e+01	2447	 102	 101	  97	 114	fear	fear_10.png	
IEV	   2	 385	   3	   0	1.132355e+03	  17	  17	8.942939e-01	1.520457e+01	 439	 102	 101	  97	 114	fear	fear_14.png	
IEV	   2	 386	   3	   0	1.139573e+03	  56	  56	6.849650e-01	3.865981e+01	2464	 102	 101	  97	 114	fear	fear_4.png	
IEV	   2	 387	   3	   0	1.146102e+03	  58	  58	6.814217e-01	3.958058e+01	2484	 102	 101	  97	 114	fear	fear_21.png	
IEV	   2	 388	   3	   0	1.154021e+03	  51	  51	6.847883e-01	3.524785e+01	2465	 102	 101	  97	 114	fear	fear_2.png	
IEV	   2	 389	   3	   0	1.161151e+03	  52	  52	7.154918e-01	3.722806e+01	2286	 102	 101	  97	 114	fear	fear_18.png	
IEV	   2	 390	   3	   0	1.168565e+03	  53	  53	6.876080e-01	3.641717e+01	2449	 102	 101	  97	 114	fear	fear_6.png	
IEV	   2	 391	   3	   0	1.174674e+03	  51	  51	6.883107e-01	3.499045e+01	2445	 102	 101	  97	 114	fear	fear_7.png	
IEV	   2	 392	   3	   0	1.181933e+03	  51	  51	7.060897e-01	3.577861e+01	2342	 102	 101	  97	 114	fear	fear_5.png	
IEV	   2	 393	   3	   0	1.189867e+03	  58	  58	6.796419e-01	3.969829e+01	2494	 102	 101	  97	 114	fear	fear_15.png	
IEV	   2	 394	   3	   0	1.197013e+03	  48	  48	7.103107e-01	3.404700e+01	2317	 102	 101	  97	 114	fear	fear_13.png	
IEV	   2	 395	   3	   0	1.203508e+03	  53	  53	6.937260e-01	3.667201e+01	2414	 102	 101	  97	 114	fear	fear_20.png	
IEV	   2	 396	   3	   0	1.210792e+03	  51	  51	6.973633e-01	3.571447e+01	2393	 102	 101	  97	 114	fear	fear_1.png	
IEV	   2	 397	   3	   0	1.217680e+03	  48	   0	6.958076e-01	3.374015e+01	2402	 102	 101	  97	 114	fear	fear_19.png	
IEV	   2	 398	   3	   0	1.224858e+03	  34	  34	7.907733e-01	2.725239e+01	1781	 102	 101	  97	 114	fear	fear_3.png	
IEV	   2	 399	   3	   0	1.231954e+03	  47	  47	7.584237e-01	3.547323e+01	2013	 102	 101	  97	 114	fear	fear_16.png	
IEV	   2	 400	   3	   0	1.238748e+03	  44	  44	7.584237e-01	3.319796e+01	2013	 102	 101	  97	 114	fear	fear_10.png	
IEV	   2	 401	   3	   0	1.246749e+03	  41	  41	7.564946e-01	3.108590e+01	2026	 102	 101	  97	 114	fear	fear_15.png	
IEV	   2	 402	   3	   0	1.253471e+03	  39	   0	7.504840e-01	2.933744e+01	2066	 102	 101	  97	 114	fear	fear_7.png	
IEV	   2	 403	   3	   0	1.259901e+03	  36	  36	7.770436e-01	2.774597e+01	1883	 102	 101	  97	 114	fear	fear_6.png	
IEV	   2	 404	   3	   0	1.266660e+03	  43	  43	7.688887e-01	3.309717e+01	1941	 102	 101	  97	 114	fear	fear_21.png	
IEV	   2	 405	   3	   0	1.272969e+03	  45	  45	7.547032e-01	3.425549e+01	2038	 102	 101	  97	 114	fear	fear_20.png	
IEV	   2	 406	   3	   0	1.279557e+03	  39	  39	7.604878e-01	2.998660e+01	1999	 102	 101	  97	 114	fear	fear_3.png	
IEV	   2	 407	   3	   0	1.286850e+03	  44	  44	7.596049e-01	3.310114e+01	2005	 102	 101	  97	 114	fear	fear_1.png	
IEV	   2	 408	   3	   0	1.294048e+03	  42	  42	7.579796e-01	3.171832e+01	2016	 102	 101	  97	 114	fear	fear_18.png	
IEV	   2	 409	   3	   0	1.300084e+03	  40	  40	7.462103e-01	2.970297e+01	2094	 102	 101	  97	 114	fear	fear_9.png	
IEV	   2	 410	   3	   0	1.307132e+03	  53	  53	7.104787e-01	3.758661e+01	2316	 102	 101	  97	 114	fear	fear_2.png	
IEV	   2	 411	   3	   0	1.314385e+03	  46	  46	7.087955e-01	3.274443e+01	2326	 102	 101	  97	 114	fear	fear_16.png	
IEV	   2	 412	   3	   0	1.321207e+03	  50	  50	6.853181e-01	3.452395e+01	2462	 102	 101	  97	 114	fear	fear_14.png	
IEV	   2	 413	   3	   0	1.328747e+03	  55	  55	6.787500e-01	3.704209e+01	2499	 102	 101	  97	 114	fear	fear_11.png	
IEV	   2	 414	   3	   0	1.335305e+03	  59	  59	6.724693e-01	3.949528e+01	2534	 102	 101	  97	 114	fear	fear_8.png	
IEV	   2	 415	   3	   0	1.342380e+03	  54	  54	6.661248e-01	3.591370e+01	2569	 102	 101	  97	 114	fear	fear_19.png	
IEV	   2	 416	   3	   0	1.349261e+03	  48	  48	6.997741e-01	3.343909e+01	2379	 102	 101	  97	 114	fear	fear_13.png	
IEV	   2	 417	   3	   0	1.355914e+03	  46	  46	7.094695e-01	3.269196e+01	2322	 102	 101	  97	 114	fear	fear_5.png	
IEV	   2	 418	   3	   0	1.363237e+03	  58	  58	6.487837e-01	3.777166e+01	2663	 102	 101	  97	 114	fear	fear_17.png	
IEV	   2	 419	   3	   0	1.370663e+03	  59	  59	6.476625e-01	3.849493e+01	2669	 102	 101	  97	 114	fear	fear_12.png	
IEV	   2	 420	   3	   0	1.378231e+03	  61	  61	6.325582e-01	3.884920e+01	2749	 102	 101	  97	 114	fear	fear_4.png	
DEV	   2	 421	   2	   0	1.446739e+03	  76	  76	7.175035e-01	5.479100e+01	 689	 104	  97	 112	 112	 121	happy	happy_6.png	
DEV	   2	 422	   2	   0	1.453684e+03	  70	  70	8.161847e-01	5.722068e+01	 303	 104	  97	 112	 112	 121	happy	happy_14.png	
DEV	   2	 423	   2	   0	1.459611e+03	  69	  69	7.228491e-01	5.002386e+01	 667	 104	  97	 112	 112	 121	happy	happy_4.png	
DEV	   2	 424	   2	   0	1.465757e+03	  75	  75	7.625181e-01	5.716386e+01	 508	 104	  97	 112	 112	 121	happy	happy_9.png	
DEV	   2	 425	   2	   0	1.471499e+03	  72	  72	7.648164e-01	5.498451e+01	 499	 104	  97	 112	 112	 121	happy	happy_21.png	
DEV	   2	 426	   2	   0	1.477936e+03	  68	  68	7.673765e-01	5.203479e+01	 489	 104	  97	 112	 112	 121	happy	happy_8.png	
DEV	   2	 427	   2	   0	1.484807e+03	  75	  75	8.020535e-01	5.985118e+01	 356	 104	  97	 112	 112	 121	happy	happy_1.png	
DEV	   2	 428	   2	   0	1.491191e+03	  70	  70	7.445831e-01	5.177707e+01	 579	 104	  97	 112	 112	 121	happy	happy_12.png	
DEV	   2	 429	   2	   0	1.497150e+03	  65	  65	8.094976e-01	5.290367e+01	 328	 104	  97	 112	 112	 121	happy	happy_15.png	
DEV	   2	 430	   2	   0	1.503697e+03	  70	   0	7.627732e-01	5.336280e+01	 507	 104	  97	 112	 112	 121	happy	happy_5.png	
DEV	   2	 431	   2	   0	1.510300e+03	  75	   0	6.002663e-01	4.477409e+01	1218	 104	  97	 112	 112	 121	happy	happy_13.png	
DEV	   2	 432	   2	   0	1.517099e+03	  76	  76	4.671232e-01	3.551989e+01	2008	 104	  97	 112	 112	 121	happy	happy_16.png	
DEV	   2	 433	   2	   0	1.524426e+03	  76	   0	4.592302e-01	3.501703e+01	2066	 104	  97	 112	 112	 121	happy	happy_11.png	
DEV	   2	 434	   2	   0	1.530694e+03	  83	  83	4.759685e-01	3.941222e+01	1945	 104	  97	 112	 112	 121	happy	happy_19.png	
DEV	   2	 435	   2	   0	1.537221e+03	  80	  80	4.879166e-01	3.927209e+01	1863	 104	  97	 112	 112	 121	happy	happy_20.png	
DEV	   2	 436	   2	   0	1.544356e+03	  79	   0	4.852511e-01	3.812100e+01	1881	 104	  97	 112	 112	 121	happy	happy_10.png	
DEV	   2	 437	   2	   0	1.551977e+03	  82	  82	4.123482e-01	3.363026e+01	2452	 104	  97	 112	 112	 121	happy	happy_18.png	
DEV	   2	 438	   2	   0	1.559002e+03	  79	   0	4.115812e-01	3.234210e+01	2459	 104	  97	 112	 112	 121	happy	happy_3.png	
DEV	   2	 439	   2	   0	1.566327e+03	  79	  79	4.344945e-01	3.429441e+01	2260	 104	  97	 112	 112	 121	happy	happy_7.png	
DEV	   2	 440	   2	   0	1.572828e+03	  81	   0	4.406325e-01	3.558507e+01	2210	 104	  97	 112	 112	 121	happy	happy_17.png	
DEV	   2	 441	   2	   0	1.579790e+03	  80	   0	3.837331e-01	3.085447e+01	2731	 104	  97	 112	 112	 121	happy	happy_2.png	
DEV	   2	 442	   2	   0	1.586539e+03	  75	  75	4.539235e-01	3.422363e+01	2106	 104	  97	 112	 112	 121	happy	happy_18.png	
DEV	   2	 443	   2	   0	1.594527e+03	  78	  78	4.441402e-01	3.449300e+01	2182	 104	  97	 112	 112	 121	happy	happy_19.png	
DEV	   2	 444	   2	   0	1.601270e+03	  82	   0	4.305301e-01	3.532083e+01	2293	 104	  97	 112	 112	 121	happy	happy_3.png	
DEV	   2	 445	   2	   0	1.607426e+03	  83	   0	4.520921e-01	3.772479e+01	2120	 104	  97	 112	 112	 121	happy	happy_20.png	
DEV	   2	 446	   2	   0	1.614274e+03	  78	   0	4.067147e-01	3.161050e+01	2504	 104	  97	 112	 112	 121	happy	happy_15.png	
DEV	   2	 447	   2	   0	1.622188e+03	  85	   0	3.741647e-01	3.169139e+01	2833	 104	  97	 112	 112	 121	happy	happy_12.png	
DEV	   2	 448	   2	   0	1.629764e+03	  80	  80	5.036414e-01	4.033119e+01	1760	 104	  97	 112	 112	 121	happy	happy_6.png	
DEV	   2	 449	   2	   0	1.635773e+03	  80	  80	4.940792e-01	3.968843e+01	1822	 104	  97	 112	 112	 121	happy	happy_16.png	
DEV	   2	 450	   2	   0	1.642260e+03	  75	  75	5.008349e-01	3.763878e+01	1778	 104	  97	 112	 112	 121	happy	happy_14.png	
DEV	   2	 451	   2	   0	1.649202e+03	  82	  82	4.839274e-01	3.948563e+01	1890	 104	  97	 112	 112	 121	happy	happy_10.png	
DEV	   2	 452	   2	   0	1.655331e+03	  75	   0	4.880654e-01	3.684183e+01	1862	 104	  97	 112	 112	 121	happy	happy_7.png	
DEV	   2	 453	   2	   0	1.663579e+03	  86	   0	3.681006e-01	3.161502e+01	2900	 104	  97	 112	 112	 121	happy	happy_4.png	
DEV	   2	 454	   2	   0	1.669764e+03	  82	  82	4.451519e-01	3.633980e+01	2174	 104	  97	 112	 112	 121	happy	happy_21.png	
DEV	   2	 455	   2	   0	1.676351e+03	  85	   0	4.445191e-01	3.762942e+01	2179	 104	  97	 112	 112	 121	happy	happy_8.png	
DEV	   2	 456	   2	   0	1.682312e+03	  81	  81	4.788369e-01	3.865572e+01	1925	 104	  97	 112	 112	 121	happy	happy_17.png	
DEV	   2	 457	   2	   0	1.688942e+03	  81	   0	4.877679e-01	3.974979e+01	1864	 104	  97	 112	 112	 121	happy	happy_13.png	
DEV	   2	 458	   2	   0	1.696139e+03	  76	   0	4.423799e-01	3.349297e+01	2196	 104	  97	 112	 112	 121	happy	happy_11.png	
DEV	   2	 459	   2	   0	1.703033e+03	  78	   0	4.431328e-01	3.442704e+01	2190	 104	  97	 112	 112	 121	happy	happy_1.png	
DEV	   2	 460	   2	   0	1.709767e+03	  78	  78	4.873222e-01	3.776987e+01	1867	 104	  97	 112	 112	 121	happy	happy_9.png	
DEV	   2	 461	   2	   0	1.716812e+03	  76	  76	4.836341e-01	3.656363e+01	1892	 104	  97	 112	 112	 121	happy	happy_5.png	
DEV	   2	 462	   2	   0	1.723681e+03	  74	   0	4.782609e-01	3.526867e+01	1929	 104	  97	 112	 112	 121	happy	happy_2.png	
CEV	   2	 463	   1	   0	1.792980e+03	  48	   0	7.992857e-01	3.859857e+01	 705	 102	 101	  97	 114	fear	fear_5.png	
CEV	   2	 464	   1	   0	1.800327e+03	  49	   0	7.152857e-01	3.485414e+01	1293	 102	 101	  97	 114	fear	fear_11.png	
CEV	   2	 465	   1	   0	1.807280e+03	  46	  46	8.565714e-01	3.956971e+01	 304	 102	 101	  97	 114	fear	fear_8.png	
CEV	   2	 466	   1	   0	1.813409e+03	  42	  42	8.630000e-01	3.613700e+01	 259	 102	 101	  97	 114	fear	fear_21.png	
CEV	   2	 467	   1	   0	1.819189e+03	  47	  47	8.494286e-01	3.954829e+01	 354	 102	 101	  97	 114	fear	fear_4.png	
CEV	   2	 468	   1	   0	1.825074e+03	  38	  38	8.760000e-01	3.349600e+01	 168	 102	 101	  97	 114	fear	fear_9.png	
CEV	   2	 469	   1	   0	1.831517e+03	  45	  45	8.591429e-01	3.871829e+01	 286	 102	 101	  97	 114	fear	fear_17.png	
CEV	   2	 470	   1	   0	1.837400e+03	  45	  45	8.481429e-01	3.784814e+01	 363	 102	 101	  97	 114	fear	fear_16.png	
CEV	   2	 471	   1	   0	1.843191e+03	  43	  43	8.455714e-01	3.615443e+01	 381	 102	 101	  97	 114	fear	fear_2.png	
CEV	   2	 472	   1	   0	1.849157e+03	  41	  41	8.542857e-01	3.529143e+01	 320	 102	 101	  97	 114	fear	fear_10.png	
CEV	   2	 473	   1	   0	1.855395e+03	  46	  46	8.611429e-01	3.958343e+01	 272	 102	 101	  97	 114	fear	fear_19.png	
CEV	   2	 474	   1	   0	1.860840e+03	  43	  43	8.590000e-01	  37	 287	 102	 101	  97	 114	fear	fear_6.png	
CEV	   2	 475	   1	   0	1.867271e+03	  49	  49	8.350000e-01	4.117500e+01	 455	 102	 101	  97	 114	fear	fear_13.png	
CEV	   2	 476	   1	   0	1.873525e+03	  39	   0	8.620000e-01	3.355200e+01	 266	 102	 101	  97	 114	fear	fear_7.png	
CEV	   2	 477	   1	   0	1.878851e+03	  47	  47	8.074286e-01	3.780743e+01	 648	 102	 101	  97	 114	fear	fear_1.png	
CEV	   2	 478	   1	   0	1.884964e+03	  51	  51	8.112857e-01	4.105643e+01	 621	 102	 101	  97	 114	fear	fear_14.png	
CEV	   2	 479	   1	   0	1.891690e+03	  48	  48	8.077143e-01	3.861543e+01	 646	 102	 101	  97	 114	fear	fear_20.png	
CEV	   2	 480	   1	   0	1.897387e+03	  44	  44	8.157143e-01	3.618429e+01	 590	 102	 101	  97	 114	fear	fear_18.png	
CEV	   2	 481	   1	   0	1.903678e+03	  40	  40	8.180000e-01	3.291000e+01	 574	 102	 101	  97	 114	fear	fear_15.png	
CEV	   2	 482	   1	   0	1.909728e+03	  43	  43	8.037143e-01	3.458886e+01	 674	 102	 101	  97	 114	fear	fear_12.png	
CEV	   2	 483	   1	   0	1.916928e+03	  46	   0	7.870000e-01	3.621300e+01	 791	 102	 101	  97	 114	fear	fear_3.png	
CEV	   2	 484	   1	   0	1.923658e+03	  48	  48	8.068571e-01	3.861371e+01	 652	 102	 101	  97	 114	fear	fear_2.png	
CEV	   2	 485	   1	   0	1.930042e+03	  41	   0	8.484286e-01	3.445471e+01	 361	 102	 101	  97	 114	fear	fear_3.png	
CEV	   2	 486	   1	   0	1.936762e+03	  44	   0	8.098571e-01	3.538029e+01	 631	 102	 101	  97	 114	fear	fear_19.png	
CEV	   2	 487	   1	   0	1.942673e+03	  41	  41	8.412857e-01	3.447614e+01	 411	 102	 101	  97	 114	fear	fear_20.png	
CEV	   2	 488	   1	   0	1.948371e+03	  40	  40	8.444286e-01	3.362229e+01	 389	 102	 101	  97	 114	fear	fear_13.png	
CEV	   2	 489	   1	   0	1.954096e+03	  41	  41	8.374286e-01	3.448771e+01	 438	 102	 101	  97	 114	fear	fear_18.png	
CEV	   2	 490	   1	   0	1.959952e+03	  56	  56	6.852857e-01	3.837057e+01	1503	 102	 101	  97	 114	fear	fear_16.png	
CEV	   2	 491	   1	   0	1.966926e+03	  59	  59	6.518571e-01	3.830371e+01	1737	 102	 101	  97	 114	fear	fear_7.png	
CEV	   2	 492	   1	   0	1.974594e+03	  73	  73	5.104286e-01	3.751043e+01	2727	 102	 101	  97	 114	fear	fear_5.png	
CEV	   2	 493	   1	   0	1.981851e+03	  97	   0	3.997143e-01	3.859886e+01	3502	 102	 101	  97	 114	fear	fear_14.png	
CEV	   2	 494	   1	   0	1.988741e+03	  71	   0	5.330000e-01	3.806600e+01	2569	 102	 101	  97	 114	fear	fear_15.png	
CEV	   2	 495	   1	   0	1.995078e+03	  53	  53	6.912857e-01	3.630871e+01	1461	 102	 101	  97	 114	fear	fear_17.png	
CEV	   2	 496	   1	   0	2.001799e+03	  54	  54	6.958571e-01	3.769586e+01	1429	 102	 101	  97	 114	fear	fear_12.png	
CEV	   2	 497	   1	   0	2.008119e+03	  51	  51	6.960000e-01	3.560800e+01	1428	 102	 101	  97	 114	fear	fear_11.png	
CEV	   2	 498	   1	   0	2.013947e+03	  53	  53	6.937143e-01	  37	1444	 102	 101	  97	 114	fear	fear_9.png	
CEV	   2	 499	   1	   0	2.020672e+03	  56	   0	6.948571e-01	3.908457e+01	1436	 102	 101	  97	 114	fear	fear_6.png	
CEV	   2	 500	   1	   0	2.027343e+03	  43	  43	7.671429e-01	3.316429e+01	 930	 102	 101	  97	 114	fear	fear_1.png	
CEV	   2	 501	   1	   0	2.033788e+03	  44	   0	7.748571e-01	3.390057e+01	 876	 102	 101	  97	 114	fear	fear_21.png	
CEV	   2	 502	   1	   0	2.039756e+03	  48	  48	8.541429e-01	4.127071e+01	 321	 102	 101	  97	 114	fear	fear_8.png	
CEV	   2	 503	   1	   0	2.046116e+03	  49	  49	8.280000e-01	4.031200e+01	 504	 102	 101	  97	 114	fear	fear_4.png	
CEV	   2	 504	   1	   0	2.052256e+03	  48	  48	8.051429e-01	3.861029e+01	 664	 102	 101	  97	 114	fear	fear_10.png	
